Car 0.9489025473594666 780.7258911132812 174.46316528320312 957.9812622070312 270.2890930175781
Car 0.9339473843574524 146.39163208007812 198.33335876464844 334.7616882324219 287.55120849609375
Car 0.9317242503166199 596.3738403320312 182.2528533935547 666.573974609375 247.0084686279297
Car 0.8673000931739807 72.22509002685547 186.29676818847656 197.4657440185547 242.532470703125
Car 0.8118571043014526 340.0636291503906 181.80462646484375 397.1266174316406 225.57595825195312
Car 0.792424738407135 450.244140625 183.84136962890625 507.61492919921875 221.90200805664062
Car 0.7909605503082275 527.4573974609375 181.2559356689453 560.9050903320312 206.40399169921875
Car 0.7681581974029541 674.7815551757812 183.75830078125 713.27880859375 219.235107421875
Car 0.7673399448394775 411.38360595703125 183.9781494140625 451.87969970703125 212.29782104492188
Car 0.7539023160934448 705.6492919921875 181.28543090820312 791.4523315429688 228.47010803222656
