Pedestrian 0.9138497710227966 867.5623779296875 171.1052703857422 909.132568359375 281.5255432128906
Pedestrian 0.9081131219863892 740.7320556640625 181.25474548339844 788.4591674804688 313.0142517089844
Pedestrian 0.9018388986587524 373.9209289550781 172.23660278320312 413.79608154296875 284.8547668457031
Car 0.8977043032646179 551.8609619140625 181.16830444335938 598.6655883789062 217.06045532226562
Pedestrian 0.8855156302452087 296.1112365722656 174.73898315429688 334.70843505859375 246.45994567871094
Pedestrian 0.8804460167884827 915.1585083007812 173.38043212890625 953.5745849609375 289.9216003417969
Pedestrian 0.86613529920578 687.1762084960938 181.52235412597656 722.7301025390625 272.1421203613281
DontCare 0.8428422808647156 0.593645453453064 232.316162109375 51.39402770996094 321.4106750488281
DontCare 0.8215332627296448 50.79152297973633 219.8922882080078 166.3315887451172 288.94293212890625
Pedestrian 0.8110318779945374 644.2965698242188 172.84947204589844 664.9644775390625 244.33346557617188
Pedestrian 0.8069726824760437 716.2273559570312 179.63949584960938 747.4599609375 285.047119140625
DontCare 0.7955737113952637 291.23956298828125 244.75558471679688 357.6888122558594 288.071044921875
