Vehicle 0.8483425245612648 194.55544039607048 191.05316698551178 425.8398724794388 338.7928158044815 
Vehicle 0.8421501656755102 780.2289830446243 188.64396214485168 1009.0311312675476 336.8134796619415 
Vehicle 0.6621971961058969 717.7312105894089 182.67452716827393 831.9824130535126 274.16977286338806 
Vehicle 0.644558519678042 495.74046778678894 175.56897550821304 534.2141742110252 201.2491598725319 
Vehicle 0.12314230225454396 561.4 166.1 594.2 192.5 
Vehicle 0.12314230225454396 608.86 161.22 652.94 200.21 
Vehicle 0.12314230225454396 356.84 149.92 498.7 257.85 
Vehicle 0.12314230225454396 704.36 173.65 777.81 241.46 
Vehicle 0.12314230225454396 781.2 147.66 875.0 180.43 
Vehicle 0.12314230225454396 661.98 151.61 703.2300000000001 184.95 
Vehicle 0.12314230225454396 195.24 139.18 369.28000000000003 217.16 
