Vehicle 0.8516937920563292 553.5310342311859 180.69150298833847 694.2654340267181 314.99527394771576 
Vehicle 0.8096129486760685 1133.3484967947006 242.71157383918762 1240.211978316307 372.1906766295433 
Vehicle 0.8092647959403271 1151.7713459730148 180.12592568993568 1240.4297715425491 225.63759237527847 
Vehicle 0.7580641404095344 960.5073630809784 183.83078277111053 1104.0524207353592 226.78902000188828 
Vehicle 0.5956939703650678 286.0799530148506 195.96853852272034 337.6759604215622 221.67476266622543 
Don't Care 0.5930423990747884 599.029296875 0.0 632.7578735351562 30.761098861694336 
Don't Care 0.4761664969102557 389.27630615234375 101.88758087158203 401.6235046386719 125.83287048339844 
Don't Care 0.4654409589198393 953.3344726562499 81.1717758178711 976.67822265625 143.09820556640625 
Vehicle 0.1270825922985912 338.76 190.6 391.88 219.40000000000003 
Vehicle 0.1270825922985912 396.4 187.78 456.2900000000001 212.64 
