Vehicle 0.7934183129185451 343.38862788677216 181.7648783326149 413.28463339805603 222.94342517852783 
Vehicle 0.7030974985928 722.5368010997772 168.81250217556953 755.4676254987717 196.893610060215 
Vehicle 0.6999581576548252 636.9413981437683 171.13279178738594 682.5677465200424 203.43491435050964 
Vehicle 0.6056226535925942 1168.1734263896942 155.07644042372704 1208.4470361471176 177.50930786132812 
Vehicle 0.12896523264947826 1108.08 157.21 1148.73 181.92 
Vehicle 0.12896523264947826 892.04 152.42 918.35 173.95 
Vehicle 0.12896523264947826 691.16 169.17 719.8500000000001 193.08 
Vehicle 0.12896523264947826 1045.1 156.41 1084.96 179.53 
Vehicle 0.12896523264947826 841.82 156.41 876.9 179.53 
Vehicle 0.12896523264947826 483.09 177.14 526.94 209.02 
Vehicle 0.12896523264947826 534.11 173.95 558.03 197.86 
