Person 0.767960729958104 656.0310401916504 147.79560834169388 700.9748339653015 262.6379108428955 
Person 0.7351304002426774 588.7337572574615 146.0250586271286 620.0033555030823 225.4936707019806 
Person 0.7129939414402636 551.58247590065 132.48255372047424 579.4029657840729 227.02916085720062 
Vehicle 0.6262571081832576 0.8562089800834656 96.32685089111328 262.0947570800781 363.9032897949219 
Person 0.12364329927508631 407.14 137.64 428.38 194.28 
Person 0.12364329927508631 356.01 143.15 387.48 177.76 
Person 0.12364329927508631 304.09 217.88 414.22 294.18 
Person 0.12364329927508631 289.93 145.51 334.77 207.65 
Person 0.12364329927508631 506.26 143.15 522.78 184.05 
Person 0.12364329927508631 437.82 137.64 462.21 202.93 
Person 0.12364329927508631 371.74 187.2 486.59 272.16 
Person 0.12364329927508631 655.72 154.16 668.3099999999998 211.59 
