Person 0.7791058494597158 807.9793782234192 156.36731535196304 865.308051109314 300.42133390903473 
Person 0.11937047913455065 255.92 187.50000000000003 278.57 278.12 
Person 0.11937047913455065 280.84 193.16 306.89 281.52 
Person 0.11937047913455065 308.0199999999999 196.56 338.61 282.65 
Person 0.11937047913455065 339.74 192.03 363.53 282.65 
Person 0.11937047913455065 365.79 193.16 419.03 287.18 
Person 0.11937047913455065 868.73 176.17 893.65 279.25 
Person 0.11937047913455065 897.05 188.63 923.11 288.31 
Person 0.11937047913455065 919.71 185.23 957.09 280.38 
Person 0.11937047913455065 965.02 180.7 1052.24 276.99 
