Vehicle 0.8447566551173319 339.68086981773376 179.98241513967514 485.36085748672485 273.8331061601639 
Person 0.7090786546806223 568.9071021080017 160.4245600104332 595.1368210315704 225.33790528774261 
Person 0.6789898063177057 244.01723957061768 175.79097360372543 271.1323353052139 239.5906502008438 
Person 0.6549772553268923 212.77525520324707 169.57093179225922 244.57841777801514 247.0148140192032 
Don't Care 0.6195416789218087 1088.7855224609375 162.19830322265625 1190.5042724609375 213.37144470214847 
Don't Care 0.492759233009235 286.388671875 201.49349975585938 346.2757873535156 239.93719482421872 
Person 0.12785571052433525 1084.94 132.77 1191.79 214.47 
Person 0.12785571052433525 997.74 134.34 1064.51 201.9 
Person 0.12785571052433525 280.46 165.76 349.6 237.24999999999997 
Person 0.12785571052433525 194.83000000000004 179.9 220.76 235.67999999999998 
Person 0.12785571052433525 794.26 153.98 831.97 196.4 
Vehicle 0.12785571052433525 619.07 157.12 643.42 178.33 
Vehicle 0.12785571052433525 475.3 165.76 500.44 194.83 
