Vehicle 0.8386256673511393 729.6888138055801 198.57792556285858 979.2811836004257 360.70407181978226 
Vehicle 0.8165357492297901 0.6743043571477756 198.90043884515762 413.98250448703766 370.56150287389755 
Vehicle 0.7912743743132229 333.67909938097 190.9569650888443 488.18414586782455 321.9699561595917 
Vehicle 0.7822576568034371 687.9919230937958 185.16045436263084 793.4080642461777 267.0833542943001 
Vehicle 0.7527646570213437 444.9485260248184 189.90299105644226 522.4695893526077 267.07765460014343 
Vehicle 0.7152033429579869 657.0484063625336 186.7556981742382 714.6273239850998 241.32589995861053 
Vehicle 0.6905238389993121 978.5704345703125 252.4481201171875 1239.992431640625 372.7247009277344 
Vehicle 0.6317268443050296 516.3060854673386 183.79558995366096 561.6542699933052 221.03530168533325 
Vehicle 0.12082821695317114 541.96 174.26 579.41 209.03 
Vehicle 0.12082821695317114 566.92 176.04 600.81 206.4 
Vehicle 0.12082821695317114 607.05 181.39 635.5800000000002 200.12 
