Person 0.7629857658707397 1051.4126418828964 204.98060435056686 1121.9075417518616 306.38444423675537 
Person 0.7407193106926973 849.8951286077499 162.59963437914848 900.5876494646072 272.37993478775024 
Person 0.7051120423235391 943.6730275154114 167.76668652892113 970.2956213951111 256.1801075935364 
Person 0.7039406751664994 914.9231371879578 166.15961864590645 944.1398541927338 247.59207665920258 
Person 0.6921503128109983 301.58078625798225 166.0601757466793 324.123662173748 240.77095091342926 
Vehicle 0.12614292812748268 558.29 154.73 613.9 200.56 
Person 0.12614292812748268 1135.64 156.76 1193.52 300.63 
Person 0.12614292812748268 539.63 169.67 561.73 207.53 
Person 0.12614292812748268 523.51 169.13 544.88 209.52 
Person 0.12614292812748268 583.1 169.8 602.6 201.66 
Person 0.12614292812748268 272.07 189.74 301.37 229.18000000000004 
Person 0.12614292812748268 751.08 160.0 774.34 243.3 
Person 0.12614292812748268 1190.27 185.97 1227.05 286.03 
Person 0.12614292812748268 785.15 182.18 827.3 230.85999999999999 
