Vehicle 0.8262487064983869 40.30231911689043 209.4292715191841 296.2613606750965 336.6551175713539 
Vehicle 0.8135804599265751 388.6441651582718 194.11110877990723 497.58604699373245 273.35335314273834 
Vehicle 0.8056424962693979 270.14888191223145 199.44555312395096 380.4974622130394 280.8723896741867 
Vehicle 0.7637167625753938 1120.7997722625732 157.8708104789257 1241.3490632772446 260.11374592781067 
Don't Care 0.6104359226226312 819.8068237304688 223.88302612304688 938.9158325195312 286.57305908203125 
Person 0.6042647359192419 835.778396487236 180.33752962946892 909.5909045934677 286.7203876376152 
Vehicle 0.5757559502295829 462.17329037189484 172.8406436741352 533.4341679811478 239.54540491104126 
Vehicle 0.12210085689548252 511.40000000000003 184.02 543.21 226.21 
Vehicle 0.12210085689548252 547.75 184.02 566.57 200.90000000000003 
Vehicle 0.12210085689548252 637.97 180.13 713.91 211.93 
Vehicle 0.12210085689548252 615.25 180.13 672.37 204.79 
Vehicle 0.12210085689548252 371.31 192.82 442.07 242.85 
