Vehicle 0.8331204195491405 841.0927140712738 171.36847972869873 1067.7047892808914 307.98525363206863 
Vehicle 0.8226556024815153 165.08476701378822 189.86912816762924 304.5597304701805 250.71173161268234 
Vehicle 0.7917889371321076 354.57288748025894 184.18508023023605 446.5089086294174 242.3294261097908 
Vehicle 0.7739592120922921 592.2978213429451 179.24820631742477 659.437987446785 242.98891425132751 
Vehicle 0.5574207599084995 678.6002379655838 181.2056489288807 736.1116411685944 221.43834829330444 
Vehicle 0.12249389265613321 722.25 180.85 821.32 233.48000000000002 
Vehicle 0.12249389265613321 0.0 185.71 110.17 250.72 
Vehicle 0.12249389265613321 287.67 180.55 364.55 231.63 
Vehicle 0.12249389265613321 485.52 180.17 530.97 211.27 
Vehicle 0.12249389265613321 556.71 179.79 586.16 198.66 
