Vehicle 0.8954953822883034 1.099115546210669 204.54253256320953 190.59266969561577 322.5868418812752 
Vehicle 0.726662463041038 223.14415115118027 160.51461920142174 532.9128929972649 322.99187779426575 
Vehicle 0.6204031909830767 1170.4048075675964 155.71647137403488 1203.3174208402634 176.62915214896202 
Vehicle 0.6037099744172665 1137.5912450551987 157.4801467359066 1172.7753632068634 178.46930399537086 
Vehicle 0.5990927505311768 684.6920077800751 165.2321107685566 738.3841084241867 208.40343832969666 
Vehicle 0.1309456323497188 973.45 164.24 1003.17 179.1 
Vehicle 0.1309456323497188 860.52 159.78 882.81 172.42 
Vehicle 0.1309456323497188 843.43 161.27 863.49 174.57 
Vehicle 0.1309456323497188 888.75 158.3 919.21 173.9 
Vehicle 0.1309456323497188 1104.22 159.04 1133.94 176.87 
Vehicle 0.1309456323497188 1046.27 159.78 1073.76 179.1 
Vehicle 0.1309456323497188 1206.8 159.04 1240.9 173.9 
Vehicle 0.1309456323497188 526.84 180.32 553.72 198.24 
