Vehicle 0.8299562127089739 728.000361084938 175.61109736561775 961.1584478616714 327.3158669471741 
Vehicle 0.7856730877514768 94.03567703068256 177.6004247367382 330.5558171868324 321.8140974640846 
Vehicle 0.7772209965388599 368.1532056927681 185.03663688898087 428.43258905410767 240.17883092164993 
Vehicle 0.7726817240489114 318.4654430150986 193.35602223873138 395.8154253959656 268.45747232437134 
Vehicle 0.7695320137614713 666.8522847890854 180.38702756166458 766.8501716852188 264.6837383508682 
Person 0.7592784184459905 1090.71306681633 156.95630013942719 1165.5309623479843 306.8903982639313 
Vehicle 0.7021962129348667 0.7703221440315245 220.29460144042966 127.64373016357422 372.1546325683594 
Person 0.631871765246484 575.7129263877869 174.788486212492 609.5625613331795 259.86749678850174 
Vehicle 0.12066762534636216 645.04 178.48 689.6899999999999 241.44999999999996 
Vehicle 0.12066762534636216 560.3 163.6 586.64 203.67 
Vehicle 0.12066762534636216 408.83 150.93 509.87 205.04 
Person 0.12066762534636216 512.6 174.4 523.9 206.72000000000003 
