Vehicle 0.8551209033422171 71.04951564967632 189.066544175148 302.8878787457943 330.29352128505707 
Vehicle 0.8432020256346806 0.41160305467201397 192.0689195394516 104.52773800492287 372.22541123628616 
Vehicle 0.8315688271748135 284.1546075940132 175.91038718819618 412.2822441458702 242.97326803207397 
Vehicle 0.80605206496361 587.6717140674591 174.31341111660004 651.2315061092377 225.6149724125862 
Vehicle 0.7863482179045461 431.1354977488518 188.04392963647842 537.4374695420265 262.52277195453644 
Person 0.7604645401986212 883.6085872650146 181.94349110126495 945.9184741973877 340.0958552956581 
Vehicle 0.5825080539093003 0.8753483295440674 143.6195526123047 138.44322204589844 226.5576171875 
Vehicle 0.569489781853489 912.3592178821564 70.08036598563194 1139.1930838823318 370.97398191690445 
Vehicle 0.4731465454340151 712.6386108398438 182.4622039794922 770.6118164062501 259.260498046875 
Vehicle 0.45188904013299097 682.9513549804688 172.50961303710938 749.6259155273438 231.87069702148435 
Vehicle 0.12518191171711943 750.13 177.68 947.3299999999999 305.96 
