Vehicle 0.6746663791049666 183.85779172182083 188.31031769514084 224.42205771803856 216.34541451931 
Vehicle 0.6241845731080908 386.18925350904465 163.46224397420883 471.40433263778687 217.0061096549034 
Vehicle 0.545662585145791 1103.6053466796875 196.24525451660153 1150.2796630859375 222.65881347656247 
Vehicle 0.501373724179016 1204.166259765625 194.25576782226565 1241.987060546875 226.49647521972653 
Vehicle 0.1352059063940177 567.17 184.94 611.36 220.07 
Vehicle 0.1352059063940177 520.71 192.87 553.0 221.2 
Vehicle 0.1352059063940177 500.88 184.94 526.37 207.6 
Vehicle 0.1352059063940177 479.35 194.57 499.18000000000006 210.43 
Vehicle 0.1352059063940177 725.82 179.84 804.01 207.03 
Vehicle 0.1352059063940177 637.9999999999999 174.74 679.36 203.64 
Vehicle 0.1352059063940177 926.4 186.07 1150.77 228.0 
Vehicle 0.1352059063940177 828.37 179.27 877.67 211.0 
Vehicle 0.1352059063940177 687.8600000000001 181.54 721.29 203.64 
