Vehicle 0.8283766128284773 0.5133336780709215 200.07354766130447 322.8147559762001 371.0160255432129 
Vehicle 0.8203126114900644 859.6880507469177 188.53410333395004 1240.9867655038834 371.6604709625244 
Vehicle 0.7934252319753339 764.9161648750305 182.30363354086876 888.2091915607452 270.46801149845123 
Vehicle 0.7696740496491866 476.08551746606827 176.1406660079956 572.9130027294159 240.97906798124313 
Vehicle 0.749305007790881 636.0612677335739 172.99898341298103 705.672779917717 214.88799154758453 
Vehicle 0.7484969969453872 318.9379699230194 169.7256825864315 470.335946559906 281.09121322631836 
Vehicle 0.11878354861067368 737.01 154.11 785.16 192.63 
Vehicle 0.11878354861067368 906.06 150.9 973.47 197.98 
Vehicle 0.11878354861067368 700.63 165.88 740.2199999999999 202.26 
Vehicle 0.11878354861067368 959.5599999999998 150.9 1008.77 192.63 
