Vehicle 0.8774222143581085 100.59070162475109 197.91541993618011 436.1340077519417 372.18859791755676 
Vehicle 0.8448816607615257 1.3828374249860644 215.45467525720596 183.32380226254463 372.01329320669174 
Vehicle 0.7239460841234873 395.539260327816 169.36471313238144 525.9019795060158 285.3729799389839 
Vehicle 0.7131657086514492 667.7184237241745 183.9706040918827 769.5770287513733 228.31573337316513 
Vehicle 0.6825868587375323 640.2040768861771 181.25690147280693 686.7397971153259 213.85402232408524 
Vehicle 0.6448569996554823 518.716552734375 189.76333618164062 551.7523193359375 243.67445373535153 
Vehicle 0.643425304058931 534.9670118093491 189.0789493918419 572.8713614344597 225.66863894462585 
Don't Care 0.5620359522702848 907.0822143554686 212.18161010742188 1025.35302734375 298.6401062011719 
Don't Care 0.4940925689614437 807.6800537109375 216.56492614746094 907.5598754882812 292.9895935058594 
Person 0.12542953638217622 731.6600000000001 194.77 1038.73 312.46 
Vehicle 0.12542953638217622 545.49 164.81 587.22 211.89 
