Vehicle 0.8310131143497759 75.25230677425861 189.48894739151 269.97502487897873 274.3991017341614 
Vehicle 0.7977552175750723 274.907389998436 178.17464098334312 373.6207262277603 239.33295160531998 
Vehicle 0.7435232157759755 368.44998782873154 186.17329001426697 420.90624886751175 226.32844001054764 
Vehicle 0.7057711655037325 404.8598776459694 179.73937466740608 455.8060957789421 221.62366658449173 
Vehicle 0.6633875738025771 487.3719370365143 179.32100594043732 517.6732524633408 204.58019524812698 
Vehicle 0.6198050324979254 455.4021567106247 180.16017973423004 495.5779001712799 208.03720504045486 
Don't Care 0.1256551686782317 687.97 148.22 737.69 197.38 
Person 0.1256551686782317 758.04 168.57 775.5499999999998 189.47 
Person 0.1256551686782317 814.54 162.92 838.84 195.69 
Vehicle 0.1256551686782317 528.62 173.09 562.5 200.2 
