Vehicle 0.8478245173792431 903.6367546319962 158.58789905905724 1230.899430155754 369.8110431432724 
Vehicle 0.8022512686220754 301.3917532861233 188.03934752941132 406.4109326004982 250.66298246383667 
Vehicle 0.7698924375304702 758.3968037366867 175.57811737060547 885.1141884326935 261.56267523765564 
Vehicle 0.7636747047376572 588.0866094231606 174.18208345770836 636.2342734336853 218.36981177330017 
Vehicle 0.6883486704495659 823.0946044921875 180.3601531982422 931.3662719726562 285.64093017578125 
Vehicle 0.5531376866067327 684.2809989452362 174.15645718574524 773.9623568058014 222.07023203372955 
Vehicle 0.12219399063810248 431.43 173.09 472.12 204.17000000000002 
Vehicle 0.12219399063810248 486.24 176.48 520.15 203.04000000000002 
Vehicle 0.12219399063810248 553.48 157.83 584.56 190.04 
Vehicle 0.12219399063810248 657.46 173.65 697.5800000000002 212.08000000000004 
