Vehicle 0.8574896391622996 778.0044865608215 173.16809669137 961.4482712745667 272.1315175294876 
Vehicle 0.8347195556253533 145.89692097902298 196.95176929235458 335.91614377498627 288.92429172992706 
Vehicle 0.8313658141713463 595.2823362350464 180.37095665931702 667.3795191049576 248.20391088724136 
Vehicle 0.7376447857810539 70.97360356897116 184.21711027622223 198.64341259002686 242.6004409790039 
Vehicle 0.6623624912142139 338.39281994104385 180.78408390283585 397.6839905977249 227.0827665925026 
Vehicle 0.6371536647539563 449.59758228063583 183.23598057031631 507.703253030777 223.1280952692032 
Vehicle 0.6352791323658497 526.5536195039749 180.73945865035057 561.2523297071457 206.867516040802 
Vehicle 0.6065305668046216 674.3631159067154 181.54233321547508 717.6562192440033 220.178984105587 
Vehicle 0.6055144962175169 411.23325365781784 181.02559447288513 455.19380217790604 213.12517672777176 
Vehicle 0.5889849976341571 705.4868931770325 181.19198083877563 791.4803498983383 228.58871519565582 
