Vehicle 0.8827500692464534 0.7100752416299656 203.84307950735092 384.09164267778397 371.3712841272354 
Vehicle 0.8606137325263236 125.01980790495872 96.4764766395092 469.31327337026596 226.84436291456223 
Vehicle 0.46630535069217666 1170.262939453125 155.8037567138672 1203.5526123046875 176.81033325195312 
Vehicle 0.45972893010694366 1137.327392578125 157.53173828125 1172.560302734375 179.252685546875 
Vehicle 0.12598755092012648 687.2899999999998 170.77 736.58 207.03 
Vehicle 0.12598755092012648 491.24000000000007 177.0 528.07 204.77 
Vehicle 0.12598755092012648 575.67 161.14 653.86 189.47 
Vehicle 0.12598755092012648 660.09 170.77 692.96 198.54000000000002 
Vehicle 0.12598755092012648 826.67 159.44 889.0 176.44 
Vehicle 0.12598755092012648 887.87 153.21 944.53 177.57 
Vehicle 0.12598755092012648 1046.52 156.61 1153.61 183.24 
