Vehicle 0.8114860206284047 306.2114463150501 178.4944273531437 487.2104798555374 266.5807753801346 
Vehicle 0.8096423741929337 823.879054069519 190.0920644402504 1034.0643231868744 321.4946687221527 
Vehicle 0.7823693060590894 593.1492285132408 177.27436870336533 658.6232986450195 229.89461570978165 
Vehicle 0.7751477636384339 757.0414073467255 182.75249004364014 869.2771711349487 262.10857182741165 
Vehicle 0.7733246952048276 12.027431041002274 179.07483503222466 235.51032024621964 276.2969881296158 
Person 0.769435720099159 971.4114600419998 195.90452313423157 1109.0253907442093 372.8538081049919 
Vehicle 0.7552515973852113 222.6681633889675 173.95289987325668 335.6311692595482 243.057020008564 
Vehicle 0.6916506911265335 1080.7742919921875 241.81256103515622 1240.7703857421875 372.60015869140625 
Vehicle 0.5916829243130851 0.1703280806541443 226.19480895996097 68.95369720458984 373.10858154296875 
Person 0.11956418428885239 685.71 166.31 715.09 206.42999999999998 
Vehicle 0.11956418428885239 450.64 162.35 534.84 218.86 
Vehicle 0.11956418428885239 723.0 160.09 806.6 238.62999999999997 
