Vehicle 0.821767501092267 175.85144770145416 199.53922927379608 366.2217528820038 301.7786890268326 
Vehicle 0.8094546747452455 811.4160550832748 157.76650607585907 942.0345443487167 204.00986820459366 
Vehicle 0.7664226579177135 346.964486181736 197.55837321281433 425.2361292243004 259.11227613687515 
Vehicle 0.7410250326197428 449.53206664323807 190.00943005084991 491.57385832071304 228.46287488937378 
Vehicle 0.7082118183794398 412.1407747864723 193.82773339748383 461.95879143476486 241.26776307821274 
Vehicle 0.664583481558357 1082.5682516098022 141.7623795568943 1147.01846408844 179.18382212519646 
Vehicle 0.6460681859326508 484.7914352416992 186.91155686974525 521.4052378535271 218.12937408685684 
Vehicle 0.12437717901375557 604.2 168.38 633.73 198.71 
Vehicle 0.12437717901375557 749.47 153.22 803.75 197.92 
Vehicle 0.12437717901375557 521.19 179.56 556.31 210.69 
