Vehicle 0.8404389551319414 880.9518356323242 191.56432896852493 1240.9646308422089 371.1856082081795 
Vehicle 0.833404775611495 1.6258302857168019 239.06079679727554 330.6355834007263 371.60805612802505 
Vehicle 0.8183888472761534 217.61420568823814 202.33069360256195 462.0603591799736 359.2010512948036 
Vehicle 0.8103231802165511 570.2849373221397 181.5452054142952 629.0815204381943 227.99628227949142 
Vehicle 0.7930725434619478 662.222216963768 182.19779804348946 727.4066487550735 233.26852172613144 
Vehicle 0.7121576837955464 523.7272675037384 180.32314628362656 568.7747093439102 215.6956046819687 
Vehicle 0.6078595399257453 47.587949484586716 188.38988989591599 187.30628317594528 239.047609269619 
Vehicle 0.553550613844916 643.3016357421875 128.564208984375 719.9445190429688 211.9879150390625 
Person 0.12163408361077409 742.18 164.38 764.5 216.20000000000002 
Vehicle 0.12163408361077409 367.5 164.38 478.31 222.58 
Vehicle 0.12163408361077409 283.8 173.95 326.84999999999997 201.85 
