Vehicle 0.8098745150483212 371.5295559167862 192.30524450540543 449.0634262561798 243.66094172000885 
Vehicle 0.7476063455793212 433.27534210681915 188.49366903305054 480.4697721004486 228.86712849140167 
Vehicle 0.6178918102383814 470.29996848106384 177.8930425643921 509.10587990283966 215.91299772262573 
Vehicle 0.12593535788726973 7.18 199.46 41.46 241.71 
Vehicle 0.12593535788726973 39.86 205.04 126.76 235.33 
Vehicle 0.12593535788726973 1140.76 113.36000000000001 1228.45 172.35 
Vehicle 0.12593535788726973 1058.65 130.1 1163.88 175.54 
Vehicle 0.12593535788726973 654.49 178.73 724.64 218.59 
Vehicle 0.12593535788726973 536.5 173.95 571.58 198.66 
Vehicle 0.12593535788726973 510.99 175.54 538.1 204.24 
