Vehicle 0.8008295035207186 208.74342539906502 182.5411207973957 323.6224490404129 240.7163679599762 
Vehicle 0.7360069314087 439.9002315402031 174.17599260807037 527.2609663009644 217.22812950611115 
Vehicle 0.12058747868305987 1084.16 156.41 1100.11 178.73 
Vehicle 0.12058747868305987 574.77 171.56 628.18 207.43 
Vehicle 0.12058747868305987 559.62 167.57 593.1 185.91 
Vehicle 0.12058747868305987 714.27 169.96 746.16 192.28 
Vehicle 0.12058747868305987 988.5 158.0 1018.8 181.92 
Vehicle 0.12058747868305987 1040.32 157.21 1073.0 182.72 
Vehicle 0.12058747868305987 1103.3 154.02 1120.83 177.93 
Vehicle 0.12058747868305987 1120.83 156.41 1152.72 177.93 
Vehicle 0.12058747868305987 1180.62 156.41 1206.13 176.34 
