Person 0.7870304948455761 81.04660968482494 168.3395951986313 160.31056478619576 298.15397411584854 
Don't Care 0.6876469150332716 54.763160705566406 221.58436584472656 173.27484130859375 330.7286682128906 
Person 0.6319736362517749 929.5471898317337 169.05304044485092 952.8943719863892 236.6640642285347 
Person 0.6314109945882538 1020.7342969179153 167.3576608300209 1046.5343549251556 246.37021869421005 
Vehicle 0.5673009745229958 375.50775146484375 181.06898498535156 427.48040771484375 211.2084045410156 
Person 0.12754008741081535 640.12 174.77 680.03 229.84 
Person 0.12754008741081535 2.36 215.48 39.86999999999999 350.37 
Person 0.12754008741081535 852.44 181.95 885.1700000000001 240.22 
Person 0.12754008741081535 826.9 179.56 858.03 233.04 
Person 0.12754008741081535 304.87 166.79 322.43 216.27 
Person 0.12754008741081535 338.4 177.96 383.1 215.48 
Vehicle 0.12754008741081535 423.01000000000005 142.04 545.13 235.43 
