Person 0.7972236180152463 510.6904807090759 162.45758205652237 556.7031905651093 254.5200252532959 
Vehicle 0.7522136568419278 1054.965054988861 186.4506494998932 1153.797423362732 224.03799295425415 
Person 0.7205760703023814 402.55548191070557 169.55956310033798 433.83430910110474 255.76266407966614 
Person 0.6791827528008542 102.02205401659012 156.42639726400375 195.58100152015686 305.1799088716507 
Don't Care 0.6670563791769896 691.87353515625 199.5881805419922 768.4053344726562 269.95587158203125 
Don't Care 0.6666776495776956 97.45726776123047 228.40184020996094 199.37139892578125 334.0970764160156 
Vehicle 0.6545181963031882 962.9777183532715 184.97851967811584 1064.981487751007 221.8518739938736 
Person 0.6503789858198785 708.3013029098511 157.2940456867218 763.6465187072754 257.7032148838043 
Vehicle 0.12520123200676106 1157.22 186.96999999999997 1224.0 228.61 
Vehicle 0.12520123200676106 597.07 167.33 656.78 216.83 
Person 0.12520123200676106 348.81 153.98 366.09999999999997 194.04 
Person 0.12520123200676106 298.53 157.12 312.67 201.9 
Person 0.12520123200676106 328.39 156.33 342.53 200.33 
Person 0.12520123200676106 213.69 157.12 289.11 198.75999999999996 
