Vehicle 0.8308626689858343 586.0307139158249 201.27680897712708 663.2438167333603 261.7042511701584 
Vehicle 0.8188036529397806 98.15169695019722 195.81842422485352 236.87580308318138 264.45939391851425 
Person 0.804943496859827 1060.7980345487595 193.51471960544586 1143.243800997734 322.2685754299164 
Person 0.6925589186939242 393.15475022792816 184.54954773187637 422.4434604048729 301.6980215907097 
Don't Care 0.6524490663983686 1030.67919921875 235.70555114746094 1158.266845703125 322.8774108886719 
Vehicle 0.4949570045302669 428.6334666609764 196.38347625732422 499.47859758138657 251.66069716215134 
Vehicle 0.47076086891477487 677.2959215641022 193.9101666212082 708.0606583356857 232.15419799089432 
Vehicle 0.12524345827370054 477.01 195.22 529.48 237.95 
Vehicle 0.12524345827370054 505.68 194.13000000000002 551.11 227.67 
Vehicle 0.12524345827370054 528.4 193.05 568.96 215.23 
Vehicle 0.12524345827370054 704.2 178.99 802.62 266.07 
Vehicle 0.12524345827370054 261.96 188.04 345.79999999999995 235.81999999999996 
