Vehicle 0.7772540369283991 640.2147370576859 175.4509136080742 726.7865080833435 239.65508490800858 
Vehicle 0.7473103241440443 0.7643400662345812 197.24205136299133 149.44695241749287 361.0116094350815 
Vehicle 0.24247587492840103 305.2400011718273 176.269993185997 455.92498630285263 230.70500046014786 
Vehicle 0.24247587492840103 399.82501941919327 173.89000207185745 483.1350000500679 209.13999527692795 
Person 0.12123794017407967 431.69999999999993 179.46 444.5 233.21000000000004 
Person 0.12123794017407967 419.71 182.74 434.64 235.9 
Person 0.12123794017407967 395.52 185.4 407.17 238.88 
Person 0.12123794017407967 406.57 184.83 417.92 237.97999999999996 
Vehicle 0.12123794017407967 581.46 176.56 606.25 194.47999999999996 
Vehicle 0.12123794017407967 569.28 175.09 592.09 191.26 
Vehicle 0.12123794017407967 562.89 172.33 577.58 185.72 
