Vehicle 0.8456041673638552 0.7521461070282385 192.9580494761467 298.2075452506542 367.08227545022964 
Vehicle 0.8276892259642944 825.9697061777115 178.22277545928955 1241.891843676567 371.61753326654434 
Vehicle 0.6337937220848976 408.8744686245918 182.2068728506565 476.33817833662033 232.53019899129868 
Vehicle 0.1208936786379776 505.56 178.65 543.78 204.03 
Vehicle 0.1208936786379776 619.71 170.79 641.6 187.21 
Vehicle 0.1208936786379776 639.86 176.26 670.72 201.4 
Vehicle 0.1208936786379776 655.2899999999998 175.02 680.92 194.67999999999998 
Person 0.1208936786379776 450.18 176.21 473.32 250.20000000000002 
Person 0.1208936786379776 480.77 175.07 507.35 248.23000000000002 
Person 0.1208936786379776 522.58 174.17 535.72 215.07999999999998 
Person 0.1208936786379776 633.36 172.98 641.42 195.08000000000004 
Person 0.1208936786379776 704.8 164.07 719.99 209.86 
