Vehicle 0.8353390901575546 783.4132651090622 182.54730105400085 1081.2048600912094 348.37547689676285 
Vehicle 0.8071526271140459 311.87878954410553 194.80148702859879 421.00759452581406 260.84060221910477 
Vehicle 0.7912794957934045 720.0041220188141 179.3171837925911 821.0417457818985 260.6118321418762 
Vehicle 0.5811426100930656 481.3506057858467 184.14754047989845 516.5075182914734 210.11319011449814 
Vehicle 0.12271432237024928 309.82 192.42999999999998 348.21 215.34 
Vehicle 0.12271432237024928 500.53 185.0 528.39 205.43 
Vehicle 0.12271432237024928 515.57 177.78 539.63 200.38 
Vehicle 0.12271432237024928 579.31 176.58 615.19 192.33999999999997 
Vehicle 0.12271432237024928 638.39 175.27 672.81 198.69999999999996 
Vehicle 0.12271432237024928 622.84 174.44 636.11 186.06 
