Person 0.8346225454061449 29.2241013944149 170.87332159280777 190.66642105579376 371.5844079852104 
Person 0.7988128311821997 1099.2553435564041 138.12720403075218 1193.6792932748795 372.89929389953613 
Person 0.7743938178199158 354.88421630859375 178.78995090723038 399.14561855793 302.0641654729843 
Don't Care 0.6715264205046635 129.26783752441406 221.05015563964844 192.01747131347656 372.9632873535156 
Person 0.6164013738853789 445.3174864053726 176.4032542705536 463.26214545965195 230.5234596133232 
Person 0.4781788563826395 1200.9669189453125 151.30184936523438 1242.0 371.3554382324219 
Person 0.1245729503104335 516.82 176.3 523.39 205.48000000000002 
Person 0.1245729503104335 525.78 174.3 533.6 204.8 
Person 0.1245729503104335 612.95 173.4 625.6 223.8 
Person 0.1245729503104335 426.11 173.2 442.7 233.52 
