Person 0.7891755179136726 867.3417278528214 169.62360233068466 909.0533121824265 283.2080488204956 
Person 0.7808867317044289 740.9787311553955 181.6212082505226 787.8499721288681 313.11105597019196 
Person 0.7718809671188712 374.47475630044937 172.55930960178375 413.2016604542732 284.9016716480255 
Vehicle 0.7659804071414903 551.9220654368401 181.10730761289597 598.412916123867 217.17965257167816 
Person 0.7487435247023788 296.1771161556244 174.8848922252655 334.4985781311989 252.55228078365326 
Person 0.7416436047340816 915.2169630527496 173.75847053527832 954.0870946645737 288.87424194812775 
Person 0.7218213364634498 688.0769574642181 182.88957512378693 721.7087717056274 273.69918167591095 
Person 0.648530575948112 644.0546220541 171.59348046779633 664.6975284814835 245.15452361106873 
Person 0.643322178046441 717.1686605215073 181.54490226507187 746.2982181310654 283.99244225025177 
Don't Care 0.5633654377808551 0.593638002872467 232.31616210937503 51.3940315246582 321.4106750488281 
Don't Care 0.5352389978278801 50.7915153503418 219.8922882080078 166.33160400390625 288.94293212890625 
Don't Care 0.501947640085092 291.23956298828125 244.75564575195312 357.68878173828125 288.071044921875 
