Vehicle 0.8376296892500901 939.6735384464264 205.70654422044754 1240.1517927646637 371.8222305178642 
Vehicle 0.8336755292370652 1.0267917739693075 170.00846564769745 149.0164462029934 361.9658276438713 
Vehicle 0.7781423238229578 726.90502846241 176.095861941576 814.8064337968826 215.7464101910591 
Vehicle 0.6195503041082804 135.4969983100891 186.36709079146385 346.56036204099655 302.7587905526161 
Vehicle 0.5723128998313655 630.276125907898 176.30554363131523 662.6239721775055 202.63472199440002 
Vehicle 0.12129873907998023 496.93999999999994 167.77 532.39 201.01 
Vehicle 0.12129873907998023 478.1 172.2 506.90999999999997 207.64999999999998 
Vehicle 0.12129873907998023 612.67 170.22 637.56 199.89 
Vehicle 0.12129873907998023 349.9 163.9 482.86 228.38 
Vehicle 0.12129873907998023 314.01000000000005 176.53 415.05 249.66 
Vehicle 0.12129873907998023 401.76 183.84 442.97 231.04000000000002 
