Vehicle 0.8322305024920402 0.824439009767957 208.85342359542847 166.21689203381538 372.14190512895584 
Vehicle 0.8215816010979738 147.9236213117838 210.8442485332489 361.6575338244438 347.37351536750793 
Vehicle 0.7884976278637188 332.38818222284317 195.64687460660934 444.3734689950943 283.7706282734871 
Vehicle 0.6973951327036545 538.1126137375832 186.1339956521988 577.4009349346161 213.2892832159996 
Vehicle 0.11886128974590732 735.54 179.9 836.91 258.01 
Vehicle 0.11886128974590732 719.31 189.37 745.34 230.91999999999996 
Vehicle 0.11886128974590732 703.79 184.94 723.18 222.06 
Vehicle 0.11886128974590732 568.07 186.6 585.8 211.53 
Vehicle 0.11886128974590732 581.37 182.72 594.66 209.87 
Vehicle 0.11886128974590732 599.94 182.92 621.09 199.46 
