Car 0.6000000000000001 153.27 205.22 319.94 306.47 
Car 0.6000000000000001 294.24 184.19 397.83 261.3 
Car 0.6000000000000001 583.2 174.06 636.16 216.12 
Car 0.6000000000000001 411.07 181.07 447.68 214.56 
Car 0.6000000000000001 749.26 183.24 1011.89 338.39 
Car 0.6000000000000001 560.53 175.27 591.57 204.48 
Car 0.6000000000000001 543.37 173.89 567.89 195.8 
Car 0.6000000000000001 529.22 174.94 544.31 186.56 
Car 0.6000000000000001 425.82 175.79 459.63 204.59 
Cyclist 0.6000000000000001 283.65 177.8 339.47 327.07 
Cyclist 0.6000000000000001 373.22 178.44 413.46 293.32 
Car 0.6000000000000001 647.93 170.47 764.37 252.48 
