Vehicle 0.8948314763810817 904.5861021280289 157.37850219011307 1231.5686520338058 370.1797127723694 
Vehicle 0.8577533382445416 300.46380016207695 186.62672862410545 407.3931859731674 250.3538802266121 
Vehicle 0.8314263017148827 758.7256404161453 175.5218803882599 895.4416737556458 265.38464426994324 
Vehicle 0.8263676264207516 586.7922129034996 173.35033044219017 636.5929437875748 219.05221045017242 
Vehicle 0.6550758959867671 684.5499461889267 174.53006654977798 775.3451439142227 222.30179607868195 
Vehicle 0.560036595701741 823.0946044921875 180.3601531982422 931.3662719726562 285.64093017578125 
Vehicle 0.3044625460203254 431.43 173.09 472.12 204.17000000000002 
Vehicle 0.3044625460203254 486.24 176.48 520.15 203.04000000000002 
Vehicle 0.3044625460203254 553.48 157.83 584.56 190.04 
Vehicle 0.3044625460203254 657.46 173.65 697.5800000000002 212.08000000000004 
