Vehicle 0.882303251219469 73.8206420391798 183.97867307066917 271.01507636904716 273.68851751089096 
Vehicle 0.8553868561332991 275.1851096749306 175.5424551665783 373.9417898654938 239.30036276578903 
Vehicle 0.8114957878686435 368.51716911792755 184.39676240086555 420.8529480099678 226.87938809394836 
Vehicle 0.7809422550673846 403.80167055130005 178.25697362422943 456.99970185756683 223.00587594509125 
Vehicle 0.7466403557077194 485.7842007279396 178.36277559399605 518.5263252854347 204.622283577919 
Vehicle 0.7113680831897693 455.6639231443405 178.07554453611374 497.3240214586258 209.72751080989838 
Don't Care 0.31144211906777186 687.97 148.22 737.69 197.38 
Person 0.31144211906777186 758.04 168.57 775.5499999999998 189.47 
Person 0.31144211906777186 814.54 162.92 838.84 195.69 
Vehicle 0.31144211906777186 528.62 173.09 562.5 200.2 
