Vehicle 0.8643211973172692 306.2903426885605 178.2882884144783 489.09118580818176 267.8368091583252 
Vehicle 0.8628151024357367 823.8092447519302 188.2331594824791 1036.1109280586243 324.44465160369873 
Vehicle 0.8405365848507927 592.1739708781242 176.40575766563416 660.2401653528214 230.90484738349915 
Vehicle 0.8346375131173863 756.0539349317551 182.46466666460037 869.294716000557 264.0807554125786 
Vehicle 0.8331483005865575 10.42019272595644 177.6278056204319 236.42901974916458 276.2082517147064 
Person 0.829971435135378 971.7388161420822 193.65839660167694 1108.8663765192032 373.37473779916763 
Vehicle 0.8183848304336331 221.6175812780857 172.2094975411892 336.12320280075073 243.49837750196457 
Vehicle 0.5649896938561788 1080.7742919921875 241.81256103515622 1240.7703857421875 372.60015869140625 
Vehicle 0.48332888054097417 0.1703280806541443 226.19480895996097 68.95369720458984 373.10858154296875 
Person 0.29910998648458675 685.71 166.31 715.09 206.42999999999998 
Vehicle 0.29910998648458675 450.64 162.35 534.84 218.86 
Vehicle 0.29910998648458675 723.0 160.09 806.6 238.62999999999997 
