Person 0.8867649782288524 139.25878083705902 192.22173249721527 269.0734965503216 372.3220262527466 
Person 0.8458952315085109 951.7070542573929 159.20121455192566 1016.9765669107437 285.7428654432297 
Person 0.8450812705547167 421.0366672873497 176.19506800174713 490.5442295074463 289.95792961120605 
Person 0.7800488426054719 229.06665840744972 174.0874690413475 285.5711081326008 329.53148877620697 
Person 0.7050688529522846 575.9032932519913 164.8904466032982 612.6837871670723 234.3766542673111 
Don't Care 0.5140437135624336 876.046142578125 220.19827270507812 954.1475830078125 362.0875549316406 
Don't Care 0.5105636813820154 786.79736328125 232.79803466796875 854.6505126953125 360.8337097167969 
Don't Care 0.45037321433413674 692.1783447265625 194.01870727539062 739.8958740234375 245.46534729003903 
Don't Care 0.4025884447296109 264.25006103515625 210.836669921875 354.7731018066407 303.12139892578125 
Person 0.3113166177217414 863.7100000000002 214.96000000000004 962.89 365.3 
Person 0.3113166177217414 509.64000000000004 169.11 551.23 229.9 
Person 0.3113166177217414 782.66 220.3 857.31 360.01 
