Vehicle 0.9242637015149983 0.5485902997897938 204.95445281267166 389.7767343521118 372.1965327858925 
Vehicle 0.9063573276495569 123.61909653246403 95.834881067276 470.3259896636009 222.90779650211334 
Vehicle 0.3772005300839558 1170.262939453125 155.8037567138672 1203.5526123046875 176.81033325195312 
Vehicle 0.3718807769927191 1137.327392578125 157.53173828125 1172.560302734375 179.252685546875 
Vehicle 0.31210852168875974 687.2899999999998 170.77 736.58 207.03 
Vehicle 0.31210852168875974 491.24000000000007 177.0 528.07 204.77 
Vehicle 0.31210852168875974 575.67 161.14 653.86 189.47 
Vehicle 0.31210852168875974 660.09 170.77 692.96 198.54000000000002 
Vehicle 0.31210852168875974 826.67 159.44 889.0 176.44 
Vehicle 0.31210852168875974 887.87 153.21 944.53 177.57 
Vehicle 0.31210852168875974 1046.52 156.61 1153.61 183.24 
