Vehicle 0.7606861768879294 182.2850462794304 187.3246729373932 224.74021571874619 217.43468195199966 
Vehicle 0.7204138915797692 384.51268243789673 162.9180572926998 471.7581170797348 218.47718954086304 
Vehicle 0.43530735088904365 1103.6053466796875 196.24525451660153 1150.2796630859375 222.65881347656247 
Vehicle 0.39997550431175105 1204.166259765625 194.25576782226565 1241.987060546875 226.49647521972653 
Vehicle 0.3303266295437778 567.17 184.94 611.36 220.07 
Vehicle 0.3303266295437778 520.71 192.87 553.0 221.2 
Vehicle 0.3303266295437778 500.88 184.94 526.37 207.6 
Vehicle 0.3303266295437778 479.35 194.57 499.18000000000006 210.43 
Vehicle 0.3303266295437778 725.82 179.84 804.01 207.03 
Vehicle 0.3303266295437778 637.9999999999999 174.74 679.36 203.64 
Vehicle 0.3303266295437778 926.4 186.07 1150.77 228.0 
Vehicle 0.3303266295437778 828.37 179.27 877.67 211.0 
Vehicle 0.3303266295437778 687.8600000000001 181.54 721.29 203.64 
