Vehicle 0.8994748388873033 553.1213579177856 179.30038645863533 697.5705313682556 316.5731057524681 
Vehicle 0.8654916093794558 1132.077049255371 240.74732512235641 1239.0619382858276 371.3124990463257 
Vehicle 0.8652104510187085 1151.5214241743088 179.51041460037231 1239.2260605096817 226.32808238267899 
Vehicle 0.8238622029339837 960.4618352651596 182.8131526708603 1106.613452911377 228.08931022882462 
Vehicle 0.6927366570262113 285.4291273355484 195.36396861076355 337.31662380695343 221.67634963989258 
Don't Care 0.4789243675550521 599.029296875 0.0 632.7578735351562 30.761098861694336 
Don't Care 0.3845386750414954 389.27630615234375 101.88758087158203 401.6235046386719 125.83287048339844 
Don't Care 0.3758770321188954 953.3344726562499 81.1717758178711 976.67822265625 143.09820556640625 
Vehicle 0.3142992560167072 338.76 190.6 391.88 219.40000000000003 
Vehicle 0.3142992560167072 396.4 187.78 456.2900000000001 212.64 
