Vehicle 0.919801343248159 101.76549509167671 193.54455918073654 439.1091579794884 372.82879650592804 
Vehicle 0.8934565647003451 1.058676282176748 214.869886636734 184.20197090506554 372.7134168148041 
Vehicle 0.7955473968785638 396.99004304409027 166.75712540745735 529.3686820864677 290.2505323290825 
Vehicle 0.7868195470093238 666.5130100250244 182.57296085357666 770.5919659137726 228.78536581993103 
Vehicle 0.7620629983584835 639.7576822042465 179.97153103351593 687.9106392860413 213.60833197832108 
Vehicle 0.7303578682495661 533.384901702404 189.1767606139183 573.9176498651505 227.8541922569275 
Vehicle 0.5220751638569368 518.716552734375 189.76333618164062 551.7523193359375 243.67445373535153 
Don't Care 0.45502338042660934 907.0822143554686 212.18161010742188 1025.35302734375 298.6401062011719 
Don't Care 0.4000165293062699 807.6800537109375 216.56492614746094 907.5598754882812 292.9895935058594 
Person 0.31098935926068205 731.6600000000001 194.77 1038.73 312.46 
Vehicle 0.31098935926068205 545.49 164.81 587.22 211.89 
