Vehicle 0.8778530298625292 0.3961676893522963 199.0821361541748 325.04362016916275 371.92531675100327 
Vehicle 0.8712578196582779 858.7871181964874 188.98390978574753 1241.2197346687317 372.4285215139389 
Vehicle 0.8492680676093814 764.3909293413162 179.69105020165443 887.8767274618149 272.04445749521255 
Vehicle 0.8298431074654407 474.5027040839195 172.88817465305328 576.367490530014 242.48110502958298 
Vehicle 0.8131843732851965 636.4182354211807 172.82676324248314 704.9575120210648 216.52210503816605 
Vehicle 0.8125235421833976 317.5525918006897 167.98577830195427 474.3589398264885 281.43860399723053 
Vehicle 0.2975128152166015 737.01 154.11 785.16 192.63 
Vehicle 0.2975128152166015 906.06 150.9 973.47 197.98 
Vehicle 0.2975128152166015 700.63 165.88 740.2199999999999 202.26 
Vehicle 0.2975128152166015 959.5599999999998 150.9 1008.77 192.63 
