Person 0.8474295430691338 77.53036784380674 168.3497205376625 165.33307868242264 301.0363206267357 
Person 0.7222966679159617 929.4069789648056 169.56060379743576 953.1635413169861 235.36381870508194 
Person 0.7218426855577927 1022.6503887176514 168.128851801157 1046.4947494268417 246.44073843955994 
Don't Care 0.5549398868819998 54.763160705566406 221.58436584472656 173.27484130859375 330.7286682128906 
Vehicle 0.457819168162206 375.50775146484375 181.06898498535156 427.48040771484375 211.2084045410156 
Person 0.31521236830763577 640.12 174.77 680.03 229.84 
Person 0.31521236830763577 2.36 215.48 39.86999999999999 350.37 
Person 0.31521236830763577 852.44 181.95 885.1700000000001 240.22 
Person 0.31521236830763577 826.9 179.56 858.03 233.04 
Person 0.31521236830763577 304.87 166.79 322.43 216.27 
Person 0.31521236830763577 338.4 177.96 383.1 215.48 
Vehicle 0.31521236830763577 423.01000000000005 142.04 545.13 235.43 
