Vehicle 0.8531170250354763 344.2401461005211 179.001834243536 413.19809353351593 221.85040265321732 
Vehicle 0.7803838145954873 722.4580342769623 168.2518981397152 756.4152703285217 197.15888053178787 
Vehicle 0.7778557777660019 636.9437670707703 170.5923043191433 682.9566206932068 205.1931470632553 
Vehicle 0.7018896328619594 1165.8897807598114 154.26577627658844 1214.0661309957504 177.88182199001312 
Vehicle 0.3180487232595758 1108.08 157.21 1148.73 181.92 
Vehicle 0.3180487232595758 892.04 152.42 918.35 173.95 
Vehicle 0.3180487232595758 691.16 169.17 719.8500000000001 193.08 
Vehicle 0.3180487232595758 1045.1 156.41 1084.96 179.53 
Vehicle 0.3180487232595758 841.82 156.41 876.9 179.53 
Vehicle 0.3180487232595758 483.09 177.14 526.94 209.02 
Vehicle 0.3180487232595758 534.11 173.95 558.03 197.86 
