Person 0.8547877854141793 512.9877219200134 162.88142144680023 556.5849287509918 254.90903079509735 
Vehicle 0.8183351618326479 1055.5974383354187 186.38404726982117 1153.2664489746094 225.40830075740814 
Person 0.7927125440144867 400.39860820770264 169.3855482339859 432.9598939418793 254.61170256137848 
Person 0.759188888745286 101.61931818723679 156.18497520685196 198.61914825439453 312.0060861110687 
Vehicle 0.7392135817159655 961.9203658103943 184.20942932367325 1063.2950348854065 223.09901177883148 
Person 0.7358613975025339 700.8036060333252 157.24457919597626 769.220582485199 261.0445076227188 
Don't Care 0.5402349716358426 691.87353515625 199.5881805419922 768.4053344726562 269.95587158203125 
Don't Care 0.539928246476292 97.45726776123047 228.40184020996094 199.37139892578125 334.0970764160156 
Vehicle 0.31053092179821 1157.22 186.96999999999997 1224.0 228.61 
Vehicle 0.31053092179821 597.07 167.33 656.78 216.83 
Person 0.31053092179821 348.81 153.98 366.09999999999997 194.04 
Person 0.31053092179821 298.53 157.12 312.67 201.9 
Person 0.31053092179821 328.39 156.33 342.53 200.33 
Person 0.31053092179821 213.69 157.12 289.11 198.75999999999996 
