Vehicle 0.8743829619123262 173.69570562243462 195.16441226005554 368.71693629026413 302.3262172937393 
Vehicle 0.8643985681781023 810.5314829349518 158.4002673625946 941.2200776338577 203.6946639418602 
Vehicle 0.8295042129377423 348.019102871418 197.44844734668732 424.27667677402496 258.37694853544235 
Vehicle 0.8089094752938893 451.5373633503914 189.78584557771683 491.59340196847916 229.43416982889175 
Vehicle 0.7823014078977405 414.3927730321884 192.79130548238754 462.00165420770645 240.98917096853256 
Vehicle 0.7469235005110741 1083.1674420833588 140.50568640232086 1145.4509006738663 178.39738726615906 
Vehicle 0.7319095633026342 486.06143921613693 185.9561651945114 520.8892929553986 218.96226704120636 
Vehicle 0.30887356758854345 604.2 168.38 633.73 198.71 
Vehicle 0.30887356758854345 749.47 153.22 803.75 197.92 
Vehicle 0.30887356758854345 521.19 179.56 556.31 210.69 
