Vehicle 0.8886420230765082 877.2710412740707 187.88067251443863 1241.0210409164429 372.02567607164383 
Vehicle 0.8829142357380692 3.278787272516638 238.01247775554657 326.06932854652405 372.39284813404083 
Vehicle 0.8706869173936735 222.1085599064827 202.9663547873497 464.19061678647995 355.0151512026787 
Vehicle 0.86411912640565 570.026095032692 180.87967112660408 628.4901770353317 227.0917296409607 
Vehicle 0.850072107631218 662.6615048646927 181.74894154071808 727.8904280662537 233.57165604829788 
Vehicle 0.7841839570062178 524.1473448872566 178.45452949404716 568.2602450251579 214.99599516391754 
Vehicle 0.6992550349079334 59.303408570587635 191.62391871213913 198.2626630961895 242.61825531721115 
Vehicle 0.450750657838931 643.3016357421875 128.564208984375 719.9445190429688 211.9879150390625 
Person 0.3033265443308071 742.18 164.38 764.5 216.20000000000002 
Vehicle 0.3033265443308071 367.5 164.38 478.31 222.58 
Vehicle 0.3033265443308071 283.8 173.95 326.84999999999997 201.85 
