Person 0.830450660224681 658.5037407875061 147.81414449214935 701.0658831596375 263.63806903362274 
Person 0.803799013404242 589.1706182956696 145.08112639188766 619.2736487388611 226.37096762657166 
Person 0.785828608764233 552.2825989723206 133.0140483379364 578.991238117218 228.34923028945923 
Vehicle 0.5083952372932391 0.8562089800834656 96.32685089111328 262.0947570800781 363.9032897949219 
Person 0.30739407176096184 407.14 137.64 428.38 194.28 
Person 0.30739407176096184 356.01 143.15 387.48 177.76 
Person 0.30739407176096184 304.09 217.88 414.22 294.18 
Person 0.30739407176096184 289.93 145.51 334.77 207.65 
Person 0.30739407176096184 506.26 143.15 522.78 184.05 
Person 0.30739407176096184 437.82 137.64 462.21 202.93 
Person 0.30739407176096184 371.74 187.2 486.59 272.16 
Person 0.30739407176096184 655.72 154.16 668.3099999999998 211.59 
