Vehicle 0.8559985462195914 209.90614289045334 183.71625244617462 324.5745356082916 240.57269096374512 
Vehicle 0.803129700597231 440.5417295694351 173.7147979438305 527.7835367918015 216.96846932172775 
Vehicle 0.3011978589706162 1084.16 156.41 1100.11 178.73 
Vehicle 0.3011978589706162 574.77 171.56 628.18 207.43 
Vehicle 0.3011978589706162 559.62 167.57 593.1 185.91 
Vehicle 0.3011978589706162 714.27 169.96 746.16 192.28 
Vehicle 0.3011978589706162 988.5 158.0 1018.8 181.92 
Vehicle 0.3011978589706162 1040.32 157.21 1073.0 182.72 
Vehicle 0.3011978589706162 1103.3 154.02 1120.83 177.93 
Vehicle 0.3011978589706162 1120.83 156.41 1152.72 177.93 
Vehicle 0.3011978589706162 1180.62 156.41 1206.13 176.34 
