Vehicle 0.8941137002917111 340.54423213005066 179.03023481369019 486.8927164077759 273.5421073436737 
Person 0.7846720416499261 568.4497039318085 160.16850531101227 595.2352752685547 224.30839359760284 
Person 0.760401584448638 244.76208472251892 174.96268004179 272.42404103279114 241.13458693027496 
Person 0.741032398009844 213.48849213123322 169.37833666801453 244.73098719120026 246.2412577867508 
Don't Care 0.49973941919918835 1088.7855224609375 162.19830322265625 1190.5042724609375 213.37144470214847 
Don't Care 0.39747319879693127 286.388671875 201.49349975585938 346.2757873535156 239.93719482421872 
Person 0.31584158236803517 1084.94 132.77 1191.79 214.47 
Person 0.31584158236803517 997.74 134.34 1064.51 201.9 
Person 0.31584158236803517 280.46 165.76 349.6 237.24999999999997 
Person 0.31584158236803517 194.83000000000004 179.9 220.76 235.67999999999998 
Person 0.31584158236803517 794.26 153.98 831.97 196.4 
Vehicle 0.31584158236803517 619.07 157.12 643.42 178.33 
Vehicle 0.31584158236803517 475.3 165.76 500.44 194.83 
