Vehicle 0.8772458706344115 40.78064341843128 210.01341193914413 295.7401412129402 334.8716050386429 
Vehicle 0.8669375921339046 388.664449095726 194.64033097028732 497.170966565609 272.18252420425415 
Vehicle 0.8604783919879933 267.0222869217396 199.91813600063324 380.57904213666916 281.49812668561935 
Vehicle 0.8263630046053749 1121.479210138321 157.31512382626534 1241.5103724002838 260.07065176963806 
Person 0.7649215815228977 824.3558746576309 180.8420531451702 912.9552991390228 284.92889553308487 
Vehicle 0.673417418185118 459.9721870422363 172.88608476519585 533.6428556442261 239.43724483251572 
Don't Care 0.49671779448228015 819.8068237304688 223.88302612304688 938.9158325195312 286.57305908203125 
Vehicle 0.30427372048799 511.40000000000003 184.02 543.21 226.21 
Vehicle 0.30427372048799 547.75 184.02 566.57 200.90000000000003 
Vehicle 0.30427372048799 637.97 180.13 713.91 211.93 
Vehicle 0.30427372048799 615.25 180.13 672.37 204.79 
Vehicle 0.30427372048799 371.31 192.82 442.07 242.85 
