Vehicle 0.880643303303562 764.0559482574463 182.554230093956 1089.1338068246841 372.3251447081566 
Vehicle 0.8759216895184263 958.8874611854553 243.62070858478546 1241.0992155075073 373.3297884464264 
Vehicle 0.8620873953325516 411.5242985486984 188.37998807430267 516.3123779296875 262.74488121271133 
Vehicle 0.8114181966930029 720.474650144577 177.00085043907166 846.2630453109741 289.143942296505 
Vehicle 0.7039982991448682 659.2843773365021 179.32802438735962 727.8608905076981 230.5319756269455 
Person 0.2991384872414906 825.59 160.79 867.08 200.42 
Vehicle 0.2991384872414906 589.42 176.36 615.05 198.01 
Vehicle 0.2991384872414906 638.94 177.86 671.54 207.22 
Vehicle 0.2991384872414906 245.3 187.07 325.32 211.86 
Vehicle 0.2991384872414906 349.81 185.88 422.67 211.56 
