Vehicle 0.88690336242825 730.360330581665 199.15111362934113 979.5305871963501 359.2919334769249 
Vehicle 0.86889360679593 0.5166284009465016 201.14046335220337 413.698936522007 371.59936130046844 
Vehicle 0.8482981846361665 330.4818252325058 193.38154792785645 488.2789399623871 321.35680317878723 
Vehicle 0.8409469179603539 688.252357006073 185.97213551402092 795.5587538480759 267.2758251428604 
Vehicle 0.8169014449677822 442.0214576125145 189.33764845132828 521.7733098864555 266.16793870925903 
Vehicle 0.7862780052095044 657.0307134389877 186.75163015723228 717.0104645490646 241.27527326345444 
Vehicle 0.7182202001274441 516.2477506399155 184.12497639656067 561.8850182890892 220.41425853967667 
Vehicle 0.5629792528135245 978.5704345703125 252.4481201171875 1239.992431640625 372.7247009277344 
Vehicle 0.3016880987126363 541.96 174.26 579.41 209.03 
Vehicle 0.3016880987126363 566.92 176.04 600.81 206.4 
Vehicle 0.3016880987126363 607.05 181.39 635.5800000000002 200.12 
