Vehicle 0.8829675971399019 841.492248415947 172.0040626823902 1067.5291185379028 307.6629191637039 
Vehicle 0.8744573744040594 164.9121129512787 190.34627079963684 304.22852486371994 250.22964924573898 
Vehicle 0.8493559134288048 354.98822700977325 184.80309471488 446.402714073658 242.2376275062561 
Vehicle 0.8348563832003139 592.4337385296822 179.79496344923973 659.3547788858414 242.62987822294235 
Vehicle 0.6587624452563171 678.6968457698822 180.5146336555481 745.3085560798645 221.52306139469147 
Vehicle 0.30507022288249896 722.25 180.85 821.32 233.48000000000002 
Vehicle 0.30507022288249896 0.0 185.71 110.17 250.72 
Vehicle 0.30507022288249896 287.67 180.55 364.55 231.63 
Vehicle 0.30507022288249896 485.52 180.17 530.97 211.27 
Vehicle 0.30507022288249896 556.71 179.79 586.16 198.66 
