Vehicle 0.9172235008269995 750.3938280344009 181.0780204832554 1013.1810472011566 339.22111988067627 
Vehicle 0.8434919601123123 582.6906008720398 174.21483993530273 639.5995563268661 217.3548862338066 
Person 0.8374031625971651 279.6242752969265 176.88193917274475 339.9569039940834 308.89490246772766 
Person 0.7812607305203102 370.9942154288292 178.0388094484806 412.21469271183014 279.7892913222313 
Vehicle 0.6896914147106805 415.3680676817894 178.6278784275055 452.2390469312668 211.96071803569794 
Don't Care 0.4915134580584063 275.822021484375 233.87692260742188 337.1233215332031 327.76336669921875 
Don't Care 0.36259608459441994 371.3784790039063 217.22047424316406 412.5612487792969 293.4806213378906 
Vehicle 0.3120986447046796 153.27 205.22000000000003 319.94 306.47 
Vehicle 0.3120986447046796 294.24 184.19 397.83000000000004 261.3 
Vehicle 0.3120986447046796 560.53 175.27 591.57 204.48 
Vehicle 0.3120986447046796 543.37 173.89 567.89 195.8 
Vehicle 0.3120986447046796 529.22 174.94 544.31 186.56 
Vehicle 0.3120986447046796 647.93 170.47 764.37 252.48 
