Person 0.8274489736927766 1052.4748095273972 204.82280105352402 1121.9616569280624 307.39791691303253 
Person 0.8094415889609635 849.9094161987305 164.31532055139542 901.7658205032349 273.1155976653099 
Person 0.7806451875739728 943.8070199489594 168.00745949149132 969.959900021553 256.20704144239426 
Person 0.7796979145262829 915.6643892526627 166.68863967061043 944.147997379303 247.45658040046692 
Person 0.7701627824468686 302.036786198616 166.57645627856255 324.37128907442093 240.68324267864227 
Vehicle 0.31241981147054565 558.29 154.73 613.9 200.56 
Person 0.31241981147054565 1135.64 156.76 1193.52 300.63 
Person 0.31241981147054565 539.63 169.67 561.73 207.53 
Person 0.31241981147054565 523.51 169.13 544.88 209.52 
Person 0.31241981147054565 583.1 169.8 602.6 201.66 
Person 0.31241981147054565 272.07 189.74 301.37 229.18000000000004 
Person 0.31241981147054565 751.08 160.0 774.34 243.3 
Person 0.31241981147054565 1190.27 185.97 1227.05 286.03 
Person 0.31241981147054565 785.15 182.18 827.3 230.85999999999999 
