Vehicle 0.8370322072960968 640.5275834798813 175.93993619084358 726.5171166658401 239.4956275820732 
Vehicle 0.8126345888884277 0.8986375801032409 197.51480966806412 148.66547486186028 361.7483004927635 
Vehicle 0.6050432728096324 305.2400011718273 176.269993185997 455.92498630285263 230.70500046014786 
Vehicle 0.6050432728096324 399.82498240470886 173.89000207185745 483.1350000500679 209.13999527692795 
Person 0.3025216305169161 431.69999999999993 179.46 444.5 233.21000000000004 
Person 0.3025216305169161 419.71 182.74 434.64 235.9 
Person 0.3025216305169161 395.52 185.4 407.17 238.88 
Person 0.3025216305169161 406.57 184.83 417.92 237.97999999999996 
Vehicle 0.3025216305169161 581.46 176.56 606.25 194.47999999999996 
Vehicle 0.3025216305169161 569.28 175.09 592.09 191.26 
Vehicle 0.3025216305169161 562.89 172.33 577.58 185.72 
