Vehicle 0.892613637729293 0.8632409612182528 193.0108442902565 297.83007153868675 367.245689034462 
Vehicle 0.878009099431278 826.4606662988663 178.71525138616562 1241.9170135259628 372.400626540184 
Vehicle 0.7199432698184834 407.84550297260284 179.01450768113136 478.8543489575386 231.90338909626007 
Vehicle 0.3018213425852183 505.56 178.65 543.78 204.03 
Vehicle 0.3018213425852183 619.71 170.79 641.6 187.21 
Vehicle 0.3018213425852183 639.86 176.26 670.72 201.4 
Vehicle 0.3018213425852183 655.2899999999998 175.02 680.92 194.67999999999998 
Person 0.3018213425852183 450.18 176.21 473.32 250.20000000000002 
Person 0.3018213425852183 480.77 175.07 507.35 248.23000000000002 
Person 0.3018213425852183 522.58 174.17 535.72 215.07999999999998 
Person 0.3018213425852183 633.36 172.98 641.42 195.08000000000004 
Person 0.3018213425852183 704.8 164.07 719.99 209.86 
