Vehicle 0.868834353754732 0.4883618778549135 214.34321254491806 397.4247781634331 371.8781992793083 
Vehicle 0.8580496207853808 567.859452188015 181.63326010107994 625.8350540399551 227.62953490018845 
Vehicle 0.8489099892681388 655.1352016925812 181.92638084292412 714.6816612482071 227.8607413172722 
Vehicle 0.8332143373768494 822.0234439373016 184.8432943224907 1241.5376150608063 372.33656644821167 
Vehicle 0.8091125941973754 524.5071997046471 181.20155856013298 568.5520302057266 213.32435309886932 
Vehicle 0.7648131206857386 303.2620951831341 198.29560071229935 476.2026312947273 325.9861618280411 
Person 0.3010039834839773 737.17 169.56 751.7799999999999 212.86 
Vehicle 0.3010039834839773 299.98 179.69 346.5 204.57 
Vehicle 0.3010039834839773 462.25 175.91 525.53 202.41 
Vehicle 0.3010039834839773 381.12000000000006 176.45 473.61 224.59 
Vehicle 0.3010039834839773 638.79 131.63 707.98 210.25 
Vehicle 0.3010039834839773 618.32 176.37 647.12 199.02000000000004 
Vehicle 0.3010039834839773 82.55 186.18 198.84 239.19 
