Vehicle 0.8848441112013572 783.8473709821701 182.85953253507614 1081.017788887024 348.48352521657944 
Vehicle 0.8619300265355737 311.9793208837509 195.12100517749786 420.62860321998596 260.1768225431442 
Vehicle 0.8490259791480461 718.3212214708328 179.12883684039116 821.0170941352844 258.8713467121124 
Vehicle 0.6781953927836242 481.72052854299545 184.0299591422081 516.5446808338165 209.8209634423256 
Vehicle 0.30551651463457236 309.82 192.42999999999998 348.21 215.34 
Vehicle 0.30551651463457236 500.53 185.0 528.39 205.43 
Vehicle 0.30551651463457236 515.57 177.78 539.63 200.38 
Vehicle 0.30551651463457236 579.31 176.58 615.19 192.33999999999997 
Vehicle 0.30551651463457236 638.39 175.27 672.81 198.69999999999996 
Vehicle 0.30551651463457236 622.84 174.44 636.11 186.06 
