Vehicle 0.8820453229034374 586.5688675045967 201.23011618852615 663.2049515247345 261.31193339824677 
Vehicle 0.8722796049089298 97.83472341299057 195.94589620828629 236.88638922572136 263.5626196861267 
Person 0.861055199335993 1053.284242272377 194.68215107917786 1145.925056219101 322.3782554268837 
Person 0.770043160089085 391.4012630581856 184.65562909841537 421.6927326321602 301.5708848834038 
Vehicle 0.6797498473384957 423.97278785705566 195.4711228609085 500.25878888368607 250.26120990514755 
Vehicle 0.6601551609996309 675.5548342466354 193.71365010738373 709.1314873695374 231.0074418783188 
Don't Care 0.528370935397455 1030.67919921875 235.70555114746094 1158.266845703125 322.8774108886719 
Vehicle 0.3106157365205773 477.01 195.22 529.48 237.95 
Vehicle 0.3106157365205773 505.68 194.13000000000002 551.11 227.67 
Vehicle 0.3106157365205773 528.4 193.05 568.96 215.23 
Vehicle 0.3106157365205773 704.2 178.99 802.62 266.07 
Vehicle 0.3106157365205773 261.96 188.04 345.79999999999995 235.81999999999996 
