Person 0.8830358944324508 870.9783475399017 162.11277943849564 944.6993870735168 350.8343231678009 
Person 0.8515172235256868 774.7786402702332 173.88084322214127 829.6249425411224 359.9622845649719 
Person 0.8308588510535428 547.2293184995651 168.4646898508072 582.8495666980743 258.7698253393173 
Person 0.7622510042117607 211.0373210310936 167.64244437217712 275.10880720615387 339.0540210008621 
Person 0.7544017813117083 719.7264623641968 166.33431947231293 746.9463943243027 238.8424381017685 
Person 0.5120091576532461 995.0476684570311 164.98870849609375 1042.4683837890625 267.37432861328125 
Person 0.4180859977083806 1135.6036376953125 148.62612915039062 1194.71826171875 262.7613830566406 
Person 0.36557303869910973 952.0695190429688 158.35728454589844 988.9735717773438 247.86009216308594 
Person 0.31422714623134623 128.47 172.69 217.23 330.4 
Person 0.31422714623134623 507.29 175.07 532.65 233.71 
Person 0.31422714623134623 492.2 177.0 508.06 230.3 
