Vehicle 0.891689133472585 0.32812752155587077 216.29136657714844 291.62310868501663 373.5510673522949 
Vehicle 0.8658778644194387 376.92332196235657 183.51756262779236 487.5693227946758 265.6736030578613 
Vehicle 0.8647131621698484 697.0114693045616 190.9163212776184 796.6098867058754 258.74092197418213 
Vehicle 0.8480288190167826 162.5693692713976 189.46682262420654 311.81981483101845 261.20260667800903 
Vehicle 0.7893195173838616 339.60640648007393 185.51482820510864 393.26034367084503 228.51978158950806 
Vehicle 0.7817733693046061 644.4073423147202 182.59964990615845 687.783939063549 214.20791816711426 
Vehicle 0.7360016683511906 465.79226118326187 184.11021947860718 520.3708524107933 233.47098588943481 
Vehicle 0.3027517231505731 588.16 179.86 611.61 203.31 
Vehicle 0.3027517231505731 578.17 181.78 590.85 197.92 
Vehicle 0.3027517231505731 503.21 181.01 532.43 216.38 
Vehicle 0.3027517231505731 527.04 184.86 550.88 205.22999999999996 
