Person 0.8848711463190878 31.26624833419919 171.39743641018867 190.79201120138168 372.32715636491776 
Person 0.8558419141509513 1099.6093500852585 138.20088654756546 1191.7835594415665 373.41050058603287 
Person 0.836046581415887 354.14570331573486 179.31560799479485 401.75010573863983 302.41692066192627 
Person 0.7079695838094419 445.70950680971146 177.0201176404953 463.2733238339424 230.62540590763092 
Don't Care 0.5443745304963193 129.26783752441406 221.05015563964844 192.01747131347656 372.9632873535156 
Person 0.38763685610603393 1200.9669189453125 151.30184936523438 1242.0 371.3554382324219 
Person 0.3092676833040851 516.82 176.3 523.39 205.48000000000002 
Person 0.3092676833040851 525.78 174.3 533.6 204.8 
Person 0.3092676833040851 612.95 173.4 625.6 223.8 
Person 0.3092676833040851 426.11 173.2 442.7 233.52 
