Person 0.8489125673946177 867.05497777462 167.69766199588776 908.9503743648529 285.39506351947784 
Person 0.8422168332702787 741.2978014945984 182.09530627727509 787.0617414712906 313.23629319667816 
Person 0.834941839789524 375.18757301568985 172.97474586963654 412.4365631341934 284.9620164632797 
Vehicle 0.8301753409798555 552.0004310011864 181.02903991937637 598.0886804461479 217.3325320482254 
Person 0.8162511985042823 296.2607577443123 175.07009530067444 334.2321573495865 260.285378575325 
Person 0.8105158053696504 915.2906798124313 174.23617988824844 954.7346805334091 287.5507354736328 
Person 0.7945031217102593 689.2005661725998 184.59531372785568 720.4345564842224 275.6418299674988 
Person 0.7352980806025482 643.7686098814011 170.10889101028442 664.3819262981415 246.12501180171967 
Person 0.7310906033471267 718.2766256332397 183.78744667768478 744.9310268163681 282.75123834609985 
Don't Care 0.45509277267418824 0.593638002872467 232.31616210937503 51.3940315246582 321.4106750488281 
Don't Care 0.43237192633673033 50.7915153503418 219.8922882080078 166.33160400390625 288.94293212890625 
Don't Care 0.4054788028236276 291.23956298828125 244.75564575195312 357.68878173828125 288.071044921875 
