Vehicle 0.8810309624684688 0.6368431686423719 208.76844227313995 168.38155460357666 372.7922737598419 
Vehicle 0.8723228765005286 147.85154485702515 210.67321300506592 360.7457560300827 349.2870479822159 
Vehicle 0.8452683250955176 328.57968789339066 195.94408571720123 444.2137514948845 283.9602380990982 
Vehicle 0.7707690948054857 538.1249395608902 186.1121580004692 577.2784540057182 213.55216205120087 
Vehicle 0.2976720440723324 735.54 179.9 836.91 258.01 
Vehicle 0.2976720440723324 719.31 189.37 745.34 230.91999999999996 
Vehicle 0.2976720440723324 703.79 184.94 723.18 222.06 
Vehicle 0.2976720440723324 568.07 186.6 585.8 211.53 
Vehicle 0.2976720440723324 581.37 182.72 594.66 209.87 
Vehicle 0.2976720440723324 599.94 182.92 621.09 199.46 
