Vehicle 0.8862450971395726 939.4450110197067 206.28690719604492 1240.5767930746078 372.5530654191971 
Vehicle 0.883023541659876 0.7897844879189506 169.25402730703354 147.06220172345638 357.3434427380562 
Vehicle 0.8377803239769778 726.592404127121 174.897450953722 813.6030188798904 216.08056873083115 
Vehicle 0.7765150328444553 146.38584530353546 185.5613999068737 348.54807686805725 296.5698167681694 
Vehicle 0.6700896509691221 631.3266710042953 176.49244889616966 661.4060475826263 202.09184288978577 
Vehicle 0.3026452295565913 496.93999999999994 167.77 532.39 201.01 
Vehicle 0.3026452295565913 478.1 172.2 506.90999999999997 207.64999999999998 
Vehicle 0.3026452295565913 612.67 170.22 637.56 199.89 
Vehicle 0.3026452295565913 349.9 163.9 482.86 228.38 
Vehicle 0.3026452295565913 314.01000000000005 176.53 415.05 249.66 
Vehicle 0.3026452295565913 401.76 183.84 442.97 231.04000000000002 
