Vehicle 0.9016717639289756 72.11641652137041 188.6591836810112 302.74455866217613 327.4378851056099 
Vehicle 0.8920186316360917 0.5987631803727709 191.726915538311 110.55520440638065 372.306190431118 
Vehicle 0.8825967962247091 288.0556381344795 174.2992401123047 411.6918261051178 242.32569336891174 
Vehicle 0.8619306993525973 586.6548521518707 171.84775695204735 653.6547703742981 224.7477024793625 
Vehicle 0.8459725742102202 432.4021334052086 186.63403764367104 535.3246827721596 261.9214430451393 
Person 0.8250093114557353 883.9891701936722 182.07694217562675 946.5169984102249 338.2364809513092 
Vehicle 0.6703383221107072 913.4137605428696 48.40649105608463 1171.2628773450851 371.8929514288902 
Vehicle 0.4717748972708412 0.8753483295440674 143.6195526123047 138.44322204589844 226.5576171875 
Vehicle 0.38320270658599725 712.6386108398438 182.4622039794922 770.6118164062501 259.260498046875 
Vehicle 0.3659861937630063 682.9513549804688 172.50961303710938 749.6259155273438 231.87069702148435 
Vehicle 0.3104921118755521 750.13 177.68 947.3299999999999 305.96 
