Car 0.965900719165802 70.26054382324219 189.3677978515625 302.9938049316406 332.40521240234375
Car 0.9579824805259705 0.27240052819252014 192.32325744628906 100.04499053955078 372.1654052734375
Car 0.9501901268959045 281.2366943359375 177.1155242919922 412.7239990234375 243.4576416015625
Car 0.9328704476356506 588.4424438476562 176.18202209472656 649.3950805664062 226.27227783203125
Car 0.9192731380462646 430.1652526855469 189.12387084960938 539.0557861328125 262.9833679199219
Pedestrian 0.901099443435669 883.312744140625 181.83973693847656 945.4531860351562 341.5413513183594
Truck 0.8628596663475037 0.8753259778022766 143.6195526123047 138.44322204589844 226.5576171875
Car 0.7776554822921753 712.6385498046875 182.4622039794922 770.61181640625 259.260498046875
Car 0.759985625743866 682.9513549804688 172.50961303710938 749.6259155273438 231.87069702148438
Truck 0.7535824775695801 911.4066772460938 89.65616607666016 1110.2275390625 370.14385986328125
