Vehicle 0.9701886797752736 0.5133336780709215 200.07354766130447 322.8147559762001 371.0160255432129 
Vehicle 0.9607441799052118 859.6880507469177 188.53410333395004 1240.9867655038834 371.6604709625244 
Vehicle 0.9292538760626835 764.9161648750305 182.30363354086876 888.2091915607452 270.46801149845123 
Vehicle 0.9014366636169745 476.08551746606827 176.1406660079956 572.9130027294159 240.97906798124313 
Vehicle 0.8775805895526423 636.0612677335739 172.99898341298103 705.672779917717 214.88799154758453 
Vehicle 0.876634253111833 318.9379699230194 169.7256825864315 470.335946559906 281.09121322631836 
Vehicle 0.42562440199997476 702.8550152778625 169.57347840070724 735.4647020101547 199.61518049240112 
Vehicle 0.3805488581023045 964.9921120405197 152.46552228927612 1006.531172990799 192.15761125087738 
Vehicle 0.37729161575264036 736.8127695322037 162.4998115003109 770.6970130205154 190.68581610918045 
Vehicle 0.377166586362528 905.510205745697 153.22283282876015 970.8384758234024 197.15608656406403 
Vehicle 0.3722108751292628 750.3143920898438 178.39361572265625 812.1522216796875 245.01231384277344 
Vehicle 0.23276269501672428 314.9710693359375 186.74356079101562 353.9601135253906 209.14228820800784 
