Vehicle 0.9448556306693121 1.5497081188950688 193.2142898440361 324.8782394528389 323.5023468732834 
Vehicle 0.938866048370877 359.4235616326332 182.2921335697174 566.9882052540779 303.48003655672073 
Vehicle 0.9275933431083859 17.756324730813503 84.99586209654808 449.2062281370163 229.9036681652069 
Vehicle 0.6104336179805415 699.6487466096878 170.8001084625721 743.7454344034195 201.8754780292511 
Vehicle 0.5442713623327843 1170.1561279296875 155.85299682617188 1203.7081298828125 176.6896514892578 
Vehicle 0.530535175328684 666.6523325443268 170.68998143076897 699.8863795995712 198.51361960172653 
Vehicle 0.5152007611616117 1137.4969482421875 157.12380981445312 1172.7642822265625 179.25340270996094 
Vehicle 0.4825060576923896 1202.74609375 157.1761932373047 1241.28466796875 173.99069213867188 
Vehicle 0.39881065039658886 1103.6842041015625 157.8299560546875 1141.359375 178.58616638183594 
Vehicle 0.25631077247080936 1044.8406982421875 159.03427124023438 1087.112060546875 178.2629852294922 
Vehicle 0.22417392041895357 891.6981811523436 157.93453979492188 917.9144897460938 173.36082458496094 
