Vehicle 0.9137893842753723 0.09374420139647555 205.49645495414734 402.08489269018173 370.8368571996689 
Person 0.8594324351681739 1014.6772533655167 153.38032513856888 1099.9904931783676 312.56358337402344 
Don't Care 0.625209426164615 829.3595581054689 215.80578613281247 986.5092773437499 366.3053283691406 
Person 0.5181487422607376 928.7780151367188 182.598876953125 967.717041015625 253.03057861328128 
Person 0.5140975310896032 538.9436727762222 173.0266865491867 560.4300420880318 226.5248954296112 
Person 0.4874560466181459 681.7961272001266 173.91986560821533 706.8306044340134 226.16744101047516 
Person 0.4823165486258699 668.2596435546875 174.0109405517578 685.0325317382814 224.4705810546875 
Don't Care 0.1321966045187322 751.72 201.11999999999998 807.0700000000002 273.41 
Person 0.1321966045187322 831.36 243.48 993.45 371.68 
Person 0.1321966045187322 609.96 173.44 628.04 207.9 
