Vehicle 0.9541779193603501 194.55544039607048 191.05316698551178 425.8398724794388 338.7928158044815 
Vehicle 0.947213029653097 780.2289830446243 188.64396214485168 1009.0311312675476 336.8134796619415 
Vehicle 0.7249707393018541 495.74046778678894 175.56897550821304 534.2141742110252 201.2491598725319 
Vehicle 0.630731116150548 713.674497127533 177.0828366279602 814.7769702672958 259.28114354610443 
Vehicle 0.5289092436743449 611.3880046606064 163.9292612671852 646.9756547212601 198.99673014879227 
Vehicle 0.43082661494997254 356.4342718720436 154.09506484866142 491.7291710972786 266.5165811777115 
Vehicle 0.3823135261695356 781.1493111848831 148.04747700691223 859.8434375524521 186.7537647485733 
Vehicle 0.13850498159484712 561.4 166.1 594.2 192.5 
Vehicle 0.13850498159484712 195.24 139.18 369.28000000000003 217.16 
Vehicle 0.13850498159484712 661.98 151.61 703.2300000000001 184.95 
