Vehicle 0.899331725228603 553.5310342311859 180.69150298833847 694.2654340267181 314.99527394771576 
Vehicle 0.8548971669058607 1133.3484967947006 242.71157383918762 1240.211978316307 372.1906766295433 
Vehicle 0.8545295408841641 1151.7713459730148 180.12592568993568 1240.4297715425491 225.63759237527847 
Vehicle 0.8004650704127182 960.5073630809784 183.83078277111053 1104.0524207353592 226.78902000188828 
Vehicle 0.6290130221370228 286.0799530148506 195.96853852272034 337.6759604215622 221.67476266622543 
Don't Care 0.6262131400605125 599.029296875 0.0 632.7578735351562 30.761098861694336 
Don't Care 0.5027999982581043 389.27630615234375 101.88758087158203 401.6235046386719 125.83287048339844 
Vehicle 0.49938275795915904 340.2727485895157 195.74186950922012 377.7758241891861 218.89342367649078 
Don't Care 0.4914745469340583 953.3344726562499 81.1717758178711 976.67822265625 143.09820556640625 
Don't Care 0.47022001749268466 742.0101318359375 90.07542419433594 762.5582275390625 145.29562377929688 
Don't Care 0.4081641314844037 774.3338012695312 72.26204681396484 788.5282592773439 103.24165344238281 
Vehicle 0.23518421827548092 367.9814147949219 194.16989135742188 390.9491882324219 214.80322265625003 
Vehicle 0.13419072446503913 396.4 187.78 456.2900000000001 212.64 
