Person 0.7757636719018176 880.9681220054626 151.68354660272598 934.8888241052628 259.0226009488106 
Person 0.7742162079800136 241.34337732195854 192.9856538772583 270.0769627690315 259.52665507793427 
Vehicle 0.6556835783563764 443.87125647068024 171.50865867733955 506.26005828380585 224.72450137138367 
Person 0.5608214280929498 646.8768260478973 169.14963349699974 664.3273047208786 205.7833895087242 
Vehicle 0.5148088938150477 1.1289427280426025 251.81622314453125 79.28192138671875 373.8161315917969 
Don't Care 0.13154127220400508 959.26 247.26 999.49 375.0 
Don't Care 0.13154127220400508 830.07 210.43 858.97 313.56 
Don't Care 0.13154127220400508 873.7 234.79999999999998 901.47 340.19 
Person 0.13154127220400508 0.0 232.52999999999997 84.99 374.18 
Person 0.13154127220400508 163.18 210.43 226.07000000000002 267.09 
