Vehicle 0.9896885419798915 0.7100752416299656 203.84307950735092 384.09164267778397 371.3712841272354 
Vehicle 0.9648705560328356 125.01980790495872 96.4764766395092 469.31327337026596 226.84436291456223 
Vehicle 0.6129715970937236 491.9552185535431 177.10170149803162 526.1197357177734 203.97817343473434 
Vehicle 0.5742397994055123 659.9447157382965 172.5924164056778 691.3067182302475 198.59035313129425 
Vehicle 0.5629480283382108 686.0811613798141 170.76382040977478 734.9057832956314 206.25581592321396 
Vehicle 0.5227947056836966 1170.262939453125 155.8037567138672 1203.5526123046875 176.81033325195312 
Vehicle 0.5154216016453114 1137.327392578125 157.53173828125 1172.560302734375 179.252685546875 
Vehicle 0.4777840037149428 1202.8563232421875 157.0814971923828 1241.1597900390625 174.1502227783203 
Vehicle 0.4019132406392602 1103.573974609375 158.12107849121094 1141.33203125 178.46923828125 
Vehicle 0.2634468506227394 1044.9539794921875 159.0622100830078 1085.7025146484375 178.1414031982422 
Vehicle 0.2217417738702239 475.7015380859375 174.76470947265625 501.6329650878906 192.4257659912109 
Vehicle 0.14124998674222225 575.67 161.14 653.86 189.47 
Vehicle 0.14124998674222225 826.67 159.44 889.0 176.44 
Vehicle 0.14124998674222225 887.87 153.21 944.53 177.57 
Vehicle 0.14124998674222225 1046.52 156.61 1153.61 183.24 
