Vehicle 0.9359486369932185 1013.1518797874451 204.44925874471664 1227.6753205060959 371.5107589960098 
Vehicle 0.906286690906254 368.8213541507721 187.91323900222778 542.8626455068588 291.8805107474327 
Vehicle 0.8918054279287585 823.5105378627777 182.021152228117 922.8523800373077 253.96710634231567 
Vehicle 0.8642870059504929 560.8603463172913 179.3023869395256 631.6410720348358 229.20311987400055 
Vehicle 0.6269050430413002 784.6474760770798 175.05550011992455 823.5252696275711 219.89630162715912 
Vehicle 0.5541635666753855 805.7529296875 181.92942810058594 853.8486328125 233.5222625732422 
Vehicle 0.5016313668940537 666.8627228736877 173.5832691192627 704.7618534564972 202.8634250164032 
Vehicle 0.44567009477231684 744.8401747941971 171.0633672773838 786.0120520591736 195.46200335025787 
Vehicle 0.43980825483591685 911.1519165039062 2.0269970893859863 1240.469482421875 203.30506896972656 
Vehicle 0.43594813918693764 616.7587890625 177.89593505859375 649.9459228515625 218.09152221679688 
Vehicle 0.3732355026656093 634.5251666307449 172.16096073389053 665.2334933280945 214.2365723848343 
