Person 0.820254334513821 655.6776667833328 166.2343503832817 679.9244298934937 238.09935200214386 
Person 0.7886858727081002 680.2715406417847 164.27163916826248 709.5576080083847 237.22966885566711 
Person 0.6754288889229481 447.20205849409103 166.02467054128647 477.7619352340698 243.77597784996033 
Don't Care 0.38340242181822926 738.2716674804689 206.31324768066406 780.051513671875 286.8430480957031 
Don't Care 0.3420640913935703 854.4694213867188 185.74026489257812 1010.3482055664062 373.118408203125 
Person 0.13623201368473847 294.31 193.21 399.64 283.89 
Person 0.13623201368473847 526.93 166.18 552.84 207.29 
Person 0.13623201368473847 557.34 165.61 593.96 205.6 
Person 0.13623201368473847 1010.75 232.07 1141.99 370.63 
Person 0.13623201368473847 599.59 163.92 628.31 208.42 
Vehicle 0.13623201368473847 735.89 205.04 774.76 294.59 
