Vehicle 0.9041762161671228 903.6367546319962 158.58789905905724 1230.899430155754 369.8110431432724 
Vehicle 0.8555738854075998 301.3917532861233 188.03934752941132 406.4109326004982 250.66298246383667 
Vehicle 0.821064284828414 758.3968037366867 175.57811737060547 885.1141884326935 261.56267523765564 
Vehicle 0.8144332827819974 588.0866094231606 174.18208345770836 636.2342734336853 218.36981177330017 
Vehicle 0.7341006110258024 823.0946044921875 180.3601531982422 931.3662719726562 285.64093017578125 
Vehicle 0.5899026629254635 684.2809989452362 174.15645718574524 773.9623568058014 222.07023203372955 
Vehicle 0.5418966276622479 659.38039290905 172.8190742433071 698.1946696043015 210.26498079299927 
Vehicle 0.46570124832593385 431.347738802433 178.83113399147987 467.0661980509758 201.90522819757462 
Vehicle 0.46512636179436395 486.74050694704056 179.37617003917694 517.1782577633858 201.31605863571167 
Vehicle 0.1303157644403187 553.48 157.83 584.56 190.04 
