Vehicle 0.88651347360503 778.0044865608215 173.16809669137 961.4482712745667 272.1315175294876 
Vehicle 0.8629726808902223 145.89692097902298 196.95176929235458 335.91614377498627 288.92429172992706 
Vehicle 0.8595054238527268 595.2823362350464 180.37095665931702 667.3795191049576 248.20391088724136 
Vehicle 0.7626121779946413 70.97360356897116 184.21711027622223 198.64341259002686 242.6004409790039 
Vehicle 0.6847817700113974 338.39281994104385 180.78408390283585 397.6839905977249 227.0827665925026 
Vehicle 0.6587196891533458 449.59758228063583 183.23598057031631 507.703253030777 223.1280952692032 
Vehicle 0.6567817086310516 526.5536195039749 180.73945865035057 561.2523297071457 206.867516040802 
Vehicle 0.627060077543189 674.3631159067154 181.54233321547508 717.6562192440033 220.178984105587 
Vehicle 0.6260096155615352 411.23325365781784 181.02559447288513 455.19380217790604 213.12517672777176 
Vehicle 0.6089206356638899 705.4868931770325 181.19198083877563 791.4803498983383 228.58871519565582 
Vehicle 0.38746086422375126 273.3600158691406 189.18716430664062 350.212158203125 233.56822204589844 
Vehicle 0.21461810340897838 587.9700927734375 180.29698181152344 606.8980712890625 202.83544921875 
