Person 0.8572955657044914 857.2922201156616 155.2166074514389 919.0688796043396 291.77515149116516 
Don't Care 0.35442315419564224 250.92909240722656 207.17494201660153 307.3936767578125 282.6380310058594 
Person 0.13473196352715303 1140.43 230.36 1221.61 362.51 
Person 0.13473196352715303 252.16 202.04 286.14 285.11 
Person 0.13473196352715303 289.92 202.98 311.63 285.11 
Person 0.13473196352715303 315.41 202.04 340.89 286.99 
Person 0.13473196352715303 345.61 203.93 366.37999999999994 286.05 
Person 0.13473196352715303 371.1 201.08999999999997 424.91 285.11 
Person 0.13473196352715303 921.43 187.88 959.19 280.39 
Person 0.13473196352715303 961.07 195.43 1002.61 287.94 
