Vehicle 0.9471866741791042 833.1934529542923 192.9086521267891 1233.5327146053314 372.0133379101753 
Vehicle 0.9274190122297422 3.566851340699941 187.91844695806503 295.6178268492222 303.5838380455971 
Vehicle 0.8894925576431948 679.7974344491959 181.86936154961586 743.2885276079178 227.09016501903534 
Vehicle 0.8615574934431226 747.9107483625412 178.33970859646797 901.2931455373764 290.94064235687256 
Vehicle 0.8472024527773071 244.9918210208416 182.0746622979641 397.97740441560745 253.84899973869324 
Vehicle 0.6056324987346781 442.8573186993599 175.86033046245575 509.3410329222679 220.2356904745102 
Vehicle 0.5647088099390764 372.25230073928833 184.19048935174942 458.63589012622833 237.20895498991013 
Vehicle 0.4711098171991808 634.3405383825302 162.08289563655853 676.1669057607651 200.2837434411049 
Vehicle 0.435464160701843 520.3806769251823 172.84218594431877 559.3942766189575 197.1530243754387 
Vehicle 0.43103424653271516 735.5338134765624 181.14305114746094 780.039306640625 211.77647399902347 
