Vehicle 0.889891059733341 343.38862788677216 181.7648783326149 413.28463339805603 222.94342517852783 
Vehicle 0.788588022145693 722.5368010997772 168.81250217556953 755.4676254987717 196.893610060215 
Vehicle 0.7850669647303652 636.9413981437683 171.13279178738594 682.5677465200424 203.43491435050964 
Vehicle 0.6792610861495969 1168.1734263896942 155.07644042372704 1208.4470361471176 177.50930786132812 
Vehicle 0.6287453035156224 486.30232948064804 179.27685007452965 524.6330119371414 206.42982423305511 
Vehicle 0.5662900734237877 1104.5530046224594 157.90581330657005 1142.8061417341232 179.69726398587227 
Vehicle 0.4972344245356262 1137.5504150390625 157.50843811035156 1172.617919921875 179.32568359375 
Vehicle 0.49371837722537126 688.4628953933716 170.5392636358738 714.1282206773758 189.74731117486954 
Vehicle 0.4887166524148999 1202.74755859375 157.33871459960938 1241.1759033203125 174.21107482910156 
Vehicle 0.4260579967956764 1045.0830169916153 158.22166576981544 1086.192932009697 178.75303700566292 
Vehicle 0.38497240169272023 891.7642847299576 155.89166432619095 917.758594751358 173.35673421621323 
Vehicle 0.14464628013064681 841.82 156.41 876.9 179.53 
Vehicle 0.14464628013064681 534.11 173.95 558.03 197.86 
