Vehicle 0.8492763563749768 56.19066162407398 206.02460950613022 219.5480089187622 268.35523545742035 
Vehicle 0.8325487371384365 208.99329167604446 202.21024006605148 275.4159505069256 240.31595885753632 
Vehicle 0.7823425826143531 568.5006911158562 184.62783470749855 647.9727509021759 256.6676661372185 
Vehicle 0.7397311896050343 0.2984262983954977 213.69997411966324 72.70496533066034 259.7130015492439 
Vehicle 0.6011760191424455 310.8744385242462 193.5729905962944 360.33478420972824 226.1854112148285 
Vehicle 0.5396793167153712 275.6107392311096 196.63596153259277 313.2552101612091 225.62286257743835 
Don't Care 0.502365391476308 1166.849853515625 53.588882446289055 1216.6138916015625 143.16322326660156 
Don't Care 0.49937054843805556 933.4711303710938 0.0 962.1105346679688 33.582027435302734 
Don't Care 0.4377769029993488 251.1552276611328 59.12135696411133 271.0706481933594 97.49102783203126 
Don't Care 0.2566424610742722 859.2083129882812 124.62171173095705 876.9242553710938 167.11692810058594 
