Vehicle 0.9196470312619578 238.07182247936726 190.85861206054688 360.18043035268784 253.35740280151367 
Vehicle 0.8999283153059259 8.638270637951791 192.27550220489502 113.78215393424034 265.0158748626709 
Vehicle 0.8513547349634007 9.317496635951102 289.8137159347534 163.6249490827322 374.8752417564392 
Vehicle 0.8333122183653443 381.6903885900974 190.98631191253662 498.955353051424 267.4989175796509 
Vehicle 0.8182981670985413 576.9105194211006 179.44552183151245 614.8409368097782 213.454336643219 
Vehicle 0.71397493635508 204.57599791884422 188.24132537841797 274.116372436285 229.46043062210083 
Vehicle 0.505080340577234 360.71445217728615 181.27395153045654 411.548492282629 223.3660683631897 
Vehicle 0.46337547637575616 471.1547811925411 183.25326561927795 516.3526516258717 220.0782117843628 
Vehicle 0.41211170483269893 293.6884765625 180.6157989501953 360.2115173339844 214.9749908447266 
Vehicle 0.3839242605794024 511.559436827898 161.19211888313293 558.3209826350212 205.58997106552124 
Don't Care 0.2738648024226201 665.3426513671876 138.24459838867188 691.71142578125 164.19351196289062 
