Vehicle 0.9169767700558397 589.6757152676582 187.45407834649086 667.75232899189 249.04518574476242 
Vehicle 0.9097738084872834 188.31883290410042 184.91825088858604 298.33583745360374 238.62654715776443 
Vehicle 0.7859361977538378 684.0741620063782 166.89981892704964 761.4610848426819 237.02598363161087 
Person 0.7348516642317992 928.9932310581207 176.95604637265205 983.0071356296539 260.7848569750786 
Person 0.7197479724989454 449.6760159730911 172.1186824142933 473.1516383886337 256.9323107600212 
Vehicle 0.7091481486414525 469.30520421266556 182.66726285219193 520.5222943425179 228.2392457127571 
Don't Care 0.6916580380173237 905.5833129882812 204.63595581054688 992.572509765625 263.9503173828125 
Vehicle 0.4988878455503833 327.7938703894615 175.54404214024544 389.52666449546814 217.13758260011673 
Vehicle 0.474406463027655 510.2440490722657 181.84449768066406 547.4487915039062 214.72329711914062 
Don't Care 0.40572772659160544 1201.59423828125 97.37696838378906 1230.468017578125 136.68930053710938 
Vehicle 0.3489672920340689 577.7619018554688 182.12716674804688 618.8419189453125 220.9986572265625 
Vehicle 0.24819976524215553 552.24462890625 182.2011260986328 571.154052734375 200.6876220703125 
Vehicle 0.21944870571774544 663.4193725585938 177.1633758544922 687.5236816406249 213.66148376464847 
