Vehicle 0.9458780718035805 893.2549320459366 211.9615003466606 1235.9122277498245 370.9885999560356 
Vehicle 0.9429139383217264 762.7900528907776 183.36567655205727 1008.8792238235474 331.7698538303375 
Vehicle 0.8783527555514766 691.4650661945343 181.2327839434147 772.6984602212906 240.13743549585342 
Vehicle 0.7206776519878141 183.61893725395203 194.30648535490036 284.54918199777603 241.79866164922714 
Vehicle 0.6719923514808085 4.298519256524742 196.33278250694275 158.90107172727585 241.66110903024673 
Vehicle 0.633613433226532 657.1018552780151 180.09250983595848 692.008142709732 207.06593245267868 
Vehicle 0.584434313711159 602.9342665672302 175.63316971063614 633.8731194734573 202.2765353322029 
Vehicle 0.4825197547038039 502.0394076704979 177.15584859251976 526.433322429657 203.9075642824173 
Vehicle 0.3680756879275032 462.2704163789749 184.23721566796303 498.69155859947205 211.5846946835518 
Vehicle 0.28975855467897843 258.609619140625 197.32858276367188 319.9750671386718 237.5655975341797 
