Vehicle 0.895703214379599 97.52005402743816 178.75642329454422 310.32186779379845 272.3730057477951 
Vehicle 0.7643565625493967 403.30586153268814 177.80479788780212 466.4120410680771 209.7051590681076 
Vehicle 0.7513887687497853 547.0567937493324 175.37996917963028 661.0993455648422 214.24034982919693 
Person 0.7422319188337939 353.78869861364365 171.96066677570343 382.5657205581665 252.92211771011353 
Vehicle 0.6802896627632832 831.2076258659363 159.64333713054657 934.3925338983536 202.88396626710892 
Vehicle 0.5739166830441945 696.835053563118 171.33083939552307 728.0795720815659 194.4023296236992 
Don't Care 0.5703105421013023 1120.080322265625 207.14880371093747 1233.9522705078125 301.45086669921875 
Person 0.5514691161527182 1160.4815944433212 166.40423610806465 1234.4157321453094 273.77772331237793 
Don't Care 0.3841415364610053 358.3996887207031 104.86551666259766 372.15203857421875 145.33018493652344 
Vehicle 0.1314190872780641 521.19 173.97 553.11 195.52 
