Person 0.8775446678729161 510.6904807090759 162.45758205652237 556.7031905651093 254.5200252532959 
Vehicle 0.8279999096190815 1054.965054988861 186.4506494998932 1153.797423362732 224.03799295425415 
Person 0.7931748056648533 402.55548191070557 169.55956310033798 433.83430910110474 255.76266407966614 
Person 0.7476110714274399 102.02205401659012 156.42639726400375 195.58100152015686 305.1799088716507 
Don't Care 0.7342629539434775 691.87353515625 199.5881805419922 768.4053344726562 269.95587158203125 
Don't Care 0.7338460669710951 97.45726776123047 228.40184020996094 199.37139892578125 334.0970764160156 
Vehicle 0.7204615370297232 962.9777183532715 184.97851967811584 1064.981487751007 221.8518739938736 
Person 0.7159052970905766 708.3013029098511 157.2940456867218 763.6465187072754 257.7032148838043 
Person 0.48557465119205717 326.9815499782562 158.44246000051498 344.135094165802 201.98910415172577 
Vehicle 0.46023321696986236 1143.0522322654724 187.26487278938293 1222.5998997688293 226.30017518997192 
Vehicle 0.3823835381407874 597.9860844612122 170.9880155324936 642.2135953903198 207.64158248901367 
Don't Care 0.25785405682228635 838.8297119140625 216.33042907714844 1222.56982421875 300.7727966308594 
Don't Care 0.2529354802067194 80.71488189697266 170.01988220214844 123.76004028320312 203.40487670898438 
Person 0.13781537711110795 348.81 153.98 366.09999999999997 194.04 
Person 0.13781537711110795 298.53 157.12 312.67 201.9 
Person 0.13781537711110795 213.69 157.12 289.11 198.75999999999996 
