Vehicle 0.8800077441267601 930.69493496418 148.90465512871742 1241.9571372270584 364.87559974193573 
Vehicle 0.8272964546217767 695.1682913303375 171.8481257557869 767.7853056192398 214.43583816289902 
Vehicle 0.8210555022480217 26.568441689014435 186.16452813148499 163.0365520119667 236.84336990118027 
Vehicle 0.7711197587706053 763.7439901828766 165.64194113016129 826.991231918335 212.2788056731224 
Vehicle 0.770700506377665 316.6656137108803 183.1459254026413 393.19572526216507 228.09011489152908 
Vehicle 0.5469261396902625 456.63116455078125 172.5290985107422 498.8378601074219 205.7272796630859 
Vehicle 0.5465878681770099 844.5092250108719 130.71856275200844 1034.1020039319992 218.38543564081192 
Vehicle 0.2620830812440425 1185.5076904296875 133.9864501953125 1241.4224853515625 204.49078369140625 
Vehicle 0.12904736529989333 217.23999999999998 164.26 311.49 233.22 
Vehicle 0.12904736529989333 534.48 164.26 587.35 224.02000000000004 
