Vehicle 0.9371845925567123 339.68086981773376 179.98241513967514 485.36085748672485 273.8331061601639 
Person 0.7866615622995242 568.9071021080017 160.4245600104332 595.1368210315704 225.33790528774261 
Person 0.7532805821998954 244.01723957061768 175.79097360372543 271.1323353052139 239.5906502008438 
Person 0.7266407295509132 212.77525520324707 169.57093179225922 244.57841777801514 247.0148140192032 
Don't Care 0.6873280161984533 1088.7855224609375 162.19830322265625 1190.5042724609375 213.37144470214847 
Vehicle 0.5721800159555992 472.8222963809967 169.0454798936844 499.32220816612244 191.1190688610077 
Don't Care 0.5466738358541557 286.388671875 201.49349975585938 346.2757873535156 239.93719482421872 
Person 0.45741350079111276 1105.7039694786072 131.50557398796082 1167.4337911605835 211.54317200183868 
Don't Care 0.44718936222580435 555.2937622070312 0.0 566.4840698242188 25.98958969116211 
Don't Care 0.2860138632616258 999.4119262695312 163.53164672851562 1064.4052734375 207.6781463623047 
Don't Care 0.2663844938313389 41.666526794433594 126.09947967529297 62.554893493652344 161.0509796142578 
Vehicle 0.2285306962147786 1161.810546875 143.29872131347656 1223.522705078125 186.25643920898438 
Person 0.14184487479078237 194.83000000000004 179.9 220.76 235.67999999999998 
Person 0.14184487479078237 280.46 165.76 349.6 237.24999999999997 
Vehicle 0.14184487479078237 619.07 157.12 643.42 178.33 
Person 0.14184487479078237 997.74 134.34 1064.51 201.9 
Person 0.14184487479078237 794.26 153.98 831.97 196.4 
