Vehicle 0.8980313836612397 911.0709657669067 237.40538209676743 1241.4028823375702 371.9653934240341 
Vehicle 0.8921597734097312 699.0899759531021 184.73586067557335 839.7570093870163 274.0795612335205 
Vehicle 0.8362224792405674 25.083691243082285 199.16982203722 212.08966434001923 340.2364253997803 
Vehicle 0.8158450794790628 272.40833857655525 186.93293631076813 457.79799324274063 247.73291498422623 
Vehicle 0.7071971190620554 671.8456127643585 179.9294650554657 728.2400668859482 222.8149026632309 
Vehicle 0.540034017949371 645.3684117794037 170.94825580716133 681.8180551528931 201.71016454696655 
Vehicle 0.5306392138001308 79.58362144231796 181.03603273630142 331.83178049325943 282.6261520385742 
Vehicle 0.4762039594627482 447.7235019207001 176.99573189020157 509.0197101831436 217.0831561088562 
Vehicle 0.32185684067176107 486.78525745868683 171.68447747826576 542.063798904419 209.04730260372162 
Vehicle 0.13290287664788755 353.29 170.1 458.15 217.2 
