Vehicle 0.7537423281385354 299.8933514356613 166.07384383678436 360.13416570425034 200.64528286457062 
Vehicle 0.5708597688659448 368.40582954883575 165.64881429076195 445.50089317560196 196.28611207008362 
Vehicle 0.4592272590899834 762.1790177822113 158.77360850572586 812.3803564310074 183.67864564061165 
Vehicle 0.4271966151408111 713.5328797101974 168.08576881885529 767.5096957683563 187.59823590517044 
Vehicle 0.41683464379672497 614.0682234764099 161.97612136602402 665.6781853437424 188.14913928508759 
Vehicle 0.1557637774360454 1110.75 155.13 1142.67 174.54 
Vehicle 0.1557637774360454 807.66 162.44 843.27 182.27 
Vehicle 0.1557637774360454 585.19 163.57 620.35 187.90999999999997 
Vehicle 0.1557637774360454 687.42 166.28 725.82 189.0 
Vehicle 0.1557637774360454 235.24 154.38 299.61 199.81 
Vehicle 0.1557637774360454 660.37 168.44 700.94 192.23999999999998 
Vehicle 0.1557637774360454 532.18 154.38 597.63 192.23999999999998 
Person 0.1557637774360454 268.72 162.35 283.15 206.07 
