Vehicle 0.9586950011478088 1.099115546210669 204.54253256320953 190.59266969561577 322.5868418812752 
Vehicle 0.7779466925435388 223.14415115118027 160.51461920142174 532.9128929972649 322.99187779426575 
Vehicle 0.6641881685327745 1170.4048075675964 155.71647137403488 1203.3174208402634 176.62915214896202 
Vehicle 0.6463168276065655 1137.5912450551987 157.4801467359066 1172.7753632068634 178.46930399537086 
Vehicle 0.6413737429784091 684.6920077800751 165.2321107685566 738.3841084241867 208.40343832969666 
Vehicle 0.6241046466104969 1203.609835267067 158.20171684026718 1241.287397146225 174.22298714518547 
Vehicle 0.5557684286834839 1103.4900966882706 158.37500989437103 1139.1549589633942 178.26927825808525 
Vehicle 0.4230992323142403 1045.340563774109 159.34471786022186 1081.7412739992142 178.53489518165588 
Vehicle 0.4173703365632352 890.7282493114471 158.04529935121536 918.2969334125519 173.55182021856308 
Vehicle 0.14018712506928124 973.45 164.24 1003.17 179.1 
Vehicle 0.14018712506928124 860.52 159.78 882.81 172.42 
Vehicle 0.14018712506928124 843.43 161.27 863.49 174.57 
Vehicle 0.14018712506928124 526.84 180.32 553.72 198.24 
