Vehicle 0.828592892468911 265.80441784858704 181.26926198601723 360.5297024846077 245.95937132835388 
Vehicle 0.8175539386868789 144.56599116325378 196.61664962768555 281.03278747200966 267.60169118642807 
Vehicle 0.7941140566607356 378.33970284461975 182.79380723834038 445.00982201099396 220.91909497976303 
Vehicle 0.7910896072672905 0.4323306237347424 182.82894417643547 145.09821318089962 308.28431993722916 
Vehicle 0.7167164926047925 433.8956678509712 181.25731498003006 471.89333099126816 210.9515368938446 
Vehicle 0.6074013449431052 498.10395365953445 177.41230130195618 530.2180534601212 198.27215373516083 
Don't Care 0.40359782241976316 680.852294921875 149.11671447753906 725.9354248046875 185.7042694091797 
Person 0.12607843154305426 830.82 162.48 845.21 194.04 
Person 0.12607843154305426 765.51 162.92 774.32 183.48 
Vehicle 0.12607843154305426 681.8000000000001 149.97 725.44 185.42 
