Vehicle 0.9540854639811815 0.7521461070282385 192.9580494761467 298.2075452506542 367.08227545022964 
Vehicle 0.9338722414864525 825.9697061777115 178.22277545928955 1241.891843676567 371.61753326654434 
Vehicle 0.7151021727918423 408.8744686245918 182.2068728506565 476.33817833662033 232.53019899129868 
Vehicle 0.5880429419847667 618.847681760788 170.71615532040596 641.4354747533798 187.98769265413284 
Vehicle 0.4958070424361511 504.0312311053276 178.3941239118576 537.5791980028152 207.3824778199196 
Person 0.4691006979849492 484.48317861557007 175.17952993512154 506.6541514992714 240.847148001194 
Vehicle 0.413711240599107 641.3489348888397 175.30618607997894 673.5763360261917 199.409119784832 
Person 0.13640294824383922 450.18 176.21 473.32 250.20000000000002 
Person 0.13640294824383922 522.58 174.17 535.72 215.07999999999998 
Person 0.13640294824383922 633.36 172.98 641.42 195.08000000000004 
Person 0.13640294824383922 704.8 164.07 719.99 209.86 
