Vehicle 0.890427809362234 0.6452144425129518 208.0635353922844 339.0753300189972 371.4931905269623 
Vehicle 0.8204386905067123 328.077697455883 193.72321665287018 458.2305445075035 279.0275886654854 
Person 0.8034227384999963 1096.4823664426804 134.69897210597992 1200.6445308923721 296.1296886205673 
Vehicle 0.7702535625738547 475.66347831487656 187.07521632313728 523.4633172154427 222.36782312393188 
Person 0.7337152114325035 1010.6970791816711 144.2960612475872 1127.7253303527832 320.9470957517624 
Don't Care 0.7138693000331914 997.5180053710939 222.0743103027344 1140.101806640625 357.0859680175781 
Vehicle 0.6964170516514349 560.5220339298248 179.62562665343285 594.2159859538078 206.91901445388794 
Don't Care 0.4259541645841633 1094.0166015625 218.2792510986328 1234.7161865234375 319.8437194824219 
Vehicle 0.3862162931131007 541.5493345856667 178.15297096967697 560.3832666277885 200.63189417123795 
Vehicle 0.1274906730061993 503.50000000000006 159.34 545.85 211.35 
