Person 0.8697776804513402 1051.4126418828964 204.98060435056686 1121.9075417518616 306.38444423675537 
Person 0.8443946830181843 849.8951286077499 162.59963437914848 900.5876494646072 272.37993478775024 
Person 0.8038036147772315 943.6730275154114 167.76668652892113 970.2956213951111 256.1801075935364 
Person 0.8024682962767034 914.9231371879578 166.15961864590645 944.1398541927338 247.59207665920258 
Person 0.7890276863990796 301.58078625798225 166.0601757466793 324.123662173748 240.77095091342926 
Person 0.6015705465833642 750.0685447454453 160.23336723446846 774.456500172615 241.6875958442688 
Vehicle 0.5186837322291191 557.3560370206833 155.58071807026863 614.1211171746254 201.0996714234352 
Person 0.48031224864540084 1193.6556780338287 187.07530573010445 1223.9994860887527 257.1616843342781 
Person 0.3937963378440588 271.5393495261669 189.75010514259338 297.1748041212559 226.45843774080276 
Don't Care 0.38669558143423916 861.7926635742186 206.06500244140625 903.4044189453125 276.2065734863281 
Person 0.3796287676538657 1133.1942944526672 155.7992734014988 1191.5012129545212 262.91873306035995 
Don't Care 0.2649385366604804 1015.0892333984375 216.35997009277344 1092.8934326171875 312.49395751953125 
Person 0.14379862422053288 539.63 169.67 561.73 207.53 
Person 0.14379862422053288 583.1 169.8 602.6 201.66 
Person 0.14379862422053288 523.51 169.13 544.88 209.52 
Person 0.14379862422053288 785.15 182.18 827.3 230.85999999999999 
