Vehicle 0.9067591100157506 841.0927140712738 171.36847972869873 1067.7047892808914 307.98525363206863 
Vehicle 0.8953693181104547 165.08476701378822 189.86912816762924 304.5597304701805 250.71173161268234 
Vehicle 0.8617743787179843 354.57288748025894 184.18508023023605 446.5089086294174 242.3294261097908 
Vehicle 0.8423687019039676 592.2978213429451 179.24820631742477 659.437987446785 242.98891425132751 
Vehicle 0.6066906299481492 678.6002379655838 181.2056489288807 736.1116411685944 221.43834829330444 
Vehicle 0.5366142657538734 291.94754460453987 179.43668738007545 369.77647590637207 231.42224550247192 
Vehicle 0.5280048727987374 483.4416650533676 180.04654347896576 530.4471731185913 211.93722635507584 
Vehicle 0.49839294355608355 555.4439057707787 180.32335862517357 585.6398039460182 199.32100921869278 
Vehicle 0.45799744493654737 719.2440665960312 179.74304035305977 822.443262219429 235.308900475502 
Vehicle 0.13332100676076247 0.0 185.71 110.17 250.72 
