Vehicle 0.9277615169586025 804.776841044426 186.8956759572029 1225.2047517299652 371.14204466342926 
Vehicle 0.8261785858626756 663.8578870296478 181.44889175891876 777.8614625930786 256.65532797574997 
Vehicle 0.8039171333039054 559.0036627650261 176.8309883773327 604.6202393174171 212.11523562669754 
Vehicle 0.7613378482612999 323.8828459382057 189.4512176513672 409.60909509658813 252.0352005958557 
Person 0.5830767760008576 450.98310846090317 174.39431324601173 475.0780572295189 236.04096472263336 
Don't Care 0.5616299402051761 1106.5037841796875 208.98942565917972 1241.7633056640625 309.195556640625 
Person 0.4894301888513178 418.12697929143906 176.04869976639748 443.28568732738495 239.14121836423874 
Vehicle 0.3523881569461778 1127.3275146484375 309.3570861816406 1240.8145751953125 373.2938537597656 
Vehicle 0.31023890366753465 369.1153869628906 185.47535705566406 421.3504333496094 234.85250854492185 
Vehicle 0.13489581433563777 521.67 172.53 559.98 206.86 
