Vehicle 0.930508729108368 640.2147370576859 175.4509136080742 726.7865080833435 239.65508490800858 
Vehicle 0.8946608791083008 0.7643400662345812 197.24205136299133 149.44695241749287 361.0116094350815 
Vehicle 0.46263505295438123 421.7780140042305 179.75569143891335 471.519262611866 218.47790479660034 
Vehicle 0.45951083596641173 434.24193835258484 170.27606070041656 492.6611958146095 203.12777906656265 
Vehicle 0.42654737559843336 584.4952790737152 176.59522220492363 606.4137391448021 194.83745098114014 
Vehicle 0.3686491596537864 490.3013610839843 171.66664123535156 513.6959228515625 191.51347351074222 
Vehicle 0.2902859393445013 305.2400011718273 176.269993185997 455.92498630285263 230.70500046014786 
Person 0.14514297291644893 431.69999999999993 179.46 444.5 233.21000000000004 
Person 0.14514297291644893 419.71 182.74 434.64 235.9 
Person 0.14514297291644893 395.52 185.4 407.17 238.88 
Person 0.14514297291644893 406.57 184.83 417.92 237.97999999999996 
Vehicle 0.14514297291644893 569.28 175.09 592.09 191.26 
Vehicle 0.14514297291644893 562.89 172.33 577.58 185.72 
