Vehicle 0.9335459393654085 787.8926099538803 210.57987213134766 1086.05701482296 372.6053014397621 
Vehicle 0.9164569794775523 2.5718100420199335 183.24924632906914 221.56620517373085 368.27559024095535 
Vehicle 0.9061649350588012 130.6400502026081 183.79579111933708 343.24767673015594 284.85240787267685 
Vehicle 0.805741872443547 722.103213429451 176.63463950157166 840.7125012874603 231.1515435576439 
Vehicle 0.7069611658898064 0.9721453097881749 273.9366888999939 57.378886722028255 372.0850199460983 
Vehicle 0.6609513516341189 434.7423095703125 182.9780731201172 504.7296752929688 217.43447875976562 
Vehicle 0.6606115115234236 638.0939551591873 160.5217270553112 689.2840247154236 216.60970151424408 
Vehicle 0.47383935930255794 797.3156093358994 185.59244647622108 917.2737790346146 244.22188103199005 
Vehicle 0.4418890686095634 488.3152770996094 177.91285705566406 525.8428344726562 210.4790802001953 
Vehicle 0.37542526492229683 395.65606689453125 184.36224365234375 449.1392517089844 215.1709747314453 
Vehicle 0.3193441626069568 899.3171997070312 193.7753143310547 1042.9871826171875 230.42179870605466 
Vehicle 0.22364665040354806 514.5051879882812 180.1468505859375 551.8507690429688 202.30296325683594 
Vehicle 0.13480509976967822 301.44 169.42 449.02 246.0 
