Vehicle 0.9078958822005744 939.6735384464264 205.70654422044754 1240.1517927646637 371.8222305178642 
Vehicle 0.9036100197968654 1.0267917739693075 170.00846564769745 149.0164462029934 361.9658276438713 
Vehicle 0.8434183036149746 726.90502846241 176.095861941576 814.8064337968826 215.7464101910591 
Vehicle 0.671522484380422 135.4969983100891 186.36709079146385 346.56036204099655 302.7587905526161 
Vehicle 0.6203224787224919 630.276125907898 176.30554363131523 662.6239721775055 202.63472199440002 
Vehicle 0.5734938019493633 309.9941045343876 176.29702761769295 416.66105765104294 233.6905226111412 
Vehicle 0.4659828460862512 478.8007519841194 172.81875014305115 508.8123180270195 206.13015443086624 
Vehicle 0.3975150603480108 351.8333714604378 163.2721871137619 483.2512255311012 223.18574041128159 
Vehicle 0.13147411933957318 496.93999999999994 167.77 532.39 201.01 
Vehicle 0.13147411933957318 612.67 170.22 637.56 199.89 
Vehicle 0.13147411933957318 401.76 183.84 442.97 231.04000000000002 
