Person 0.8277838499941541 381.4770827293396 167.03847020864487 419.9885573387146 243.73864591121674 
Person 0.8169378019674846 1008.4992513656616 160.44469505548477 1075.8692350387573 311.07810974121094 
Person 0.8144836237323709 330.6015944480896 161.22879296541214 362.0088243484497 244.03681218624115 
Person 0.8144219840543325 630.8941669464111 158.7025284767151 671.9377284049988 278.8136297464371 
Person 0.7771637829490041 223.6126627922058 156.30071312189102 250.04507195949554 235.31763195991516 
Vehicle 0.7093619882026717 1065.2470703125 186.826904296875 1153.587890625 225.1259460449219 
Person 0.5433323702467144 302.36468946933746 164.9633365869522 323.6656959056854 234.81849014759064 
Person 0.4408090533472752 267.11840093135834 158.9440056681633 290.488606095314 234.8828649520874 
Don't Care 0.25942240619995555 626.97119140625 208.26388549804688 649.48876953125 241.468994140625 
Vehicle 0.24560499603149746 594.704345703125 172.55767822265625 634.9129638671875 203.74417114257812 
Vehicle 0.2445569601199203 1131.9920654296875 187.83474731445312 1198.3624267578125 225.23623657226565 
Don't Care 0.23818461670811944 840.864990234375 217.4442138671875 1005.9307861328125 286.8838806152344 
Person 0.1417847050723144 284.25 165.3 302.1 228.70000000000002 
