Person 0.9090498948323023 29.2241013944149 170.87332159280777 190.66642105579376 371.5844079852104 
Person 0.8700468543220423 1099.2553435564041 138.12720403075218 1193.6792932748795 372.89929389953613 
Person 0.8434502788388211 354.88421630859375 178.78995090723038 399.14561855793 302.0641654729843 
Don't Care 0.7314096956724532 129.26783752441406 221.05015563964844 192.01747131347656 372.9632873535156 
Person 0.6713688806864393 445.3174864053726 176.4032542705536 463.26214545965195 230.5234596133232 
Person 0.5208203894062561 1200.9669189453125 151.30184936523438 1242.0 371.3554382324219 
Person 0.4090353422552978 426.60455471277237 173.6612655222416 443.4945230484009 229.6629622578621 
Person 0.36213286731270183 611.8001979589462 172.63934388756752 626.2160811424255 221.01791203022003 
Don't Care 0.32832598542768054 170.87750244140625 243.1871337890625 254.6193389892578 343.25286865234375 
Person 0.13568172583157664 516.82 176.3 523.39 205.48000000000002 
Person 0.13568172583157664 525.78 174.3 533.6 204.8 
