Vehicle 0.8877345316937276 0.42539951085927896 216.75124740600586 291.2771724611521 372.9910750389099 
Vehicle 0.8544199324285929 375.9664912521839 183.79709935188293 488.16973212361336 266.1582932472229 
Vehicle 0.8529166557820643 697.0304794311523 190.85347986221313 796.862861931324 259.9291043281555 
Vehicle 0.8313822392103621 162.40456552803516 189.09546661376953 312.02870431542397 261.7383723258972 
Vehicle 0.7556064203278011 339.667838037014 185.86827754974365 394.81728783249855 228.45698499679565 
Vehicle 0.7458666364621966 644.8581116199493 182.75474762916565 687.6689906716347 214.25657320022583 
Vehicle 0.6867893282680602 466.2030500471592 184.19840812683105 519.5511239171028 233.38324546813965 
Vehicle 0.5340039731387235 583.1599321067333 180.45333766937256 612.1626540720463 203.4827218055725 
Vehicle 0.36220275783921024 502.3638613522053 182.88564109802246 531.5432221591473 214.99670791625977 
Vehicle 0.1275952545706317 578.17 181.78 590.85 197.92 
Vehicle 0.1275952545706317 527.04 184.86 550.88 205.22999999999996 
