Vehicle 0.906324819820412 791.8559728860855 190.34305214881897 1058.2421103715897 354.1942164301872 
Vehicle 0.8767517067592218 34.07072940096259 184.61649119853973 349.96687906980515 282.66093134880066 
Vehicle 0.8715780974755436 0.42157766298623756 278.8621187210083 80.62610663473606 373.21968376636505 
Vehicle 0.7479767548103279 397.1795201897621 182.74275586009026 475.0769467949867 237.10725456476212 
Vehicle 0.6992847376605027 678.5930786132812 182.81817626953125 734.0272827148438 223.53076171875 
Vehicle 0.6845001603908408 297.1066789627075 181.66012689471245 425.85575169324875 245.64845860004425 
Vehicle 0.6715897048117756 732.6989057064056 178.74203994870186 855.9789032936096 275.59883147478104 
Vehicle 0.5265305853047082 447.50048828125 177.54627990722656 506.68310546875 226.19784545898438 
Vehicle 0.4868764145367045 473.9324951171875 176.7484130859375 549.0350341796875 212.07159423828122 
Vehicle 0.3008217662968254 711.4091796875 176.87582397460938 760.927978515625 206.39712524414062 
Vehicle 0.2186486528545085 636.70947265625 163.24278259277344 675.32373046875 198.01589965820312 
