Vehicle 0.9012278080904318 1.1159690651111305 191.2953481078148 396.22114115953445 370.713472366333 
Vehicle 0.8993195174845681 886.2702988386154 223.26504439115524 1241.0998077392578 371.47510796785355 
Vehicle 0.8803043954984936 405.6158614754677 183.95987525582314 562.745012819767 292.33527928590775 
Vehicle 0.8269005350279232 749.361123919487 181.89485371112823 817.5118224620819 243.30438673496246 
Vehicle 0.7983490786045199 586.8307079672813 171.13381996750832 637.5700521469116 212.9979506134987 
Vehicle 0.5266324493522391 707.4782724380493 171.5591512620449 732.7227430343628 194.9549987912178 
Vehicle 0.5050078393527817 631.9709451198578 173.98222535848618 655.3724645376205 203.8234993815422 
Vehicle 0.3478561423855189 650.6740112304688 167.664306640625 671.1650390625 187.28343200683594 
Vehicle 0.22951417082372316 733.5853271484375 180.15740966796875 763.1263427734375 222.6736602783203 
Person 0.1333991820222752 672.45 172.4 681.43 199.65 
