Vehicle 0.9552370581399993 524.9540755748749 178.16611379384995 734.4897404909134 371.14913016557693 
Vehicle 0.8298889912409461 215.9884740114212 191.08041375875473 298.5434887111187 224.1128906607628 
Vehicle 0.7900429537748803 389.4996069073677 180.3971417248249 494.40017330646515 216.65411442518234 
Don't Care 0.6268303706940869 599.33251953125 0.0 630.9307861328125 31.540550231933594 
Vehicle 0.6000375694032376 482.02449148893356 177.21693590283394 528.6620015501976 207.43605494499207 
Don't Care 0.5335332059731419 732.7799682617188 88.47010040283203 753.0439453125001 140.20025634765625 
Don't Care 0.45128277307186637 392.8582763671875 96.3984603881836 404.50094604492193 121.13339996337892 
Don't Care 0.4428205896518791 933.3669433593749 84.69351959228516 954.7521362304688 138.37667846679688 
Person 0.23580658179223887 634.7120971679689 200.05543518066406 697.4766845703125 256.1063232421875 
Don't Care 0.230697637212779 469.76696777343756 99.23688507080077 517.569580078125 122.36631011962889 
Vehicle 0.1380896030472988 333.41 186.66 372.18 208.26 
Vehicle 0.1380896030472988 377.72 183.33 412.07 204.39 
