Vehicle 0.8960541039450232 986.7344201803207 226.55624896287918 1240.7438764572144 373.02305549383163 
Vehicle 0.8719935373929335 789.0078563690186 182.3972761631012 969.354639172554 302.67807841300964 
Vehicle 0.8717536592188423 183.3577075302601 165.4815785586834 412.3090426325798 321.0811838507652 
Vehicle 0.8454886966358605 435.35699969530106 177.00594663619995 548.7557955980301 250.4502832889557 
Vehicle 0.8402976087899899 626.1829161643982 169.64885964989662 700.920342206955 214.9055153131485 
Vehicle 0.8083479796757908 759.4546777009964 178.32140251994133 832.0223146677017 252.34919786453247 
Vehicle 0.48030477121254905 700.3899536132812 167.1109619140625 732.3518676757812 194.86549377441406 
Vehicle 0.39368638904304826 730.0704345703125 162.94361877441406 767.5340576171875 187.69989013671875 
Person 0.3139306851567944 0.5683320164680481 297.38861083984375 51.93006896972656 374.16693115234375 
Vehicle 0.23762237933257618 988.2415161132812 147.71115112304688 1035.1407470703125 191.46084594726562 
