Vehicle 0.8464368180733243 540.8701672255993 180.22465229034424 619.4092107713223 243.40712356567383 
Vehicle 0.8440882198845727 89.55590195208788 192.1114959716797 281.66237561404705 292.1788077354431 
Vehicle 0.8405844336402614 256.2221661657095 185.8628876209259 351.7957440316677 239.90277338027954 
Vehicle 0.8317339630827395 0.8114424079540186 169.2226758003235 86.89995796233416 261.1971158981323 
Vehicle 0.8247153742058269 0.9039034630404785 253.10159969329834 58.82533885538578 350.5578327178955 
Vehicle 0.7862386264146329 443.7644434273243 181.34744954109192 501.6582675874233 232.1408052444458 
Vehicle 0.6616905016321242 345.2400242090225 182.9313826560974 394.7684680521488 218.96143198013306 
Vehicle 0.3284809963691478 384.87176513671875 182.37294006347656 412.23901367187506 210.88970947265628 
Vehicle 0.23872768565437838 505.7986755371094 182.47381591796875 528.464111328125 200.24276733398438 
Vehicle 0.12857344409151225 232.1 171.86 298.21 205.69 
Vehicle 0.12857344409151225 154.83 188.78 255.93 214.15000000000003 
