Vehicle 0.8691023937665788 784.3795652389526 198.8641619682312 1088.7069557905197 371.1792379617691 
Vehicle 0.8572506892068078 2.503627337515354 179.0040135383606 252.08348160982132 338.8729467988014 
Vehicle 0.8246925529134496 457.77063953876495 186.9918443262577 552.1891481280327 256.0471370816231 
Vehicle 0.801402061925493 586.8988886475563 175.82852393388748 639.5006536245346 217.67715364694595 
Vehicle 0.7768875970286863 275.7734919190407 179.74363267421722 406.8222745656967 247.5637122988701 
Person 0.7437157899280782 879.3613232374191 164.62186351418495 916.7756381034851 200.32243430614471 
Vehicle 0.6684139383780119 689.0221102237701 74.93528723716736 867.212503194809 247.31330573558807 
Vehicle 0.6425758248398665 652.6134788990021 174.5157055556774 693.2920271158218 210.33762395381927 
Vehicle 0.5954481052064883 510.915295958519 176.5814982354641 570.0564469099045 230.94624280929565 
Vehicle 0.4027876477901461 384.0511474609375 174.277099609375 478.3622131347656 209.22691345214847 
