Vehicle 0.9073415446266838 167.02485510706902 184.4582170844078 355.9893010854721 307.24907100200653 
Person 0.8386448804593765 21.155015151947737 181.5811715722084 99.55995367467403 369.2190499305725 
Person 0.8288890753951226 373.4687328338623 163.04595059156418 423.85129714012146 261.0232928991318 
Person 0.810788476397455 96.33652417361736 167.51832175254822 191.08754768967628 370.46932673454285 
Person 0.6292221878205629 476.08696353435516 169.11862969398499 492.68662744760513 214.0270093679428 
Person 0.6132153541693484 633.4034423828125 162.1949462890625 660.5339355468751 228.27587890625 
Person 0.574014950292465 491.5787361264229 166.8499811887741 507.99750250577927 213.79385590553284 
Don't Care 0.5690681271223658 382.4486999511719 206.0048828125 417.8840026855469 280.6899108886719 
Person 0.39391119992702844 0.6011284589767456 170.617919921875 46.7910270690918 360.0311584472656 
Person 0.33761867204358487 353.5611877441406 167.6335906982422 376.7163391113281 217.96290588378906 
Don't Care 0.23237722704991517 560.0596313476562 196.14381408691406 591.0410766601562 253.83758544921875 
