Vehicle 0.8394164252542825 182.2850462794304 187.3246729373932 224.74021571874619 217.43468195199966 
Vehicle 0.7949759992319534 384.51268243789673 162.9180572926998 471.7581170797348 218.47718954086304 
Vehicle 0.719039394094545 521.4855222702026 193.57475638389587 551.3001712560654 220.1898917555809 
Vehicle 0.5528065915330217 687.0459809303284 182.33010917901993 719.3443018198013 202.33194530010223 
Vehicle 0.48036122053000974 1103.6053466796875 196.24525451660153 1150.2796630859375 222.65881347656247 
Vehicle 0.44137256364014854 1204.166259765625 194.25576782226565 1241.987060546875 226.49647521972653 
Vehicle 0.36451510092155265 500.88 184.94 526.37 207.6 
Vehicle 0.36451510092155265 828.37 179.27 877.67 211.0 
Vehicle 0.36451510092155265 637.9999999999999 174.74 679.36 203.64 
Vehicle 0.36451510092155265 479.35 194.57 499.18000000000006 210.43 
Vehicle 0.36451510092155265 725.82 179.84 804.01 207.03 
Vehicle 0.36451510092155265 567.17 184.94 611.36 220.07 
Vehicle 0.36451510092155265 926.4 186.07 1150.77 228.0 
Vehicle 0.25755629736251534 1047.3089599609375 191.3371276855469 1086.351318359375 218.24932861328128 
Vehicle 0.1980214067580284 769.755859375 185.34365844726562 804.0850830078125 202.04902648925778 
Vehicle 0.19239282862202037 285.9926452636719 185.29978942871094 308.0340576171875 203.10864257812497 
Don't Care 0.18796113457909885 387.5944519042969 164.2200469970703 471.6009826660156 216.10574340820312 
