Vehicle 0.9634061666694838 0.5941716492525302 83.027807995677 439.6172558069229 262.14469224214554 
Vehicle 0.9553952710305219 83.9805905520916 188.76513093709946 386.6385723352432 304.7485202550888 
Vehicle 0.9467430932940459 425.16339576244354 178.34186553955078 614.5560373663902 286.01545840501785 
Vehicle 0.6669408146960235 703.9682629108429 167.91126877069473 742.6787509918213 202.16075330972672 
Vehicle 0.6008672263755053 667.4191986322403 167.34935715794563 700.3885180950165 203.46008241176605 
Vehicle 0.4119724995658909 1170.26220703125 155.86920166015625 1203.5223388671875 176.8540802001953 
Vehicle 0.40370031931651734 1137.369384765625 157.40408325195312 1172.7867431640625 179.34898376464844 
Vehicle 0.3589756538463956 1202.8592529296875 157.14288330078125 1241.2432861328125 174.0413360595703 
Vehicle 0.32350426426944157 1103.5738525390625 157.90969848632812 1141.3875732421875 178.4507598876953 
Vehicle 0.22430104875167292 1044.921875 158.9843292236328 1087.424072265625 178.5497589111328 
