Person 0.9291388193707701 139.25878083705902 192.22173249721527 269.0734965503216 372.3220262527466 
Person 0.8863161220969493 951.7070542573929 159.20121455192566 1016.9765669107437 285.7428654432297 
Person 0.8854632662239843 421.0366672873497 176.19506800174713 490.5442295074463 289.95792961120605 
Person 0.8173232800844077 229.06665840744972 174.0874690413475 285.5711081326008 329.53148877620697 
Person 0.7387603905102823 575.9032932519913 164.8904466032982 612.6837871670723 234.3766542673111 
Person 0.6940529507983002 516.3253564238548 167.30172020196915 547.0362455248833 230.40983533859253 
Don't Care 0.5386071629467357 876.046142578125 220.19827270507812 954.1475830078125 362.0875549316406 
Don't Care 0.5349608383050654 786.79736328125 232.79803466796875 854.6505126953125 360.8337097167969 
Don't Care 0.47189418494901875 692.1783447265625 194.01870727539062 739.8958740234375 245.46534729003903 
Don't Care 0.421826032164127 264.25006103515625 210.836669921875 354.7731018066407 303.12139892578125 
Person 0.32619280389062705 863.7100000000002 214.96000000000004 962.89 365.3 
Person 0.32619280389062705 782.66 220.3 857.31 360.01 
Person 0.302402922750506 554.5758666992188 166.60133361816406 572.8229370117188 222.45733642578125 
Don't Care 0.24250605388663588 424.455810546875 217.8264007568359 461.4891357421875 287.64190673828125 
Person 0.1953903911340316 621.12890625 170.45211791992188 635.1100463867188 211.08212280273435 
