Vehicle 0.9315992300909756 249.33582240343094 197.702094912529 375.2521396279335 266.4910778403282 
Vehicle 0.9150150214042149 710.4881422519684 180.94877153635025 807.3650418519974 238.7712299823761 
Vehicle 0.8995112632294651 103.62942422926426 191.10343605279922 186.7132926285267 237.47773468494415 
Vehicle 0.8338321530310467 632.4955884218216 175.08253455162048 696.0353186130524 230.17153143882751 
Vehicle 0.7347287061707326 394.00737887620926 171.1292713880539 649.8071887493134 305.2620738744736 
Vehicle 0.6027891776867302 49.12285224348307 182.24037811160088 85.11204005777836 212.95130252838135 
Vehicle 0.5104004192661011 90.7258529663086 192.3900604248047 140.2864227294922 226.5092315673828 
Vehicle 0.3275958182542882 783.9204711914062 174.9171600341797 901.6603393554688 208.109375 
Vehicle 0.30902820202635506 321.293701171875 180.57994079589844 405.40753173828125 218.80047607421875 
Vehicle 0.22609321109942104 683.95458984375 188.9767303466797 721.8375244140624 220.56646728515625 
