Person 0.9315352605861559 187.2997131049633 157.5208604335785 248.7961697280407 346.46932035684586 
Person 0.9297307608462211 235.8147273659706 174.14701357483864 304.16634052991867 361.3303676247597 
Person 0.899060004616053 747.4012809991837 169.2793406546116 796.2033240795135 287.7301946282387 
Person 0.6573584885161613 451.45382165908813 167.4165017902851 481.8489688038826 239.5063117146492 
Person 0.6554120005222644 495.9240966439247 167.06321015954018 518.4777252674103 224.8193621635437 
Person 0.564929793699676 532.6598989963531 173.28831553459167 551.3486232161522 220.43243050575256 
Don't Care 0.5635941204132243 42.28125 231.02163696289062 121.13798522949219 373.5261535644531 
Don't Care 0.5078974127077897 1169.5474853515625 218.8799743652344 1241.16796875 315.83233642578125 
Person 0.332269321671063 545.49 176.58 569.03 221.52 
Don't Care 0.25967665218214314 178.49093627929688 265.6398010253906 216.8189239501953 316.5662536621094 
Person 0.23579158498584182 736.2947998046875 170.360595703125 758.5128173828125 216.05233764648438 
