Vehicle 0.9426286827088619 904.5861021280289 157.37850219011307 1231.5686520338058 370.1797127723694 
Vehicle 0.9035700248146467 300.46380016207695 186.62672862410545 407.3931859731674 250.3538802266121 
Vehicle 0.8758367360126648 758.7256404161453 175.5218803882599 895.4416737556458 265.38464426994324 
Vehicle 0.87050785280435 586.7922129034996 173.35033044219017 636.5929437875748 219.05221045017242 
Vehicle 0.6900666161248913 684.5499461889267 174.53006654977798 775.3451439142227 222.30179607868195 
Vehicle 0.6514872026946261 658.7436697483063 173.09455946087837 697.9907938241959 210.86671203374863 
Vehicle 0.5902536959004824 431.3778315782547 176.730215549469 468.9155897498131 202.73400843143463 
Vehicle 0.5899508146607352 823.0946044921875 180.3601531982422 931.3662719726562 285.64093017578125 
Vehicle 0.5897916954981626 486.55724823474884 178.31551283597946 518.2665946483612 201.9474282860756 
Vehicle 0.320725339088433 553.48 157.83 584.56 190.04 
