Vehicle 0.8946575224157329 306.2903426885605 178.2882884144783 489.09118580818176 267.8368091583252 
Vehicle 0.8930985659543883 823.8092447519302 188.2331594824791 1036.1109280586243 324.44465160369873 
Vehicle 0.8700381071718127 592.1739708781242 176.40575766563416 660.2401653528214 230.90484738349915 
Vehicle 0.8639319872271172 756.0539349317551 182.46466666460037 869.294716000557 264.0807554125786 
Vehicle 0.8623905056606381 10.42019272595644 177.6278056204319 236.42901974916458 276.2082517147064 
Person 0.8591021371901871 971.7388161420822 193.65839660167694 1108.8663765192032 373.37473779916763 
Vehicle 0.847108860746374 221.6175812780857 172.2094975411892 336.12320280075073 243.49837750196457 
Vehicle 0.6420451122545818 448.0530418753624 168.40728744864464 522.7916153669357 217.41624176502228 
Vehicle 0.6001563581282657 722.7212812900543 162.95769810676575 806.5635302066803 236.10218614339828 
Vehicle 0.5848199503433525 1080.7742919921875 241.81256103515622 1240.7703857421875 372.60015869140625 
Vehicle 0.5002929699270469 0.1703280806541443 226.19480895996097 68.95369720458984 373.10858154296875 
Vehicle 0.3502624426501518 1.2339874505996704 174.7515411376953 93.63182830810547 218.90292358398435 
Person 0.30960828019571823 685.71 166.31 715.09 206.42999999999998 
