Vehicle 0.9414551272406987 1.1672329693101346 194.40843164920807 385.8287694454193 371.93186581134796 
Vehicle 0.9410349551390497 352.35168528556824 179.70598116517067 611.8779283761978 351.445309817791 
Vehicle 0.9407411159285063 948.7438638210297 209.74119007587433 1209.7559423446655 373.2411190867424 
Vehicle 0.9005062386298932 604.2663068175316 175.5581572651863 720.3439149856567 262.9605084657669 
Vehicle 0.8693459224332767 889.8537451028824 180.09180575609207 954.6304253339767 237.13941872119904 
Vehicle 0.7792005684339449 738.7036174535751 168.98128017783165 787.3052641153336 209.0645357966423 
Vehicle 0.6249102163393335 860.4401850700378 171.72182723879814 888.2003821134567 193.7730386853218 
Vehicle 0.5203191611033513 804.3148262500763 164.5318977534771 824.5935076475143 184.26447361707687 
Person 0.3211385154522744 821.5800000000002 166.81 834.04 191.74 
Vehicle 0.22948233693391779 779.127685546875 171.9852294921875 802.4454345703125 201.8118438720703 
