Vehicle 0.9507770968258569 0.07220095477532595 204.48610842227936 402.36411613225937 371.4213124513626 
Person 0.9072172639643389 1014.3262317180634 155.22029584646225 1099.7663912773132 312.5193557739258 
Person 0.710947176867326 666.6579958200455 173.75037848949432 697.425556063652 226.18614411354065 
Person 0.6304774340956848 537.916582107544 172.3867015838623 561.3518705368042 226.72420942783356 
Don't Care 0.5010218298578073 829.3595581054689 215.80578613281247 986.5092773437499 366.3053283691406 
Person 0.41522699454253514 928.7780151367188 182.598876953125 967.717041015625 253.03057861328128 
Don't Care 0.32443487277340827 751.72 201.11999999999998 807.0700000000002 273.41 
Person 0.32443487277340827 831.36 243.48 993.45 371.68 
Person 0.32443487277340827 609.96 173.44 628.04 207.9 
Person 0.2846929757370624 688.1392822265625 174.0984344482422 704.8363647460938 225.39996337890622 
