Vehicle 0.9767507933744172 1.894748467253521 192.83129274845123 327.90006494522095 325.1572251319885 
Vehicle 0.9719925739409068 357.4102697968483 179.71843108534813 569.7037729024887 308.3076998591423 
Vehicle 0.9630374392961097 14.55186514556408 83.38829688727856 455.234962284565 234.97024923563004 
Vehicle 0.7110806279965896 698.9400672912598 169.23539713025093 745.006295800209 201.9977867603302 
Vehicle 0.6476080753308067 664.6959689855576 168.636716902256 701.267019867897 200.56913048028946 
Vehicle 0.4323778260850761 1170.1561279296875 155.85299682617188 1203.7081298828125 176.6896514892578 
Vehicle 0.4092836781888793 1137.4969482421875 157.12380981445312 1172.7642822265625 179.25340270996094 
Vehicle 0.3833104857910125 1202.74609375 157.1761932373047 1241.28466796875 173.99069213867188 
Vehicle 0.31682152318096646 1103.6842041015625 157.8299560546875 1141.359375 178.58616638183594 
Vehicle 0.2036173539025088 1044.8406982421875 159.03427124023438 1087.112060546875 178.2629852294922 
Vehicle 0.17808732754241688 891.6981811523436 157.93453979492188 917.9144897460938 173.36082458496094 
