Person 0.8399117855758962 880.5540039539337 151.93138271570206 937.0941470861435 259.64637100696564 
Person 0.838670438381015 240.46802178025246 192.95565783977509 270.56818199157715 258.9903920888901 
Vehicle 0.7435888249916098 443.3089324235916 170.46420648694038 506.5087956190109 225.51631182432175 
Person 0.6674945564095327 646.0137963294983 169.30950433015823 665.3486824035645 205.45298606157303 
Vehicle 0.41295718182246965 1.1289427280426025 251.81622314453125 79.28192138671875 373.8161315917969 
Don't Care 0.3231447596441691 959.26 247.26 999.49 375.0 
Don't Care 0.3231447596441691 830.07 210.43 858.97 313.56 
Don't Care 0.3231447596441691 873.7 234.79999999999998 901.47 340.19 
Person 0.3231447596441691 0.0 232.52999999999997 84.99 374.18 
Person 0.3231447596441691 163.18 210.43 226.07000000000002 267.09 
