Vehicle 0.9842403673625492 194.061130464077 189.90732729434967 427.51951575279236 340.71144461631775 
Vehicle 0.9787112649010435 779.9303501844406 186.61098182201385 1010.708479642868 339.98939394950867 
Vehicle 0.8022860873419664 495.45205092430115 173.91005158424377 535.9881303906441 202.23306119441986 
Vehicle 0.7274747767749757 712.8843859434128 177.68671363592148 813.1179810762405 259.00956988334656 
Vehicle 0.6466443188398991 610.5014337301254 162.9791334271431 649.0673432350159 199.4221955537796 
Vehicle 0.568782187913763 356.5960621833801 152.4304635822773 494.5084776878357 263.06120306253433 
Vehicle 0.5302704909542073 781.1710016727448 147.88175001740456 866.3251919746399 184.0493604540825 
Vehicle 0.3367250694771212 195.24 139.18 369.28000000000003 217.16 
Vehicle 0.3367250694771212 561.4 166.1 594.2 192.5 
Vehicle 0.3367250694771212 661.98 151.61 703.2300000000001 184.95 
