Person 0.8771723560133367 655.1628301143646 165.932147026062 681.1275848150253 238.86238956451416 
Person 0.8520269194431304 680.38141477108 164.17926055192947 711.0002870559692 237.9468514919281 
Person 0.7618135818586449 446.29952627420425 165.24183756113052 477.97578024864197 244.47635221481323 
Person 0.3323234841966821 294.31 193.21 399.64 283.89 
Person 0.3323234841966821 526.93 166.18 552.84 207.29 
Person 0.3323234841966821 557.34 165.61 593.96 205.6 
Person 0.3323234841966821 1010.75 232.07 1141.99 370.63 
Person 0.3323234841966821 599.59 163.92 628.31 208.42 
Vehicle 0.3323234841966821 735.89 205.04 774.76 294.59 
Don't Care 0.30539407773573135 738.2716674804689 206.31324768066406 780.051513671875 286.8430480957031 
Don't Care 0.27246658281980485 854.4694213867188 185.74026489257812 1010.3482055664062 373.118408203125 
