Vehicle 0.9293201797306918 774.3698122501373 171.43836244940758 966.0792274475098 274.5923548936844 
Vehicle 0.9104996146252814 145.2436153292656 195.1272413134575 337.44084441661835 290.73768854141235 
Vehicle 0.9077276662906615 593.8432871103287 177.889846265316 668.4414646625519 249.77993220090866 
Vehicle 0.8302627455448295 69.41058830916882 181.6197708249092 200.1142201423645 242.68533289432526 
Vehicle 0.7680382819849059 336.4162094593048 179.57675457000732 398.3433666229248 228.8653627038002 
Vehicle 0.7472019789974159 448.8485571742058 182.5346164405346 507.80563509464264 224.54850375652313 
Vehicle 0.7456525881576626 525.5084044933319 180.1421083509922 561.6539368629456 207.40364491939545 
Vehicle 0.7218905610296942 673.8916254043579 179.04537543654442 722.5887694358826 221.24254703521729 
Vehicle 0.7210506901646402 411.0640234351158 177.7019016444683 458.92452907562256 214.0565738081932 
Vehicle 0.7073882277119065 705.3070768117905 181.08846992254257 791.5115160942078 228.7200763821602 
Vehicle 0.3097700450985545 273.3600158691406 189.18716430664062 350.212158203125 233.56822204589844 
Vehicle 0.17158445074229026 587.9700927734375 180.29698181152344 606.8980712890625 202.83544921875 
