Vehicle 0.9728893465734557 0.8329618839779869 195.83074003458023 335.104120016098 371.72918021678925 
Vehicle 0.9638501775352405 906.5061174631119 230.00802844762802 1241.5260665416718 372.3659813404083 
Vehicle 0.9368201987983958 354.23028141260147 185.22072583436966 534.9040131568909 309.24271792173386 
Vehicle 0.8621064617762777 728.9126200675964 182.53093957901 803.7281466722488 249.91024285554886 
Vehicle 0.7227084431113212 561.8368624448776 172.75643348693848 613.8481353521347 219.1472053527832 
Vehicle 0.6589129797271337 682.3517299890518 178.94988879561424 711.1257537603378 199.62548464536667 
Vehicle 0.5840022228101692 627.286169886589 169.6001999080181 646.7690398693085 190.04639983177185 
Person 0.33312797464955585 646.7199999999999 173.65 658.58 208.09999999999997 
Vehicle 0.26016112578697215 607.0419311523438 178.59898376464844 628.0516357421875 208.96994018554688 
Vehicle 0.173507187216356 714.1048583984375 182.61875915527344 743.0927124023438 223.54029846191406 
