Vehicle 0.9691459316224454 1013.0020451545715 205.31071722507477 1210.4019931554794 372.31213599443436 
Vehicle 0.9454863465450624 368.1618300676346 185.74418127536774 543.2504832744598 292.5819754600525 
Vehicle 0.9339354971018229 823.1839220523834 181.77062273025513 924.1030994653702 255.60995936393738 
Vehicle 0.9119856747914036 560.7406784892082 178.60374972224236 631.1185015439987 230.0151139497757 
Vehicle 0.7226400826033553 784.5034157037735 174.6102310717106 823.9733669757843 222.2169041633606 
Vehicle 0.6227166189629552 665.860888838768 172.17373475432396 704.5932154655457 204.15262877941132 
Vehicle 0.5786886396115485 625.9654930830002 173.66573587059975 658.2263553142548 217.84859150648117 
Vehicle 0.5780796125129741 744.2779988050461 170.08017003536224 785.9611941576004 196.64722681045532 
Vehicle 0.4420235952860952 805.7529296875 181.92942810058594 853.8486328125 233.5222625732422 
Vehicle 0.3508091071475163 911.1519165039062 2.0269970893859863 1240.469482421875 203.30506896972656 
