Vehicle 1.0 0.5485902997897938 204.95445281267166 389.7767343521118 372.1965327858925 
Vehicle 0.9931651370086603 123.61909653246403 95.834881067276 470.3259896636009 222.90779650211334 
Vehicle 0.7149497301848501 491.72480338811874 177.06893384456635 526.7480195760727 204.23327386379242 
Vehicle 0.6843279253576385 659.9936488866806 171.97903990745544 691.8631199598312 198.57341051101685 
Vehicle 0.6754005628517951 686.4934287071228 170.7659214735031 735.4766947031021 206.51981234550476 
Vehicle 0.41332750860201467 1170.262939453125 155.8037567138672 1203.5526123046875 176.81033325195312 
Vehicle 0.4074982477282579 1137.327392578125 157.53173828125 1172.560302734375 179.252685546875 
Vehicle 0.37774152981739256 1202.8563232421875 157.0814971923828 1241.1597900390625 174.1502227783203 
Vehicle 0.3420012099515341 1046.52 156.61 1153.61 183.24 
Vehicle 0.3420012099515341 887.87 153.21 944.53 177.57 
Vehicle 0.3420012099515341 575.67 161.14 653.86 189.47 
Vehicle 0.3420012099515341 826.67 159.44 889.0 176.44 
Vehicle 0.3177572317040546 1103.573974609375 158.12107849121094 1141.33203125 178.46923828125 
Vehicle 0.20828411082423048 1044.9539794921875 159.0622100830078 1085.7025146484375 178.1414031982422 
Vehicle 0.17531159736384674 475.7015380859375 174.76470947265625 501.6329650878906 192.4257659912109 
