Vehicle 0.9970443860116233 0.3961676893522963 199.0821361541748 325.04362016916275 371.92531675100327 
Vehicle 0.9895537046731478 858.7871181964874 188.98390978574753 1241.2197346687317 372.4285215139389 
Vehicle 0.9645782724717312 764.3909293413162 179.69105020165443 887.8767274618149 272.04445749521255 
Vehicle 0.9425158693117756 474.5027040839195 172.88817465305328 576.367490530014 242.48110502958298 
Vehicle 0.9235952791589188 636.4182354211807 172.82676324248314 704.9575120210648 216.52210503816605 
Vehicle 0.922844723066114 317.5525918006897 167.98577830195427 474.3589398264885 281.43860399723053 
Vehicle 0.5651408283756063 701.9590426683426 168.0861935019493 737.379535317421 200.6802186369896 
Vehicle 0.5293906414432267 962.6569422483444 151.79254487156868 1007.4935495853424 192.36067682504654 
Vehicle 0.526807265187324 736.8979028463364 158.87556597590446 776.9447618722916 191.5256604552269 
Vehicle 0.5267080816247863 905.7477647066116 152.2192284464836 971.9754127264023 197.51208275556564 
Vehicle 0.2952069983668328 750.3143920898438 178.39361572265625 812.1522216796875 245.01231384277344 
Vehicle 0.18460819153604455 314.9710693359375 186.74356079101562 353.9601135253906 209.14228820800784 
