Vehicle 0.9150607866938028 73.8206420391798 183.97867307066917 271.01507636904716 273.68851751089096 
Vehicle 0.8871450585941166 275.1851096749306 175.5424551665783 373.9417898654938 239.30036276578903 
Vehicle 0.8416244335713978 368.51716911792755 184.39676240086555 420.8529480099678 226.87938809394836 
Vehicle 0.8099365306618794 403.80167055130005 178.25697362422943 456.99970185756683 223.00587594509125 
Vehicle 0.7743610944728324 485.7842007279396 178.36277559399605 518.5263252854347 204.622283577919 
Vehicle 0.7377792577923677 455.6639231443405 178.07554453611374 497.3240214586258 209.72751080989838 
Don't Care 0.6018737001212848 690.3456741571426 150.3182239830494 735.8824474811554 193.34258884191513 
Vehicle 0.5978038171626484 529.8455026745796 175.41026696562767 560.5935829281807 197.72424548864365 
Person 0.32300512334035447 758.04 168.57 775.5499999999998 189.47 
Person 0.32300512334035447 814.54 162.92 838.84 195.69 
