Vehicle 0.9396715253117197 553.1213579177856 179.30038645863533 697.5705313682556 316.5731057524681 
Vehicle 0.9041696171692305 1132.077049255371 240.74732512235641 1239.0619382858276 371.3124990463257 
Vehicle 0.9038758941051986 1151.5214241743088 179.51041460037231 1239.2260605096817 226.32808238267899 
Vehicle 0.8606798316174421 960.4618352651596 182.8131526708603 1106.613452911377 228.08931022882462 
Vehicle 0.7236944081197579 285.4291273355484 195.36396861076355 337.31662380695343 221.67634963989258 
Vehicle 0.620123358135152 339.7333365082741 193.90833377838135 382.805278301239 219.0740704536438 
Don't Care 0.5003270480874359 599.029296875 0.0 632.7578735351562 30.761098861694336 
Don't Care 0.4017233475530966 389.27630615234375 101.88758087158203 401.6235046386719 125.83287048339844 
Don't Care 0.3926746239369324 953.3344726562499 81.1717758178711 976.67822265625 143.09820556640625 
Don't Care 0.37569284042970297 742.0101318359375 90.07542419433594 762.5582275390625 145.29562377929688 
Vehicle 0.32834499480931156 396.4 187.78 456.2900000000001 212.64 
Don't Care 0.3261118970148565 774.3338012695312 72.26204681396484 788.5282592773439 103.24165344238281 
Vehicle 0.18790571158432082 367.9814147949219 194.16989135742188 390.9491882324219 214.80322265625003 
