Vehicle 0.9661161065276561 877.2710412740707 187.88067251443863 1241.0210409164429 372.02567607164383 
Vehicle 0.9598889560455383 3.278787272516638 238.01247775554657 326.06932854652405 372.39284813404083 
Vehicle 0.9465956288278305 222.1085599064827 202.9663547873497 464.19061678647995 355.0151512026787 
Vehicle 0.9394552410304258 570.026095032692 180.87967112660408 628.4901770353317 227.0917296409607 
Vehicle 0.9241835672469918 662.6615048646927 181.74894154071808 727.8904280662537 233.57165604829788 
Vehicle 0.852551119202553 524.1473448872566 178.45452949404716 568.2602450251579 214.99599516391754 
Vehicle 0.7196089416980587 64.36909986287355 193.95817816257477 210.8437197804451 249.04748797416687 
Vehicle 0.49004825256686635 643.3016357421875 128.564208984375 719.9445190429688 211.9879150390625 
Vehicle 0.481081872858825 382.73024994134903 174.09484460949898 473.5426223874092 225.00387579202652 
Vehicle 0.36995157825083946 442.5746765136719 181.07290649414062 494.2347412109375 213.37274169921872 
Person 0.3297713279424077 742.18 164.38 764.5 216.20000000000002 
Vehicle 0.3297713279424077 283.8 173.95 326.84999999999997 201.85 
Vehicle 0.28294870306143377 488.3682861328125 181.22463989257812 527.1058959960938 201.7407989501953 
Vehicle 0.1828961684418881 626.3080444335938 174.4396209716797 648.7966308593751 198.1837158203125 
