Vehicle 0.9215337510766376 173.69570562243462 195.16441226005554 368.71693629026413 302.3262172937393 
Vehicle 0.9110109524736062 810.5314829349518 158.4002673625946 941.2200776338577 203.6946639418602 
Vehicle 0.8742349315802874 348.019102871418 197.44844734668732 424.27667677402496 258.37694853544235 
Vehicle 0.852529630059005 451.5373633503914 189.78584557771683 491.59340196847916 229.43416982889175 
Vehicle 0.8244867321246195 414.3927730321884 192.79130548238754 462.00165420770645 240.98917096853256 
Vehicle 0.7872010837080788 1083.1674420833588 140.50568640232086 1145.4509006738663 178.39738726615906 
Vehicle 0.7713775252939682 486.06143921613693 185.9561651945114 520.8892929553986 218.96226704120636 
Vehicle 0.6595903914913888 749.8657793998718 158.50016847252846 817.4011491537094 198.60519468784332 
Vehicle 0.32552946448747727 521.19 179.56 556.31 210.69 
Vehicle 0.32552946448747727 604.2 168.38 633.73 198.71 
Vehicle 0.231957939524504 1115.0455322265625 144.15097045898438 1183.793212890625 180.1448974609375 
Vehicle 0.19916281662779248 658.8486328125 178.64224243164062 706.3401489257812 211.2796783447266 
