Vehicle 0.947295254219445 50.22354733943939 200.8930966258049 435.4063400030136 371.4963421225548 
Vehicle 0.9401816875440697 760.4671719074249 155.3308591246605 1108.5476818084717 366.4601147174835 
Vehicle 0.8906051027762892 665.4914102554321 183.65268409252167 742.1951197385788 253.22514027357101 
Vehicle 0.8612826133809078 461.5505586862564 182.82444030046463 535.0237179994583 242.64467507600784 
Vehicle 0.8188374110756548 717.8303353786469 188.03512305021286 790.3056582212448 281.832754611969 
Vehicle 0.6914698941055741 533.2205203771591 178.2073639333248 562.6629146933556 208.43598246574402 
Vehicle 0.6757843208279127 627.6545380353928 174.4581162929535 656.6202968358994 200.9381353855133 
Vehicle 0.3254681367510508 559.5 174.77 581.85 200.31 
Vehicle 0.26635032218087684 407.681396484375 209.24061584472653 503.1887512207031 261.0202941894531 
Vehicle 0.19079523533459516 601.4083251953125 174.86972045898438 623.21630859375 190.9633483886719 
