Person 1.0 809.7786211967468 144.9500060081482 871.3038740158081 321.2106466293335 
Vehicle 0.9566103899884237 2.3684494849294424 125.18718361854553 133.0259006023407 278.3762603998184 
Person 0.3551986087032086 371.27 197.19 428.7 271.92 
Person 0.3551986087032086 336.66 199.54999999999998 367.34 267.99 
Person 0.3551986087032086 303.62 189.32 341.38 279.79 
Person 0.3551986087032086 244.62 197.19 301.26 285.29 
Don't Care 0.24495060923402626 943.7080078125 193.80760192871094 1002.4338989257812 278.61041259765625 
Don't Care 0.24155512088139638 870.6453247070312 207.1318359375 919.828125 279.25018310546875 
Don't Care 0.22154856082404417 283.1978454589844 209.29603576660156 334.14984130859375 283.5278015136719 
Don't Care 0.18923851773733558 343.87176513671875 208.8162078857422 390.8975524902344 282.4459228515625 
