Vehicle 0.949327840125377 85.86918984353542 206.11895620822906 387.3346667289734 366.08748883008957 
Vehicle 0.9176200892342619 374.16972506046295 186.1019767820835 481.2358608841896 273.4701856970787 
Vehicle 0.911666480994684 0.7067671443801373 257.7463611960411 89.90234358608723 372.32883274555206 
Vehicle 0.8990354013832202 815.4155441522598 171.3389866054058 986.3594634532928 264.4925191998482 
Vehicle 0.8575035565198496 472.7838624715805 187.65603750944138 529.0127137899399 244.80172991752625 
Vehicle 0.8326105232214247 666.6429308652878 182.35686421394348 729.5276527404785 224.9639332294464 
Vehicle 0.6711593976356658 740.740820646286 175.16646534204483 781.0646960735321 210.57669818401337 
Vehicle 0.5956739761931645 540.1495578289032 183.48503485322 566.8703141212463 211.73733472824097 
Vehicle 0.4464832228793621 498.36480712890625 186.50047302246094 549.2529907226562 231.82135009765625 
Vehicle 0.3456548205288547 710.2479248046876 182.43711853027344 740.6231079101562 216.0951843261719 
Vehicle 0.2101217815624814 783.5175170898438 171.39500427246094 846.611572265625 221.64909362792966 
