Vehicle 0.9772653501979348 895.0601284503937 214.41391110420227 1229.0647702217102 371.20212614536285 
Vehicle 0.9749049511074378 758.9962903261185 184.8740503191948 1005.7634925842285 323.9388316869736 
Vehicle 0.9234917396369907 692.5627677440643 181.7949078977108 771.1294162273407 238.801471889019 
Vehicle 0.7979276200952876 183.82418256998062 193.97619366645813 294.5132220983505 240.9062683582306 
Vehicle 0.7591572072366187 5.845215177163482 195.15160471200943 159.81553307175636 241.94110929965973 
Vehicle 0.7285942956312542 656.052790760994 178.7019744515419 693.232433795929 207.19631016254425 
Vehicle 0.689430590823195 600.4926431179047 174.31291937828064 634.6064504384995 203.9705514907837 
Vehicle 0.6082712363986584 502.3305636048317 175.68790912628174 525.0878459215164 205.22692054510117 
Vehicle 0.5171339600165403 463.93369925022125 182.55764991044998 500.83084774017334 211.5393429994583 
Vehicle 0.23074847391809064 258.609619140625 197.32858276367188 319.9750671386718 237.5655975341797 
