Vehicle 0.9746191079108806 794.3650367259979 186.77884340286255 1082.0573036670685 299.20443892478943 
Vehicle 0.953608599052252 2.7035495080053806 182.2233684360981 244.09573736786842 290.0538593530655 
Vehicle 0.9196945053814172 745.1416947841644 185.585618019104 829.8835437297821 274.25115555524826 
Vehicle 0.7063118539321638 221.2144195139408 174.58943277597427 304.56258058547974 253.89108806848526 
Vehicle 0.5979099693592692 1110.9133515357971 189.7241771221161 1166.2736209630966 227.2922694683075 
Vehicle 0.342076669987263 1012.7863159179688 181.91017150878906 1077.741455078125 207.95651245117188 
Vehicle 0.33603095694585045 321.84 197.58999999999997 355.17 234.37 
Vehicle 0.33603095694585045 271.27 176.9 318.39 244.71 
Vehicle 0.2674111424627387 454.4523010253906 178.88861083984375 491.44439697265625 203.20375061035156 
Vehicle 0.20414322143233385 431.5752868652344 178.7123260498047 458.52508544921875 198.22930908203125 
