Vehicle 0.9545857928157668 591.5757797956467 188.2203072309494 666.9490406513214 247.20409512519836 
Vehicle 0.9488629501038206 186.1727516055107 185.1973682641983 298.73224407434464 237.6125603914261 
Vehicle 0.8504723845873108 685.2504823207855 167.41813346743584 761.0090639591217 236.93136870861053 
Person 0.8098850862132654 922.1824178695679 175.97752064466476 989.0308728218079 261.7519497871399 
Person 0.7978850557728733 450.25503355264664 172.17004671692848 474.5704405903816 254.77293133735657 
Vehicle 0.7894633228222527 471.1819496154785 181.34525790810585 518.5947280526161 229.66530919075012 
Vehicle 0.6224088922656384 328.9691542983055 174.78356882929802 388.73984760046005 214.2113819718361 
Don't Care 0.5495309289592519 905.5833129882812 204.63595581054688 992.572509765625 263.9503173828125 
Vehicle 0.376921845771032 510.2440490722657 181.84449768066406 547.4487915039062 214.72329711914062 
Don't Care 0.3223557339657866 1201.59423828125 97.37696838378906 1230.468017578125 136.68930053710938 
Vehicle 0.2772588614998114 577.7619018554688 182.12716674804688 618.8419189453125 220.9986572265625 
Vehicle 0.19719780594463904 552.24462890625 182.2011260986328 571.154052734375 200.6876220703125 
Vehicle 0.174354730926958 663.4193725585938 177.1633758544922 687.5236816406249 213.66148376464847 
