Vehicle 0.936091959222428 96.9601729363203 178.60855534672737 311.31805711984634 270.87387442588806 
Vehicle 0.8307120138752982 401.14987885951996 176.38207599520683 468.84085750579834 209.5441147685051 
Vehicle 0.8203079440771947 546.9701428413391 176.48810148239136 661.0385677814484 213.7206494808197 
Person 0.8129613301383333 352.6602010130882 169.50752958655357 383.561965405941 253.15426290035248 
Vehicle 0.7632648675616925 829.2965680360794 158.26624631881714 934.9216929674149 203.28741520643234 
Vehicle 0.6779213920033358 697.0772023200989 170.3842654824257 730.8448501825333 194.50423121452332 
Person 0.6599116258043004 1145.2466547489166 168.1065559387207 1235.5870184898376 276.39828622341156 
Don't Care 0.4575622638188749 1120.080322265625 207.14880371093747 1233.9522705078125 301.45086669921875 
Vehicle 0.32290394022195823 521.19 173.97 553.11 195.52 
Don't Care 0.30819817989395903 358.3996887207031 104.86551666259766 372.15203857421875 145.33018493652344 
