Vehicle 0.9347175825098428 344.2401461005211 179.001834243536 413.19809353351593 221.85040265321732 
Vehicle 0.8550274478207374 722.4580342769623 168.2518981397152 756.4152703285217 197.15888053178787 
Vehicle 0.8522576045232668 636.9437670707703 170.5923043191433 682.9566206932068 205.1931470632553 
Vehicle 0.7690253055144102 1165.8897807598114 154.26577627658844 1214.0661309957504 177.88182199001312 
Vehicle 0.7292870575428622 485.26858896017075 178.58919873833656 525.3753744363785 207.26334303617477 
Vehicle 0.680156589033947 1105.7698928117752 157.6657108962536 1144.850081562996 180.46419695019722 
Vehicle 0.5698428660954086 1045.0899757146835 157.4755422770977 1085.685167312622 179.0730133652687 
Vehicle 0.5448399691321119 689.2373124361038 170.14605179429054 715.7712936401367 190.7043233513832 
Vehicle 0.5375228420812831 891.8847298622131 154.37592566013336 918.0167337656021 173.61575737595558 
Vehicle 0.3911499517378283 1137.5504150390625 157.50843811035156 1172.617919921875 179.32568359375 
Vehicle 0.3844494378764893 1202.74755859375 157.33871459960938 1241.1759033203125 174.21107482910156 
Vehicle 0.3484700515889602 534.11 173.95 558.03 197.86 
Vehicle 0.3484700515889602 841.82 156.41 876.9 179.53 
