Person 0.9232242389203176 512.9877219200134 162.88142144680023 556.5849287509918 254.90903079509735 
Vehicle 0.8838531268888072 1055.5974383354187 186.38404726982117 1153.2664489746094 225.40830075740814 
Person 0.8561790980386453 400.39860820770264 169.3855482339859 432.9598939418793 254.61170256137848 
Person 0.8199714548670266 101.61931818723679 156.18497520685196 198.61914825439453 312.0060861110687 
Vehicle 0.7983968746682601 961.9203658103943 184.20942932367325 1063.2950348854065 223.09901177883148 
Person 0.7947763061809994 700.8036060333252 157.24457919597626 769.220582485199 261.0445076227188 
Person 0.6117422980459253 327.5016174316406 157.66246408224106 343.54247188568115 201.37649595737457 
Vehicle 0.591604578948223 1148.4614882469177 187.15226650238037 1223.1343760490417 227.1820592880249 
Don't Care 0.5834875381203203 691.87353515625 199.5881805419922 768.4053344726562 269.95587158203125 
Don't Care 0.5831562557753737 97.45726776123047 228.40184020996094 199.37139892578125 334.0970764160156 
Vehicle 0.5297407300672905 597.5954775810242 169.42826628684998 648.4245657920837 211.55942559242249 
Person 0.3353928060629275 348.81 153.98 366.09999999999997 194.04 
Person 0.3353928060629275 298.53 157.12 312.67 201.9 
Person 0.3353928060629275 213.69 157.12 289.11 198.75999999999996 
Don't Care 0.20490565130861121 838.8297119140625 216.33042907714844 1222.56982421875 300.7727966308594 
Don't Care 0.20099706768055273 80.71488189697266 170.01988220214844 123.76004028320312 203.40487670898438 
