Person 0.8949300504188353 658.5037407875061 147.81414449214935 701.0658831596375 263.63806903362274 
Person 0.8662090670116966 589.1706182956696 145.08112639188766 619.2736487388611 226.37096762657166 
Person 0.8468433708893298 552.2825989723206 133.0140483379364 578.991238117218 228.34923028945923 
Person 0.5946195985810525 506.338650226593 142.99059927463531 521.5680141448975 181.8569591641426 
Vehicle 0.5478690031030122 0.8562089800834656 96.32685089111328 262.0947570800781 363.9032897949219 
Person 0.33126133232895566 407.14 137.64 428.38 194.28 
Person 0.33126133232895566 356.01 143.15 387.48 177.76 
Person 0.33126133232895566 304.09 217.88 414.22 294.18 
Person 0.33126133232895566 289.93 145.51 334.77 207.65 
Person 0.33126133232895566 437.82 137.64 462.21 202.93 
Person 0.33126133232895566 371.74 187.2 486.59 272.16 
Person 0.33126133232895566 655.72 154.16 668.3099999999998 211.59 
Don't Care 0.2716230708886499 252.70468139648438 221.671630859375 319.7825927734375 299.2077331542969 
Don't Care 0.26001596125542703 308.39709472656256 193.1865692138672 406.0919494628906 290.6534118652344 
