Vehicle 0.9752981764498264 209.90614289045334 183.71625244617462 324.5745356082916 240.57269096374512 
Vehicle 0.9150610546063181 440.5417295694351 173.7147979438305 527.7835367918015 216.96846932172775 
Vehicle 0.6305178897520977 572.8262777924538 172.24539443850517 627.5167701244354 205.27631789445877 
Vehicle 0.6089274163704366 712.9618942737579 170.25470361113548 740.8878421783447 191.07826799154282 
Vehicle 0.5391663060976961 987.9968361854553 159.46156159043312 1019.6394084692001 179.49514836072922 
Vehicle 0.34317549241406725 1084.16 156.41 1100.11 178.73 
Vehicle 0.34317549241406725 559.62 167.57 593.1 185.91 
Vehicle 0.34317549241406725 1040.32 157.21 1073.0 182.72 
Vehicle 0.34317549241406725 1103.3 154.02 1120.83 177.93 
Vehicle 0.34317549241406725 1120.83 156.41 1152.72 177.93 
Vehicle 0.34317549241406725 1180.62 156.41 1206.13 176.34 
