Person 0.9062428929776506 857.2795257568359 155.12442290782928 918.0287446975708 291.99174106121063 
Person 0.32940224275757585 1140.43 230.36 1221.61 362.51 
Person 0.32940224275757585 252.16 202.04 286.14 285.11 
Person 0.32940224275757585 289.92 202.98 311.63 285.11 
Person 0.32940224275757585 315.41 202.04 340.89 286.99 
Person 0.32940224275757585 345.61 203.93 366.37999999999994 286.05 
Person 0.32940224275757585 371.1 201.08999999999997 424.91 285.11 
Person 0.32940224275757585 921.43 187.88 959.19 280.39 
Person 0.32940224275757585 961.07 195.43 1002.61 287.94 
Don't Care 0.2829449203932389 250.92909240722656 207.17494201660153 307.3936767578125 282.6380310058594 
