Vehicle 0.9007158806150548 838.4906698465347 179.49580773711205 1241.1563658714294 370.94537168741226 
Vehicle 0.8770722943641324 728.6287930011749 165.17290100455284 899.4361288547516 293.46469044685364 
Vehicle 0.860422030544725 248.36535814404488 186.97039783000946 391.0527346730232 284.64100509881973 
Vehicle 0.8579403667238791 0.9179376696702093 197.5541040301323 269.67670664191246 359.4057038426399 
Vehicle 0.8549769916658184 374.89831817150116 178.3490963280201 448.92143869400024 253.57621908187866 
Vehicle 0.8354403081933739 442.91872572898865 178.52072417736053 498.813410282135 220.33144533634186 
Vehicle 0.7485887340661244 687.0520513057709 161.73457726836205 760.8242136240005 244.23810839653015 
Person 0.544357594628507 67.9713363647461 176.83238220214844 198.00634765625 371.15960693359375 
Don't Care 0.5238062615212825 63.881977081298835 276.6864929199219 221.35479736328125 373.91864013671875 
Vehicle 0.31255578224170194 530.002685546875 168.8587188720703 560.6373901367188 196.08380126953122 
