Vehicle 0.9783064683909539 832.6659965515137 191.67935103178024 1223.9492944478989 372.54150956869125 
Vehicle 0.9625644042927124 5.513142043724656 188.5727494955063 294.0567409694195 301.65600031614304 
Vehicle 0.9323614252920212 679.6610730886459 181.69652670621872 744.3917073011398 227.75086015462875 
Vehicle 0.9101152146702222 750.6524852514267 178.24625596404076 896.9309145212173 284.5459207892418 
Vehicle 0.8986835152171958 249.7722786962986 182.2430156171322 396.6569867134094 252.04458832740784 
Vehicle 0.6745903147745352 431.2685278058052 175.55448040366173 501.1907395720482 222.75010496377945 
Vehicle 0.673718506988983 379.83915960788727 189.28420543670654 457.6697010397911 236.0854670405388 
Vehicle 0.5991805799846514 633.2187033891678 161.4537164568901 677.6111369132996 202.08433270454407 
Vehicle 0.5707940054447573 521.3222883939743 171.71888798475266 558.4977487921715 197.764053940773 
Vehicle 0.3432560084666083 735.5338134765624 181.14305114746094 780.039306640625 211.77647399902347 
Vehicle 0.17672091310367916 462.81005859375 176.22952270507812 540.6693725585938 211.94100952148435 
