Vehicle 0.9855334142233224 754.3165490627289 180.46550452709198 900.860002040863 271.15416526794434 
Vehicle 0.8506523500738933 383.223875105381 178.43954265117645 444.69316309690475 204.3067216873169 
Vehicle 0.6766687525194909 1173.1628308296204 152.02591940760612 1238.5491396188736 176.72395706176758 
Vehicle 0.5920263896549832 609.3263719081879 171.96228727698326 677.372393488884 199.6963620185852 
Don't Care 0.4386701587398186 636.9459838867186 33.78778076171875 645.5684814453125 62.635562896728516 
Vehicle 0.3434665627224707 555.64 171.56 601.87 194.66999999999996 
Vehicle 0.3434665627224707 710.29 169.17 731.81 187.5 
Vehicle 0.3434665627224707 972.56 168.37 1034.74 181.12 
Vehicle 0.33014696066098126 253.40728759765625 182.96728515625 303.3222961425781 204.02134704589844 
Vehicle 0.18691216033878588 587.0186157226562 174.09324645996094 608.6771850585938 189.185791015625 
