Person 0.9242350312094261 77.53036784380674 168.3497205376625 165.33307868242264 301.0363206267357 
Person 0.7877609281782054 929.4069789648056 169.56060379743576 953.1635413169861 235.36381870508194 
Person 0.7872657998192729 1022.6503887176514 168.128851801157 1046.4947494268417 246.44073843955994 
Vehicle 0.6433797841642722 423.104317009449 144.0906599164009 541.3551566004753 234.91816967725754 
Person 0.6224130636223381 826.3630961179733 181.61436170339584 864.0616822242737 232.44179785251617 
Don't Care 0.6052360197571001 54.763160705566406 221.58436584472656 173.27484130859375 330.7286682128906 
Person 0.5773986194157745 306.0725494623184 167.73655638098717 323.0051214694977 217.00693666934967 
Vehicle 0.49931291236580194 375.50775146484375 181.06898498535156 427.48040771484375 211.2084045410156 
Don't Care 0.3566635575308182 1135.1314697265625 119.94261932373045 1241.2967529296875 185.3313751220703 
Person 0.3437811620365447 640.12 174.77 680.03 229.84 
Person 0.3437811620365447 2.36 215.48 39.86999999999999 350.37 
Person 0.3437811620365447 852.44 181.95 885.1700000000001 240.22 
Person 0.3437811620365447 338.4 177.96 383.1 215.48 
Person 0.2709850764246184 49.749717712402344 194.42263793945312 87.78651428222656 267.442626953125 
Don't Care 0.18309661317936468 2.6503303050994877 273.8188171386719 42.69913864135742 321.3800354003906 
