Person 0.9585200378539132 809.2401323318481 157.31404840946198 865.0419073104858 301.59282743930817 
Person 0.34175910896112816 255.92 187.50000000000003 278.57 278.12 
Person 0.34175910896112816 280.84 193.16 306.89 281.52 
Person 0.34175910896112816 308.0199999999999 196.56 338.61 282.65 
Person 0.34175910896112816 339.74 192.03 363.53 282.65 
Person 0.34175910896112816 365.79 193.16 419.03 287.18 
Person 0.34175910896112816 868.73 176.17 893.65 279.25 
Person 0.34175910896112816 897.05 188.63 923.11 288.31 
Person 0.34175910896112816 919.71 185.23 957.09 280.38 
Person 0.34175910896112816 965.02 180.7 1052.24 276.99 
Don't Care 0.19381868409133576 282.4225158691406 207.46694946289062 337.5075378417969 282.7230224609375 
