Vehicle 0.9286955929354045 917.684565782547 210.32141894102097 1233.0892070531845 372.5331053137779 
Vehicle 0.9269927152441759 244.8691180050373 173.6917644739151 561.1298117637634 364.20104652643204 
Vehicle 0.9129651388579864 3.1824015551246703 228.24740409851074 280.11634585261345 372.7722018957138 
Vehicle 0.8981526954602964 551.8008661866188 174.59982633590698 674.5129505395889 263.49471509456635 
Vehicle 0.8345761732668223 839.1270228624344 177.44414135813713 904.709064245224 234.1904193162918 
Vehicle 0.6881529345223911 694.3128125667572 164.42988440394402 738.5689587593079 207.43397623300552 
Vehicle 0.687139941398126 809.6842954158783 168.52432116866112 836.4015723466873 192.4995481967926 
Person 0.3143458471098028 770.23 165.19 790.98 201.11 
Vehicle 0.3143458471098028 753.46 161.2 774.22 183.55 
Vehicle 0.2072699780810278 732.4185180664064 169.55194091796875 753.3472290039062 198.59194946289062 
