Vehicle 0.9228674462976939 930.7727394104004 149.79993179440498 1241.9669830799103 365.53146690130234 
Vehicle 0.8804254804118892 693.8251097202301 170.27857527136803 766.9515913724899 215.6515046954155 
Vehicle 0.8754004125928276 27.944651786237955 183.33344534039497 164.7706435918808 237.3640090227127 
Vehicle 0.8351933671024703 763.3118830919266 164.4021011888981 825.6669276952744 211.75311505794525 
Vehicle 0.8348558336609188 318.2890689969063 182.42821097373962 394.0567191839218 226.75267606973648 
Vehicle 0.6544055786040833 840.8482704162598 131.91434741020203 1031.2130234241486 213.0817249417305 
Vehicle 0.44037204249765843 456.63116455078125 172.5290985107422 498.8378601074219 205.7272796630859 
Vehicle 0.3182118134753662 217.23999999999998 164.26 311.49 233.22 
Vehicle 0.3182118134753662 534.48 164.26 587.35 224.02000000000004 
Vehicle 0.21102312253146382 1185.5076904296875 133.9864501953125 1241.4224853515625 204.49078369140625 
