Vehicle 0.971389712176968 340.54423213005066 179.03023481369019 486.8927164077759 273.5421073436737 
Person 0.8524892845763967 568.4497039318085 160.16850531101227 595.2352752685547 224.30839359760284 
Person 0.8261211924338977 244.76208472251892 174.96268004179 272.42404103279114 241.13458693027496 
Person 0.8050779756330102 213.48849213123322 169.37833666801453 244.73098719120026 246.2412577867508 
Vehicle 0.6830671132537919 473.66056180000305 167.93393939733505 499.70041251182556 192.3745208978653 
Person 0.5924113317856875 1097.6041660308838 131.9988164305687 1176.934935092926 212.68491506576538 
Don't Care 0.542930647881814 1088.7855224609375 162.19830322265625 1190.5042724609375 213.37144470214847 
Don't Care 0.43182581370964507 286.388671875 201.49349975585938 346.2757873535156 239.93719482421872 
Don't Care 0.35324154470230296 555.2937622070312 0.0 566.4840698242188 25.98958969116211 
Vehicle 0.34313898074697474 619.07 157.12 643.42 178.33 
Person 0.34313898074697474 194.83000000000004 179.9 220.76 235.67999999999998 
Person 0.34313898074697474 794.26 153.98 831.97 196.4 
Person 0.34313898074697474 280.46 165.76 349.6 237.24999999999997 
Person 0.34313898074697474 997.74 134.34 1064.51 201.9 
Don't Care 0.22592661498462646 999.4119262695312 163.53164672851562 1064.4052734375 207.6781463623047 
Don't Care 0.21042108340271576 41.666526794433594 126.09947967529297 62.554893493652344 161.0509796142578 
Vehicle 0.18051980427485878 1161.810546875 143.29872131347656 1223.522705078125 186.25643920898438 
