Vehicle 0.900205169402377 62.64148581773043 208.37154239416122 219.52865034341812 266.32607728242874 
Vehicle 0.8868753894931904 209.21920958161354 202.33362168073654 277.0067405104637 240.49336463212967 
Vehicle 0.8468674851746405 568.231410741806 183.92131850123405 649.6922957897186 256.5390095114708 
Vehicle 0.8129117182345803 0.21639961644541472 211.99306100606918 80.35581761598587 256.9882571697235 
Vehicle 0.7025009119249956 311.50594264268875 192.4142763018608 360.2123773097992 227.0965352654457 
Vehicle 0.6534958400141646 274.97109192609787 194.89017874002457 310.11806604266167 224.88335520029068 
Don't Care 0.4003211698974871 1166.849853515625 53.588882446289055 1216.6138916015625 143.16322326660156 
Don't Care 0.3979346618117901 933.4711303710938 0.0 962.1105346679688 33.582027435302734 
Don't Care 0.34885237903786426 251.1552276611328 59.12135696411133 271.0706481933594 97.49102783203126 
Don't Care 0.20451132185021992 859.2083129882812 124.62171173095705 876.9242553710938 167.11692810058594 
