Vehicle 0.9563142589897095 237.80011451244354 189.39268589019775 360.0750979781151 251.4497265815735 
Vehicle 0.9406045154394533 19.677910452708602 191.20663785934448 113.85533737391233 262.9602165222168 
Vehicle 0.9019063318355963 21.255022823810577 291.40965032577515 163.20713312923908 374.9582085609436 
Vehicle 0.8875320029295602 384.19746923446655 190.37995052337646 498.03935343027115 264.29149532318115 
Vehicle 0.8755703877772828 577.663897395134 178.92561221122742 614.8688232600689 214.2297019958496 
Vehicle 0.79245694324788 201.77196726202965 186.31063270568848 271.49284552037716 227.37476348876953 
Vehicle 0.62603224639982 362.07393512129784 179.32560992240906 409.56278470158577 220.05593490600586 
Vehicle 0.5928063140995449 471.5453024506569 182.55411005020142 517.143864929676 220.53161573410034 
Vehicle 0.5295081850811929 512.4465883970261 160.96736669540405 560.3436009287834 205.14228200912476 
Vehicle 0.3283261045707228 293.6884765625 180.6157989501953 360.2115173339844 214.9749908447266 
Don't Care 0.21818590130788024 665.3426513671876 138.24459838867188 691.71142578125 164.19351196289062 
