Vehicle 0.9805073862750063 523.5913133025169 177.55286023020744 735.0582089424133 370.6858903169632 
Vehicle 0.8509835059947041 344.70471489429474 182.4105978012085 447.4520006775856 219.24041211605072 
Vehicle 0.8362877712317928 441.66970896720886 179.29060757160187 498.20596557855606 208.52632820606232 
Vehicle 0.8332550895551476 176.62133046984673 193.28738003969193 258.63108479976654 225.78415274620056 
Don't Care 0.4989781930023395 599.3381958007812 0.0 630.9559936523438 31.56665229797363 
Don't Care 0.4088650453210389 732.7709350585938 88.59471130371094 753.0377807617188 140.3797607421875 
Don't Care 0.3536213441346802 933.213623046875 84.60395050048828 954.7607421875 138.46083068847656 
Don't Care 0.3452119338717004 392.8927001953125 96.4111557006836 404.45709228515625 121.17416381835938 
Vehicle 0.3342608293604117 333.15 187.17 372.92 208.67000000000002 
Person 0.19249936710778542 635.1298828125 200.01068115234375 697.6220092773438 256.3431701660156 
Don't Care 0.17771754680263824 469.92431640625 99.27729034423828 517.5686645507812 122.27108001708983 
