Vehicle 0.9460578185572932 730.360330581665 199.15111362934113 979.5305871963501 359.2919334769249 
Vehicle 0.9268468527992949 0.5166284009465016 201.14046335220337 413.698936522007 371.59936130046844 
Vehicle 0.9048777623818385 330.4818252325058 193.38154792785645 488.2789399623871 321.35680317878723 
Vehicle 0.8970361827807523 688.252357006073 185.97213551402092 795.5587538480759 267.2758251428604 
Vehicle 0.8713869309127157 442.0214576125145 189.33764845132828 521.7733098864555 266.16793870925903 
Vehicle 0.8387209767155009 657.0307134389877 186.75163015723228 717.0104645490646 241.27527326345444 
Vehicle 0.7661238693649915 516.2477506399155 184.12497639656067 561.8850182890892 220.41425853967667 
Vehicle 0.6005287006146238 978.5704345703125 252.4481201171875 1239.992431640625 372.7247009277344 
Vehicle 0.5552275066512011 605.9699724912643 182.69497901201248 633.2389132976532 200.17891377210617 
Vehicle 0.5160863911356082 570.2713159918785 175.99009349942207 600.5898431539536 206.9726586341858 
Vehicle 0.496276183669259 542.3839741945267 174.29928481578827 580.4974556565285 210.15556901693344 
