Vehicle 0.9486071814459605 783.8473709821701 182.85953253507614 1081.017788887024 348.48352521657944 
Vehicle 0.924041876670737 311.9793208837509 195.12100517749786 420.62860321998596 260.1768225431442 
Vehicle 0.9102079460759929 718.3212214708328 179.12883684039116 821.0170941352844 258.8713467121124 
Vehicle 0.727067075289276 481.72052854299545 184.0299591422081 516.5446808338165 209.8209634423256 
Vehicle 0.5938050021938459 579.5006185770035 175.73124915361404 614.0435348153114 192.46474653482437 
Vehicle 0.5150776331818716 638.5016326904297 174.6593378484249 673.5525727272034 199.27067309617996 
Vehicle 0.32753245025184347 309.82 192.42999999999998 348.21 215.34 
Vehicle 0.32753245025184347 500.53 185.0 528.39 205.43 
Vehicle 0.32753245025184347 515.57 177.78 539.63 200.38 
Vehicle 0.32753245025184347 622.84 174.44 636.11 186.06 
