Vehicle 0.8804854309197044 264.7977349162102 181.6755272448063 360.4533786177635 245.82577496767044 
Vehicle 0.8715571067212616 145.29814691841602 197.03494012355804 281.14555209875107 267.48307049274445 
Vehicle 0.8525989670871909 378.4532262682915 182.83725902438164 445.1060596704483 220.9390550851822 
Vehicle 0.8501527873821527 0.3253769095754251 183.7618499994278 144.5989248007536 306.16065859794617 
Vehicle 0.7899996504263664 433.43357902765274 181.63340538740158 471.6715031862259 210.6822431087494 
Vehicle 0.7015853390033725 498.2826595902443 177.7893416583538 530.2516626119614 198.28053563833237 
Don't Care 0.32643059075167985 680.852294921875 149.11671447753906 725.9354248046875 185.7042694091797 
Person 0.3122906138810828 830.82 162.48 845.21 194.04 
Person 0.3122906138810828 765.51 162.92 774.32 183.48 
Vehicle 0.3122906138810828 681.8000000000001 149.97 725.44 185.42 
