Vehicle 0.9667671621249084 640.5275834798813 175.93993619084358 726.5171166658401 239.4956275820732 
Vehicle 0.9385880596901499 0.8986375801032409 197.51480966806412 148.66547486186028 361.7483004927635 
Vehicle 0.6988213389141624 305.2400011718273 176.269993185997 455.92498630285263 230.70500046014786 
Vehicle 0.6322626126358311 409.0508056282997 175.62071979045868 479.8123208284378 212.23584562540054 
Vehicle 0.57061566725113 583.2435972690582 176.58069357275963 606.346187710762 194.6900188922882 
Person 0.349410662656592 431.69999999999993 179.46 444.5 233.21000000000004 
Person 0.349410662656592 419.71 182.74 434.64 235.9 
Person 0.349410662656592 395.52 185.4 407.17 238.88 
Person 0.349410662656592 406.57 184.83 417.92 237.97999999999996 
Vehicle 0.349410662656592 569.28 175.09 592.09 191.26 
Vehicle 0.349410662656592 562.89 172.33 577.58 185.72 
Vehicle 0.2897859266971995 490.3013610839843 171.66664123535156 513.6959228515625 191.51347351074222 
Vehicle 0.24711675743777103 447.0318603515625 170.59742736816406 492.7171630859375 202.2125701904297 
