Vehicle 0.9838034185921019 0.8632409612182528 193.0108442902565 297.83007153868675 367.245689034462 
Vehicle 0.9677068745810816 826.4606662988663 178.71525138616562 1241.9170135259628 372.400626540184 
Vehicle 0.7934929740056291 407.84550297260284 179.01450768113136 478.8543489575386 231.90338909626007 
Vehicle 0.6923115526618958 619.1267339587212 170.7400493323803 641.488701581955 187.73601204156876 
Vehicle 0.6188609897862392 504.5846346616745 178.48674952983856 539.8239414095879 206.16886764764786 
Vehicle 0.6095891797298449 638.3175966739655 175.70773512125015 671.2179951667786 200.98348706960678 
Person 0.5975938371784012 483.09113788604736 175.1384697854519 506.9150295853615 243.61494183540344 
Vehicle 0.33265553660457053 655.2899999999998 175.02 680.92 194.67999999999998 
Person 0.33265553660457053 450.18 176.21 473.32 250.20000000000002 
Person 0.33265553660457053 522.58 174.17 535.72 215.07999999999998 
Person 0.33265553660457053 633.36 172.98 641.42 195.08000000000004 
Person 0.33265553660457053 704.8 164.07 719.99 209.86 
