Person 0.9186686601887161 1052.4748095273972 204.82280105352402 1121.9616569280624 307.39791691303253 
Person 0.8986761041145338 849.9094161987305 164.31532055139542 901.7658205032349 273.1155976653099 
Person 0.8667051278712717 943.8070199489594 168.00745949149132 969.959900021553 256.20704144239426 
Person 0.865653425483304 915.6643892526627 166.68863967061043 944.147997379303 247.45658040046692 
Person 0.8550671207193679 302.036786198616 166.57645627856255 324.37128907442093 240.68324267864227 
Person 0.707419176888427 750.4024894237518 160.15629842877388 774.4180051088333 242.22003668546677 
Vehicle 0.6421345169842549 557.6958299875259 155.2712358534336 614.0407217144966 200.90335607528687 
Person 0.6119117649543867 1192.3632062673569 186.65336072444916 1225.164109826088 268.18234473466873 
Person 0.5437687411621911 271.7673217356205 189.74579125642776 298.9770393669605 227.62763500213623 
Person 0.5326098775679282 1134.2669742107391 156.22063726186752 1192.3865253925323 279.45875376462936 
Person 0.34686161774927937 539.63 169.67 561.73 207.53 
Person 0.34686161774927937 583.1 169.8 602.6 201.66 
Person 0.34686161774927937 785.15 182.18 827.3 230.85999999999999 
Person 0.34686161774927937 523.51 169.13 544.88 209.52 
Don't Care 0.3045752620753953 861.7926635742186 206.06500244140625 903.4044189453125 276.2065734863281 
Don't Care 0.20867506149914514 1015.0892333984375 216.35997009277344 1092.8934326171875 312.49395751953125 
