Vehicle 0.9454044581704367 841.492248415947 172.0040626823902 1067.5291185379028 307.6629191637039 
Vehicle 0.9362924561665691 164.9121129512787 190.34627079963684 304.22852486371994 250.22964924573898 
Vehicle 0.9094160077108543 354.98822700977325 184.80309471488 446.402714073658 242.2376275062561 
Vehicle 0.8938911792077531 592.4337385296822 179.79496344923973 659.3547788858414 242.62987822294235 
Vehicle 0.7053451957217195 678.6968457698822 180.5146336555481 745.3085560798645 221.52306139469147 
Vehicle 0.6492830677854662 290.49826097488403 179.81388419866562 368.0057029724121 231.49265348911285 
Vehicle 0.6423954260698342 484.1533795595169 180.088821798563 530.6262121796608 211.70874685049057 
Vehicle 0.6187054446512984 555.8940759301186 180.13372644782066 585.8247283101082 199.08598065376282 
Vehicle 0.5863884482189667 720.3717498779297 180.1583133637905 822.0219633579254 234.6227914094925 
Vehicle 0.326642506137703 0.0 185.71 110.17 250.72 
