Vehicle 0.962552265092668 40.78064341843128 210.01341193914413 295.7401412129402 334.8716050386429 
Vehicle 0.9512415742681066 388.664449095726 194.64033097028732 497.170966565609 272.18252420425415 
Vehicle 0.9441542593667124 267.0222869217396 199.91813600063324 380.57904213666916 281.49812668561935 
Vehicle 0.9067213748141691 1121.479210138321 157.31512382626534 1241.5103724002838 260.07065176963806 
Person 0.8393051772140758 824.3558746576309 180.8420531451702 912.9552991390228 284.92889553308487 
Vehicle 0.7389028354823411 459.9721870422363 172.88608476519585 533.6428556442261 239.43724483251572 
Vehicle 0.6861497455357186 546.0745403766632 182.43154138326645 568.1364315748215 201.19397342205048 
Vehicle 0.661772515875767 371.53936475515366 192.2462359070778 445.39543890953064 241.41615629196167 
Vehicle 0.6499488989409531 615.444236934185 179.42358925938606 661.639683008194 205.31263947486877 
Vehicle 0.608995911739292 519.6293199062347 185.27263775467873 545.0234400629997 225.60743987560272 
Vehicle 0.5946662669750757 637.7007132768631 180.05408719182014 703.1814830303192 212.17218786478043 
Don't Care 0.545020334886257 819.8068237304688 223.88302612304688 938.9158325195312 286.57305908203125 
Don't Care 0.3527078375778111 786.598388671875 208.6070556640625 843.9407348632812 273.3191223144531 
Person 0.22050717604969783 231.1766357421875 182.29360961914062 255.30003356933594 209.99313354492188 
Person 0.17438303596653096 819.404052734375 184.71253967285156 847.2904052734374 228.0547332763672 
