Vehicle 0.9837630001194215 750.3938280344009 181.0780204832554 1013.1810472011566 339.22111988067627 
Vehicle 0.9046826433345064 582.6906008720398 174.21483993530273 639.5995563268661 217.3548862338066 
Person 0.8981521371871821 279.6242752969265 176.88193917274475 339.9569039940834 308.89490246772766 
Person 0.8379368817296742 370.9942154288292 178.0388094484806 412.21469271183014 279.7892913222313 
Vehicle 0.7397247177821274 415.3680676817894 178.6278784275055 452.2390469312668 211.96071803569794 
Vehicle 0.6712893848907601 305.44963270425797 185.90199574828148 388.75990945100784 261.1948326230049 
Vehicle 0.6109566159919607 650.6534138917923 170.24273425340652 765.8090282678604 253.28397005796432 
Vehicle 0.6009682177928909 153.14523611962795 202.44582742452621 327.78802210092545 307.5418174266815 
Vehicle 0.5950434799983353 542.5416558980942 173.86258766055107 566.7718185782433 195.6290602684021 
Vehicle 0.5950201890460073 560.4284983277321 174.8158000409603 591.5731887817383 204.10048216581345 
Don't Care 0.5271700448828882 275.822021484375 233.87692260742188 337.1233215332031 327.76336669921875 
Don't Care 0.3889004279660755 371.3784790039063 217.22047424316406 412.5612487792969 293.4806213378906 
Vehicle 0.33473967770238267 529.22 174.94 544.31 186.56 
