Vehicle 0.9308599329067155 0.8104525952367112 208.71245115995407 338.7754386663437 372.05784022808075 
Vehicle 0.8743735154061063 329.3573622107506 194.24913078546524 457.8566612005234 279.22718971967697 
Person 0.8606404735427979 1095.5866899490356 134.85703244805336 1208.6918499469757 302.28446424007416 
Vehicle 0.8338704828629488 476.12830621004105 186.44526600837708 523.6762615442276 222.39893674850464 
Person 0.8043813595536058 1007.2812345027924 144.67701315879822 1130.8741525411606 330.00247925519943 
Vehicle 0.7742790150679305 560.9819388985634 179.36097085475922 593.9923074245453 206.91105723381042 
Don't Care 0.5761447672883351 997.5180053710939 222.0743103027344 1140.101806640625 357.0859680175781 
Vehicle 0.5239243210774187 539.9820302724838 178.0545450747013 559.9161438345909 200.76075196266174 
Don't Care 0.343776182864888 1094.0166015625 218.2792510986328 1234.7161865234375 319.8437194824219 
Vehicle 0.31511380324027466 503.50000000000006 159.34 545.85 211.35 
