Vehicle 0.9881063744087151 0.844438542961143 204.11326736211777 190.6291289627552 325.74576884508133 
Vehicle 0.8449791322109264 223.0644589662552 160.8114279806614 532.3918401002884 322.75018841028214 
Vehicle 0.7548984048197576 1170.8400979042053 155.59925884008408 1202.7844862937927 176.0258562862873 
Vehicle 0.7407468614542634 1137.8411668539047 157.73354843258858 1172.9436310529709 177.49278992414474 
Vehicle 0.7368325519865232 684.9493324756622 165.69134965538979 738.4201605319977 208.1289365887642 
Vehicle 0.7231579014811509 1204.619812488556 158.4671214222908 1241.164731144905 174.1207279264927 
Vehicle 0.6690452424821269 1103.7399444580078 158.60258415341377 1137.3703426122665 177.79043689370155 
Vehicle 0.5639899469507375 1045.7178894281387 159.5214195549488 1078.5011740922928 178.76430228352547 
Vehicle 0.559453468468036 889.9186685085297 158.14952552318573 918.67063164711 173.69431257247925 
Vehicle 0.3399633989186886 973.45 164.24 1003.17 179.1 
Vehicle 0.3399633989186886 860.52 159.78 882.81 172.42 
Vehicle 0.3399633989186886 526.84 180.32 553.72 198.24 
Vehicle 0.3399633989186886 843.43 161.27 863.49 174.57 
