Vehicle 0.9536145424704755 0.4883618778549135 214.34321254491806 397.4247781634331 371.8781992793083 
Vehicle 0.9417774435438632 567.859452188015 181.63326010107994 625.8350540399551 227.62953490018845 
Vehicle 0.9317459738051288 655.1352016925812 181.92638084292412 714.6816612482071 227.8607413172722 
Vehicle 0.9145187522612243 822.0234439373016 184.8432943224907 1241.5376150608063 372.33656644821167 
Vehicle 0.8880651794996168 524.5071997046471 181.20155856013298 568.5520302057266 213.32435309886932 
Vehicle 0.8394429973979087 303.2620951831341 198.29560071229935 476.2026312947273 325.9861618280411 
Vehicle 0.6718460474207144 460.226180434227 176.49660632014275 510.2809047102928 207.34430104494095 
Vehicle 0.614617970567621 81.15258215367794 185.65836176276207 199.0824969112873 229.16027158498764 
Vehicle 0.6122498756304989 379.9668225646019 178.53782325983047 473.4639666080475 227.6003211736679 
Vehicle 0.501781096115099 639.0044374465942 131.1187595129013 708.05976998806 210.2266475558281 
Person 0.33037572093160367 737.17 169.56 751.7799999999999 212.86 
Vehicle 0.33037572093160367 618.32 176.37 647.12 199.02000000000004 
Vehicle 0.33037572093160367 299.98 179.69 346.5 204.57 
Vehicle 0.19350065252773924 489.8449401855469 180.86134338378906 525.3547973632812 201.19151306152347 
