Vehicle 0.9507979332098491 764.0559482574463 182.554230093956 1089.1338068246841 372.3251447081566 
Vehicle 0.9457001818143846 958.8874611854553 243.62070858478546 1241.0992155075073 373.3297884464264 
Vehicle 0.9307638071550833 411.5242985486984 188.37998807430267 516.3123779296875 262.74488121271133 
Vehicle 0.8760581514563928 720.474650144577 177.00085043907166 846.2630453109741 289.143942296505 
Vehicle 0.7600808696315698 659.2844513654709 179.32802438735962 727.8608905076981 230.5319756269455 
Vehicle 0.6221813081906022 589.0049387812614 176.26160010695457 615.0119077563286 198.06477427482605 
Vehicle 0.5849197304860662 638.4698002338409 178.51701378822327 667.7156106233597 207.09338039159775 
Person 0.5173313681596908 827.8547798395157 159.42317247390747 865.4443212747574 196.60422205924988 
Vehicle 0.3229687369969008 349.81 185.88 422.67 211.56 
Vehicle 0.3229687369969008 245.3 187.07 325.32 211.86 
