Vehicle 0.946763389738045 728.1409420967102 175.74694007635117 960.8657373189926 329.1669487953186 
Vehicle 0.907901287846379 99.07656861841679 177.50409990549088 330.18156373500824 315.7147988677025 
Vehicle 0.900483973248661 368.29793232679367 184.9064715206623 428.2597314119339 239.849254488945 
Vehicle 0.8965003156835529 317.96223109960556 193.45445930957794 395.8385224342346 268.01714301109314 
Vehicle 0.8937362691113235 666.5560208559036 181.04024603962898 769.8168085813522 266.8406814336777 
Person 0.8847378311925231 1090.9321185350418 156.90045431256294 1166.2047740221024 306.84589594602585 
Person 0.772928269490993 575.4973540306091 173.9129237830639 610.3417532444 263.03303986787796 
Vehicle 0.6162339581741878 0.7703221440315245 220.29460144042966 127.64373016357422 372.1546325683594 
Vehicle 0.5977549145527965 645.4080172777176 179.5014627277851 694.5215742588043 242.78683215379715 
Vehicle 0.493644058483148 559.6993129849434 164.71683606505394 587.5722561478615 202.8111219406128 
Vehicle 0.3243052710931467 408.83 150.93 509.87 205.04 
Person 0.3243052710931467 512.6 174.4 523.9 206.72000000000003 
Vehicle 0.29386118742194356 418.3739318847656 178.5205535888672 473.43872070312494 213.11773681640625 
Vehicle 0.17112226276051906 630.3643188476562 177.804443359375 663.2567138671875 228.51838684082028 
