Person 0.9477761669413947 31.26624833419919 171.39743641018867 190.79201120138168 372.32715636491776 
Person 0.9166832620500797 1099.6093500852585 138.20088654756546 1191.7835594415665 373.41050058603287 
Person 0.8954806896066073 354.14570331573486 179.31560799479485 401.75010573863983 302.41692066192627 
Person 0.7582987661483126 445.70950680971146 177.0201176404953 463.2733238339424 230.62540590763092 
Don't Care 0.5830738272352606 129.26783752441406 221.05015563964844 192.01747131347656 372.9632873535156 
Person 0.5491686350680305 426.4036400914192 173.47389087080956 443.17175674438477 231.22979700565338 
Person 0.5117783656562446 612.3014110922813 172.97092080116272 625.9475040435791 222.23065048456192 
Person 0.41519375467680414 1200.9669189453125 151.30184936523438 1242.0 371.3554382324219 
Person 0.3312533589326598 516.82 176.3 523.39 205.48000000000002 
Person 0.3312533589326598 525.78 174.3 533.6 204.8 
Don't Care 0.2617387902249491 170.87750244140625 243.1871337890625 254.6193389892578 343.25286865234375 
