Vehicle 0.9671300304107215 788.0160162448883 211.05265617370605 1085.768597960472 373.1548860669136 
Vehicle 0.9534890573400243 4.2053957297466695 185.91921776533127 220.99681136012077 365.4182553291321 
Vehicle 0.9452734785745459 132.31876811385155 184.41898003220558 343.5558223128319 284.08171981573105 
Vehicle 0.8651119969495575 722.8514982461929 176.3230338692665 834.3727344274521 231.7078337073326 
Vehicle 0.7862615861388507 1.0703344711801037 248.8522231578827 58.28810589015484 370.65812945365906 
Vehicle 0.7492634611933972 638.6023120880127 160.793736577034 689.3983994722366 216.0203531384468 
Vehicle 0.6001749148695394 799.1254695653915 186.93018704652786 913.4672094583511 239.16985094547272 
Vehicle 0.5275963334440427 434.7423095703125 182.9780731201172 504.7296752929688 217.43447875976562 
Vehicle 0.35273254500652995 488.3152770996094 177.91285705566406 525.8428344726562 210.4790802001953 
Vehicle 0.329544974586418 301.44 169.42 449.02 246.0 
Vehicle 0.29967862652153093 395.65606689453125 184.36224365234375 449.1392517089844 215.1709747314453 
Vehicle 0.2549125724331014 899.3171997070312 193.7753143310547 1042.9871826171875 230.42179870605466 
Vehicle 0.17852320363401247 514.5051879882812 180.1468505859375 551.8507690429688 202.30296325683594 
