Vehicle 0.9409979802085179 0.8549587534507737 191.94898009300232 395.40926545858383 371.7160373926163 
Vehicle 0.9394714189948001 886.577222943306 222.2260683774948 1241.3107162714005 372.3008707165718 
Vehicle 0.9242609033068234 406.5217169523239 183.95038694143295 561.7937035560608 292.7792966365814 
Vehicle 0.8815419946505049 749.6479861736298 182.42043256759644 816.7973688840866 242.83891171216965 
Vehicle 0.8587031251322585 587.0739671587944 171.24304175376892 637.4239189624786 213.1727635860443 
Vehicle 0.641351290230485 708.0003987550735 173.27868193387985 732.9413505792618 195.24496793746948 
Vehicle 0.624053271052691 631.6637989282608 173.9884950220585 658.3446536064148 204.72512394189835 
Person 0.3267957173502652 672.45 172.4 681.43 199.65 
Vehicle 0.278257429578026 650.6740112304688 167.664306640625 671.1650390625 187.28343200683594 
Vehicle 0.1835932026014436 733.5853271484375 180.15740966796875 763.1263427734375 222.6736602783203 
