Person 0.8849532284750234 381.2011263370514 166.9501119852066 420.17430353164673 243.97133469581604 
Person 0.8763850098547391 1010.8798813819885 160.55944055318832 1075.7046461105347 312.6667934656143 
Person 0.8744462450991441 331.2880382537842 160.69281041622162 362.0593464374542 243.4458827972412 
Person 0.874397592385107 629.9445705413818 158.93962800502777 671.6370763778687 279.27236914634705 
Person 0.8449641190823854 223.63653767108917 156.21849685907364 249.95073974132538 235.31282424926758 
Person 0.660240737865867 303.34976077079773 165.25608867406845 324.23756217956543 235.07444560527802 
Person 0.5792488235104201 266.6923191547394 158.75096946954727 290.2139811515808 234.6105456352234 
Vehicle 0.5603855506535473 1065.2470703125 186.826904296875 1153.587890625 225.1259460449219 
Person 0.3430239925129951 284.25 165.3 302.1 228.70000000000002 
Don't Care 0.2049398901660555 626.97119140625 208.26388549804688 649.48876953125 241.468994140625 
Vehicle 0.19402433910096936 594.704345703125 172.55767822265625 634.9129638671875 203.74417114257812 
Vehicle 0.1931964061257307 1131.9920654296875 187.83474731445312 1198.3624267578125 225.23623657226565 
Don't Care 0.18816234843563173 840.864990234375 217.4442138671875 1005.9307861328125 286.8838806152344 
