Vehicle 0.9287132917468144 0.32812752155587077 216.29136657714844 291.62310868501663 373.5510673522949 
Vehicle 0.9018303033300364 376.92332196235657 183.51756262779236 487.5693227946758 265.6736030578613 
Vehicle 0.9006172410423876 697.0114693045616 190.9163212776184 796.6098867058754 258.74092197418213 
Vehicle 0.8832401410322375 162.5693692713976 189.46682262420654 311.81981483101845 261.20260667800903 
Vehicle 0.8220931485110563 339.60640648007393 185.51482820510864 393.26034367084503 228.51978158950806 
Vehicle 0.8142336739928443 644.4073423147202 182.59964990615845 687.783939063549 214.20791816711426 
Vehicle 0.7665614691115855 465.79226118326187 184.11021947860718 520.3708524107933 233.47098588943481 
Vehicle 0.6432720564941562 584.8105954527855 180.25746250152588 611.9802456200123 203.42570734024048 
Vehicle 0.5046378623801756 502.71991288661957 182.09633588790894 531.916397601366 215.57882022857666 
Vehicle 0.31532239076886037 578.17 181.78 590.85 197.92 
Vehicle 0.31532239076886037 527.04 184.86 550.88 205.22999999999996 
