Vehicle 0.9576600116609594 857.6410757303238 174.7904196381569 1241.3267805576324 372.2055181860924 
Vehicle 0.9536489456103487 696.8275026082993 184.13379415869713 817.183503985405 267.028346657753 
Vehicle 0.9497306977501678 0.30979193199891597 231.20670765638351 318.7500473856926 372.03942239284515 
Vehicle 0.8398090048268174 678.293017745018 179.69683930277824 747.6994696855545 236.9125932455063 
Person 0.7874202607089598 993.7137973308563 147.72498607635498 1040.5267560482025 184.37663465738297 
Vehicle 0.7031608251535226 596.5906502008438 176.55600607395172 623.075550198555 201.42453163862228 
Vehicle 0.45759843092096847 654.3360595703125 179.0775909423828 693.7652587890625 217.07864379882812 
Vehicle 0.30887665267611036 313.4127502441406 193.4513397216797 368.76959228515625 225.57286071777344 
Vehicle 0.25989952745749934 637.385009765625 182.4136962890625 657.908203125 201.8417663574219 
Vehicle 0.2575768769434081 361.040283203125 194.5450439453125 398.58004760742193 221.96495056152344 
Vehicle 0.19539696333410916 489.147705078125 181.749267578125 517.2197875976562 207.57373046875 
