Person 0.8895729103226722 867.05497777462 167.69766199588776 908.9503743648529 285.39506351947784 
Person 0.8825564707969674 741.2978014945984 182.09530627727509 787.0617414712906 313.23629319667816 
Person 0.8749330271446777 375.18757301568985 172.97474586963654 412.4365631341934 284.9620164632797 
Vehicle 0.869938227466803 552.0004310011864 181.02903991937637 598.0886804461479 217.3325320482254 
Person 0.8553471607050535 296.2607577443123 175.07009530067444 334.2321573495865 260.285378575325 
Person 0.8493370595961987 915.2906798124313 174.23617988824844 954.7346805334091 287.5507354736328 
Person 0.832557416848444 689.2005661725998 184.59531372785568 720.4345564842224 275.6418299674988 
Person 0.7705166334429162 643.7686098814011 170.10889101028442 664.3819262981415 246.12501180171967 
Person 0.7661076307599793 718.2766256332397 183.78744667768478 744.9310268163681 282.75123834609985 
Don't Care 0.6240152871888573 42.144084580242634 220.54685759544373 151.17774412035942 296.6911358833313 
Don't Care 0.476890339245505 0.593638002872467 232.31616210937503 51.3940315246582 321.4106750488281 
Don't Care 0.4249000103850439 291.23956298828125 244.75564575195312 357.68878173828125 288.071044921875 
Don't Care 0.1721096671347365 265.287841796875 222.550537109375 302.07122802734375 277.0833740234375 
Person 0.1689897495900462 775.553466796875 173.27154541015625 811.4810180664062 256.6634216308594 
