Vehicle 0.9446385575417607 792.1379492282867 190.30089676380157 1057.9858961105347 353.3432185649872 
Vehicle 0.920915823495163 40.98217340558767 183.96276980638504 349.62264436483383 282.24483132362366 
Vehicle 0.9167656047395533 0.32151016109855846 278.3038169145584 80.22351859509945 373.64231050014496 
Vehicle 0.8176157341270658 401.71749597787857 185.81871315836906 475.3465602993965 237.15323209762573 
Vehicle 0.7666963955276215 298.4870416224003 180.3942248225212 425.4113557934761 245.0869381427765 
Vehicle 0.7563399505243008 733.7752869129181 179.04355376958847 855.0959597826004 274.8856544494629 
Vehicle 0.5609487506378806 678.5930786132812 182.81817626953125 734.0272827148438 223.53076171875 
Vehicle 0.4223696844685054 447.50048828125 177.54627990722656 506.68310546875 226.19784545898438 
Vehicle 0.3905600991137452 473.9324951171875 176.7484130859375 549.0350341796875 212.07159423828122 
Vehicle 0.24131170735033172 711.4091796875 176.87582397460938 760.927978515625 206.39712524414062 
Vehicle 0.17539448817047992 636.70947265625 163.24278259277344 675.32373046875 198.01589965820312 
