Vehicle 0.9903969774311855 895.0771551132202 242.58387833833694 1241.6650929450989 373.04574251174927 
Vehicle 0.96126408654712 659.2959998846054 175.30220746994019 735.5953631401062 237.59570717811584 
Don't Care 0.6566838039117993 793.1053466796875 199.3609161376953 998.4790649414062 328.87567138671875 
Vehicle 0.5583995632365785 312.04720544815063 185.61621755361557 422.5971075296402 242.1526461839676 
Don't Care 0.5024064518783319 266.8795775771141 207.15873688459396 376.6165305376053 282.75250643491745 
Vehicle 0.464765024656759 393.2521353363991 180.20084872841835 469.6095373034477 233.57141017913818 
Don't Care 0.37034751107256464 185.3178253173828 212.86927795410156 282.7320556640625 331.89959716796875 
Don't Care 0.3482376340407563 118.3809585571289 202.64064025878903 186.0640869140625 310.0552978515625 
Person 0.244988108719616 100.94160461425781 168.6515655517578 129.86639404296875 211.02938842773435 
Vehicle 0.21548544733700242 513.58544921875 177.94097900390625 545.327880859375 202.88200378417966 
