Vehicle 0.9458869402357425 939.4450110197067 206.28690719604492 1240.5767930746078 372.5530654191971 
Vehicle 0.94244858298522 0.7897844879189506 169.25402730703354 147.06220172345638 357.3434427380562 
Vehicle 0.8941606219249891 726.592404127121 174.897450953722 813.6030188798904 216.08056873083115 
Vehicle 0.8287723461996486 146.38584530353546 185.5613999068737 348.54807686805725 296.5698167681694 
Vehicle 0.7151848305672481 631.3266710042953 176.49244889616966 661.4060475826263 202.09184288978577 
Vehicle 0.6070287547781932 328.8542613387108 170.69612815976143 445.72564512491226 232.84108936786652 
Vehicle 0.5913677816910095 478.5429831147194 172.59114235639572 508.1125591993332 206.6892609000206 
Vehicle 0.3230124161884581 496.93999999999994 167.77 532.39 201.01 
Vehicle 0.3230124161884581 401.76 183.84 442.97 231.04000000000002 
Vehicle 0.3230124161884581 612.67 170.22 637.56 199.89 
