Vehicle 0.9461216172895247 167.26474818587303 185.28708332777023 355.41845738887787 306.3997851610184 
Person 0.8912528016842907 21.93633947521448 181.88396567106247 99.34631158411503 368.70751225948334 
Person 0.8834607336780773 372.7798611521721 162.20737612247467 423.4499872326851 264.89967262744904 
Person 0.8690035876594664 95.0532327145338 167.27669727802277 191.05249717831612 371.3205074071884 
Person 0.7239846108647415 476.30505150556564 169.08541440963745 492.6937482357025 215.25737929344177 
Person 0.6798900275616351 491.5140218138695 166.68062782287598 507.76384472846985 214.3071323633194 
Person 0.489781797675472 633.4034423828125 162.1949462890625 660.5339355468751 228.27587890625 
Don't Care 0.45452092549012396 382.4486999511719 206.0048828125 417.8840026855469 280.6899108886719 
Person 0.3146211756000514 0.6011284589767456 170.617919921875 46.7910270690918 360.0311584472656 
Person 0.26965971904977154 353.5611877441406 167.6335906982422 376.7163391113281 217.96290588378906 
Don't Care 0.1856022280419243 560.0596313476562 196.14381408691406 591.0410766601562 253.83758544921875 
