Vehicle 0.985010060890013 526.6550762057304 178.89736220240593 733.6561002731323 372.033566236496 
Vehicle 0.8854419255765628 216.5714151263237 191.7165219783783 299.0689463317394 223.15911948680878 
Vehicle 0.8537909067769096 390.292012989521 180.33694848418236 495.0466682910919 216.62655472755432 
Vehicle 0.702863418197904 482.3320078253746 176.8670752644539 528.2236019968987 207.88150280714035 
Don't Care 0.49791199097095634 599.33251953125 0.0 630.9307861328125 31.540550231933594 
Don't Care 0.4238029828405544 732.7799682617188 88.47010040283203 753.0439453125001 140.20025634765625 
Don't Care 0.3584687573167504 392.8582763671875 96.3984603881836 404.50094604492193 121.13339996337892 
Don't Care 0.3517469665554926 933.3669433593749 84.69351959228516 954.7521362304688 138.37667846679688 
Vehicle 0.33592291746801206 333.41 186.66 372.18 208.26 
Vehicle 0.33592291746801206 377.72 183.33 412.07 204.39 
Person 0.18730892776337665 634.7120971679689 200.05543518066406 697.4766845703125 256.1063232421875 
Don't Care 0.1832507249604359 469.76696777343756 99.23688507080077 517.569580078125 122.36631011962889 
