Vehicle 0.9602768919215088 920.0650413036346 204.65851575136185 1241.0698260068893 372.2236454486847 
Vehicle 0.954926068788252 130.69184271991253 197.55066186189651 375.1402078270912 325.10800659656525 
Vehicle 0.9317164014469558 783.3123636245728 185.83746626973152 967.3269857168198 291.8036878108978 
Vehicle 0.8816287876424979 725.7439581155777 181.0266561806202 817.4084039926529 251.0840892791748 
Vehicle 0.8662254581599939 352.94958025217056 188.8132095336914 454.6655314564705 261.83366775512695 
Vehicle 0.8496597374752778 434.7085059285164 185.0544959306717 494.3608269095421 237.89799213409424 
Vehicle 0.7517355966844316 511.4955350160599 178.89312654733658 549.1497777700424 207.92649686336517 
Vehicle 0.5295676384877701 538.7527792453766 176.32101103663445 563.0479393601418 204.53502237796783 
Vehicle 0.38202136540389076 705.3705444335938 178.3830108642578 762.6926879882812 229.87722778320312 
Vehicle 0.24131972839316979 571.1118774414062 174.5535125732422 609.9630737304688 188.6537170410156 
Vehicle 0.1754307720190554 1070.4395751953125 173.8121337890625 1171.0958251953125 206.5109558105469 
