Vehicle 0.9871611643389255 800.9469523429871 196.37368619441986 1140.8053607940674 372.57789820432663 
Vehicle 0.985698819524731 0.7125844911206514 201.24444365501404 302.92970511317253 373.121939599514 
Vehicle 0.9713536862352876 744.042586684227 184.2818409204483 870.8481398820877 283.91117602586746 
Vehicle 0.9333654349797843 442.22455608844757 178.22208255529404 503.4400727748871 224.42570328712463 
Vehicle 0.861903699126597 677.2264083623886 178.85087057948112 751.6982924938202 240.86938798427582 
Vehicle 0.828873167494103 256.1840572357178 175.8895106613636 351.52792793512344 232.59148746728897 
Vehicle 0.6409612424018853 483.25755500793457 171.94493114948273 520.4761002659798 212.78976649045944 
Vehicle 0.5286881596275028 660.8307684659958 175.5838841199875 693.1019207239151 222.72828966379166 
Vehicle 0.5183604264357814 645.9130429029465 173.05346578359604 671.5818475484848 208.81464332342148 
Vehicle 0.2514898250050753 534.23388671875 175.2873077392578 556.8931274414062 189.36857604980466 
Vehicle 0.23676256823489322 583.8932495117188 172.67010498046875 601.4824829101562 186.3677520751953 
Vehicle 0.22386240226959264 511.2359008789062 172.2076416015625 538.6290283203125 207.71592712402344 
