Vehicle 0.9350078825806384 72.11641652137041 188.6591836810112 302.74455866217613 327.4378851056099 
Vehicle 0.9249978599243771 0.5987631803727709 191.726915538311 110.55520440638065 372.306190431118 
Vehicle 0.9152276855322753 288.0556381344795 174.2992401123047 411.6918261051178 242.32569336891174 
Vehicle 0.8937975329528032 586.6548521518707 171.84775695204735 653.6547703742981 224.7477024793625 
Vehicle 0.8772494126764028 432.4021334052086 186.63403764367104 535.3246827721596 261.9214430451393 
Person 0.8555111075589804 883.9891701936722 182.07694217562675 946.5169984102249 338.2364809513092 
Vehicle 0.6951217064159512 913.4137605428696 48.40649105608463 1171.2628773450851 371.8929514288902 
Vehicle 0.6881198917076918 743.3206561803818 161.06144338846207 954.7096363306046 305.890828371048 
Vehicle 0.4892171024961294 0.8753483295440674 143.6195526123047 138.44322204589844 226.5576171875 
Vehicle 0.3973702688912924 712.6386108398438 182.4622039794922 770.6118164062501 259.260498046875 
Vehicle 0.3795172365085292 682.9513549804688 172.50961303710938 749.6259155273438 231.87069702148435 
Vehicle 0.368522411111769 643.2744750976562 175.99720764160156 678.6531982421875 203.76593017578125 
Vehicle 0.34010297772723447 484.58990478515625 176.68023681640625 557.8255615234375 234.95643615722656 
Vehicle 0.17092236141425485 553.5535278320312 172.28369140625 587.6107788085938 196.2156982421875 
