Vehicle 0.8956906707442911 541.0300150215626 180.14722108840942 619.1732484996319 242.2961483001709 
Vehicle 0.8937983580306426 90.81194798648357 193.81083631515503 281.45380049943924 290.75907135009766 
Vehicle 0.8909750947688087 257.35121604800224 186.19316363334656 351.667296230793 239.62632942199707 
Vehicle 0.8838438792645964 0.6152738482924178 170.0536437034607 86.56392438709736 260.50639820098877 
Vehicle 0.8781886306273439 0.6839749900973402 252.43696880340576 58.85323455184698 349.7773127555847 
Vehicle 0.8471858392971379 444.10129991173744 181.28253507614136 501.6335248351097 231.38395166397095 
Vehicle 0.7468308213154501 347.182681620121 183.28289341926575 396.28813165426254 218.574791431427 
Vehicle 0.31727019450254984 232.1 171.86 298.21 205.69 
Vehicle 0.31727019450254984 154.83 188.78 255.93 214.15000000000003 
Vehicle 0.26467452926194523 384.87176513671875 182.37294006347656 412.23901367187506 210.88970947265628 
Vehicle 0.1923555350865979 505.7986755371094 182.47381591796875 528.464111328125 200.24276733398438 
