Vehicle 0.984043400410232 1.3023060522973537 174.2478758096695 471.27196884155273 355.33279180526733 
Vehicle 0.9611059264580477 1075.7142795324326 192.41002947092056 1241.2410550117493 334.8735496401787 
Vehicle 0.9503130250399765 641.2996315956116 180.00128120183945 755.2080799341202 248.66610020399094 
Vehicle 0.9240197763871123 1010.1528922319412 178.6019504070282 1088.5240302085876 241.146057844162 
Vehicle 0.5765549431414575 773.6394653320312 170.91810607910156 838.233642578125 213.7988586425781 
Don't Care 0.48690360227401935 0.6481994986534119 195.41615295410153 61.890892028808594 253.85409545898438 
Vehicle 0.3580137238466731 825.85302734375 170.59295654296875 857.4827880859375 204.77952575683594 
Vehicle 0.27290023637275507 1062.8575439453125 164.94329833984375 1101.8287353515625 188.94276428222656 
Vehicle 0.26706056176554427 994.68115234375 171.64654541015625 1033.6427001953125 213.0226745605469 
Vehicle 0.2662813208238012 879.8355102539062 168.74441528320312 919.1728515625001 194.18174743652344 
Vehicle 0.2648926182820325 595.9237670898438 172.49334716796875 629.8289184570314 187.37074279785156 
Vehicle 0.21467679910448717 846.9924926757811 168.58226013183594 875.8834228515625 197.75135803222653 
Vehicle 0.20693295293504846 1141.8153076171875 5.164082050323486 1241.850341796875 197.33740234375 
