Person 0.9319438029181303 1061.17245054245 172.7067831158638 1223.7549405097961 367.53227710723877 
Person 0.9070518287036627 616.9924578666687 157.22006648778915 691.5465002059937 346.46960854530334 
Person 0.9034425469516746 756.5882363319397 161.751366853714 820.3734498023987 332.15564250946045 
Person 0.900861073394821 911.2355117797852 143.4851759672165 988.9003286361694 328.75586330890656 
Vehicle 0.8190355023359104 0.5800649989396334 97.95066475868225 262.6385325193405 366.45817279815674 
Person 0.8186853981124598 823.2229685783386 172.53352910280228 898.1316504478455 368.67649018764496 
Person 0.6829970398291635 831.3990840911865 144.0615940093994 877.2532968521118 219.12495374679565 
Person 0.551688410625885 539.3281881809235 146.06805235147476 555.377943277359 205.38769245147705 
Person 0.3200788865523526 525.4 145.8 539.1 207.50000000000003 
Don't Care 0.22406565578729837 293.8438720703125 203.3331604003906 409.0735168457031 294.68853759765625 
