Vehicle 0.9360702995517958 984.7965638637543 224.14302080869675 1240.4984704256058 373.4535053372383 
Vehicle 0.9167306500706044 791.9089035987854 183.31846967339516 968.3505102396011 306.8268746137619 
Vehicle 0.9165378383263311 182.80720961093903 166.49143025279045 411.598105430603 320.1177567243576 
Vehicle 0.8954263167463308 437.0497831106186 176.45735666155815 548.6314269304276 249.7439682483673 
Vehicle 0.8912537708028319 626.3928623199463 169.89856213331223 700.5788465738297 214.1776755452156 
Vehicle 0.8655729305471827 760.0793341398239 178.40084061026573 831.4532539844513 252.58876383304596 
Vehicle 0.3860643056465258 700.3899536132812 167.1109619140625 732.3518676757812 194.86549377441406 
Vehicle 0.31644129215017336 730.0704345703125 162.94361877441406 767.5340576171875 187.69989013671875 
Person 0.2523344327399206 0.5683320164680481 297.38861083984375 51.93006896972656 374.16693115234375 
Vehicle 0.1909985583768224 988.2415161132812 147.71115112304688 1035.1407470703125 191.46084594726562 
