Vehicle 0.9392727990617891 771.3811147212982 194.57819312810898 1162.919220328331 371.8952313065529 
Vehicle 0.9257733064494517 237.51200804114342 191.0669133067131 487.83450704813004 341.4362221956253 
Vehicle 0.9236901856497939 1.6166720925830305 204.36613261699677 343.40124982595444 371.4357241988182 
Vehicle 0.8855579862187302 661.9300986528397 181.38566985726357 728.51826775074 233.5466668009758 
Vehicle 0.8426405620440979 532.4108655452728 180.17550185322762 572.0913922190666 213.66901695728302 
Vehicle 0.7843183462004188 400.1518943309784 191.1041960120201 485.95887207984924 249.13910776376724 
Vehicle 0.5800295024470135 647.0427989959717 180.86524307727814 671.5107797384262 211.3608866930008 
Person 0.4440990193424409 1005.5693969726562 94.16445922851562 1092.8480224609375 239.95228576660153 
Person 0.40461341101513437 311.7728271484375 171.80430603027344 340.9590759277344 197.68406677246094 
Person 0.22784773760281166 354.6551208496094 174.4488525390625 378.45513916015625 197.89915466308594 
