Vehicle 0.9592074209343663 1038.7835218906403 158.37058424949646 1240.9204355478287 371.4441508054733 
Vehicle 0.9410676305328847 236.56045818328857 117.80540272593498 413.51212441921234 252.42966413497925 
Vehicle 0.9292064587426805 93.98148782551289 173.74597862362862 249.56914320588112 250.11511892080307 
Vehicle 0.9077055140861519 584.2110078334808 170.4944483935833 658.6634963750839 240.47615379095078 
Vehicle 0.8578568024969299 696.3583810329437 169.82030868530273 757.1180273294449 226.74082964658737 
Vehicle 0.6969968144524037 759.9121026992798 144.02425289154053 962.3415788412094 265.3615325689316 
Vehicle 0.31907190607942754 429.1372375488281 173.83657836914062 473.9568176269531 197.7876434326172 
Vehicle 0.2720289003493244 665.437255859375 170.96597290039062 698.79736328125 200.13380432128906 
Person 0.23646572330431145 474.2828979492187 173.43125915527344 488.2608642578125 214.047607421875 
Vehicle 0.23140221401041816 490.86401367187494 171.5107879638672 516.8729248046875 191.05023193359372 
