Vehicle 0.9131019160456698 784.2534198760986 199.540413916111 1088.379303574562 371.8520253896713 
Vehicle 0.9035085784756128 3.7463076822459698 178.56461182236671 251.6117505133152 338.2110670208931 
Vehicle 0.8771546708836776 458.87211656570435 186.9221292436123 552.1750085949898 255.9976503252983 
Vehicle 0.8583023802692231 587.6513561010361 175.90948194265366 639.3588141202927 217.12104231119156 
Vehicle 0.8384594300648224 275.87511518597603 180.25271594524384 406.4041959643364 247.4052831530571 
Person 0.8116087918369438 880.1512123346329 164.58262503147125 917.5463536977768 200.21074265241623 
Vehicle 0.7506563081922827 688.6306450366974 75.31916163861752 864.3774898052216 246.07253819704056 
Vehicle 0.7297419039484615 652.6555273532867 174.72374439239502 693.32015812397 210.06828546524048 
Vehicle 0.6915947326940817 510.81369119882584 176.45374685525894 569.9393330812454 230.9928461909294 
Vehicle 0.32603304910913783 384.0511474609375 174.277099609375 478.3622131347656 209.22691345214847 
