Vehicle 0.9260151123408327 0.07938801204727497 204.82316553592682 402.27095556259155 371.2263454198837 
Person 0.8793666273807216 1014.4421566724777 154.61234468221664 1099.8404031991959 312.5339571237564 
Person 0.5830042920950825 538.2227391004562 172.5774888396263 561.0770745277405 226.66477859020233 
Person 0.5601408880944111 677.4805606603622 173.79838460683823 708.1874650716782 226.68963432312012 
Don't Care 0.5365472675047072 829.3595581054689 215.80578613281247 986.5092773437499 366.3053283691406 
Person 0.4446690663742494 928.7780151367188 182.598876953125 967.717041015625 253.03057861328128 
Person 0.4139183054629355 668.2596435546875 174.0109405517578 685.0325317382814 224.4705810546875 
Don't Care 0.25526148344701066 751.72 201.11999999999998 807.0700000000002 273.41 
Person 0.25526148344701066 831.36 243.48 993.45 371.68 
Person 0.25526148344701066 609.96 173.44 628.04 207.9 
