Vehicle 0.9389341963528984 0.6539828991517425 82.76485092937946 439.08346992731094 261.70628517866135 
Vehicle 0.9303408704711761 83.7256532907486 188.69858980178833 385.391887485981 303.74767631292343 
Vehicle 0.921059638231112 426.3202464580536 179.18147519230843 611.5417628288269 284.94881093502045 
Vehicle 0.6209144021919537 704.1505962610245 168.54621469974518 742.8901036977768 201.9827663898468 
Vehicle 0.5500369495072052 667.9620530605316 168.33730414509773 700.1630998849869 202.3792415857315 
Vehicle 0.441924861167733 1170.26220703125 155.86920166015625 1203.5223388671875 176.8540802001953 
Vehicle 0.4330512540407743 1137.369384765625 157.40408325195312 1172.7867431640625 179.34898376464844 
Vehicle 0.3850748925130417 1202.8592529296875 157.14288330078125 1241.2432861328125 174.0413360595703 
Vehicle 0.3470245640791293 1103.5738525390625 157.90969848632812 1141.3875732421875 178.4507598876953 
Vehicle 0.2406088026113647 1044.921875 158.9843292236328 1087.424072265625 178.5497589111328 
