Vehicle 0.8673183800783959 306.26406240463257 178.3568635582924 488.4655299782753 267.4189433455467 
Vehicle 0.8656542766364974 823.8324898481369 188.85134160518646 1035.4303057193756 323.46363365650177 
Vehicle 0.8410383780348701 592.4965891242027 176.69307813048363 659.7053800821304 230.5707111954689 
Vehicle 0.8345204988486352 756.3800325393677 182.55971744656563 869.2888677120209 263.4294033050537 
Vehicle 0.8328750489313307 10.950799986720085 178.10551822185516 236.12572306394577 276.2375548481941 
Person 0.8293648897796196 971.6308078765869 194.39931213855743 1108.9188630580902 373.202919960022 
Vehicle 0.8165627024801903 221.9630744755268 172.78283089399338 335.9613754749298 243.3532252907753 
Vehicle 0.6242643180797232 1080.7742919921875 241.81256103515622 1240.7703857421875 372.60015869140625 
Vehicle 0.5976680537438275 447.6734953522682 169.29591447114944 521.0240256786346 217.20441430807114 
Vehicle 0.5529539874312872 722.6770859956741 163.4124219417572 806.557755947113 235.70137470960617 
Vehicle 0.5340362440238653 0.1703280806541443 226.19480895996097 68.95369720458984 373.10858154296875 
Vehicle 0.37388660352910363 1.2339874505996704 174.7515411376953 93.63182830810547 218.90292358398435 
Person 0.2428093018501933 685.71 166.31 715.09 206.42999999999998 
