Person 0.9026899054523054 140.4326040148735 192.9531821012497 267.8064574599266 372.1496857404709 
Person 0.8568131975709126 952.9196543693542 159.39936935901642 1016.1355022192001 285.43911278247833 
Person 0.8558995180915756 421.8368151187897 175.80783128738403 489.05417692661285 288.83982288837433 
Person 0.782899953884335 229.18348729610443 174.80362623929977 284.1702867746353 330.09062016010284 
Person 0.6987341926308632 576.4887843728065 164.75515562295914 611.6400198340416 234.68800854682922 
Person 0.6508382420479043 517.2777710556984 167.04414570331573 546.4388372302055 230.48248541355133 
Don't Care 0.5770193156991776 876.046142578125 220.19827270507812 954.1475830078125 362.0875549316406 
Don't Care 0.5731129440533893 786.79736328125 232.79803466796875 854.6505126953125 360.8337097167969 
Don't Care 0.5055485303834173 692.1783447265625 194.01870727539062 739.8958740234375 245.46534729003903 
Don't Care 0.4519096387277615 264.25006103515625 210.836669921875 354.7731018066407 303.12139892578125 
Person 0.3239695636357222 554.5758666992188 166.60133361816406 572.8229370117188 222.45733642578125 
Don't Care 0.25980099577771987 424.455810546875 217.8264007568359 461.4891357421875 287.64190673828125 
Person 0.25674324335427817 863.7100000000002 214.96000000000004 962.89 365.3 
Person 0.25674324335427817 782.66 220.3 857.31 360.01 
Person 0.20932515856181277 621.12890625 170.45211791992188 635.1100463867188 211.08212280273435 
