Vehicle 0.9175989498117118 904.2691841125488 157.7821969985962 1231.3452326059341 370.0566440820694 
Vehicle 0.875804683720768 300.7708908319473 187.09420412778854 407.06812477111816 250.45616179704666 
Vehicle 0.8461289981171751 758.6175581216812 175.54036527872086 892.0467792749405 264.12827521562576 
Vehicle 0.8404268881425039 587.217139184475 173.62337931990623 636.4752377271652 218.82817894220352 
Vehicle 0.6473478253650502 684.4668856859207 174.4147315621376 774.9182928800583 222.23029285669327 
Vehicle 0.6312700604121784 823.0946044921875 180.3601531982422 931.3662719726562 285.64093017578125 
Vehicle 0.6060663692816389 658.936515212059 173.01112040877342 698.0525339841843 210.68445593118668 
Vehicle 0.5405441620525192 431.369096159935 177.34337970614433 468.3758445382118 202.4921178817749 
Vehicle 0.5400498038541147 486.6106971502304 178.6249615252018 517.9490844011307 201.76322758197784 
Vehicle 0.25213845122111933 553.48 157.83 584.56 190.04 
