Vehicle 0.8023995120497157 182.78050366044044 187.6351609826088 224.63998049497604 217.09153801202774 
Vehicle 0.7543873789211082 385.032439827919 163.08676823973656 471.64848017692566 218.02116930484772 
Vehicle 0.6723478272116594 521.6060784459114 193.68425756692886 551.0360358953476 220.0329378247261 
Vehicle 0.5189676590203848 1103.6053466796875 196.24525451660153 1150.2796630859375 222.65881347656247 
Vehicle 0.492754961029486 686.873345375061 182.49763548374176 718.9317383766174 202.05458253622055 
Vehicle 0.4768454994252469 1204.166259765625 194.25576782226565 1241.987060546875 226.49647521972653 
Vehicle 0.2893305550602148 500.88 184.94 526.37 207.6 
Vehicle 0.2893305550602148 828.37 179.27 877.67 211.0 
Vehicle 0.2893305550602148 725.82 179.84 804.01 207.03 
Vehicle 0.2893305550602148 479.35 194.57 499.18000000000006 210.43 
Vehicle 0.2893305550602148 567.17 184.94 611.36 220.07 
Vehicle 0.2893305550602148 637.9999999999999 174.74 679.36 203.64 
Vehicle 0.2893305550602148 926.4 186.07 1150.77 228.0 
Vehicle 0.27825599360561265 1047.3089599609375 191.3371276855469 1086.351318359375 218.24932861328128 
Vehicle 0.2139363077388909 769.755859375 185.34365844726562 804.0850830078125 202.04902648925778 
Vehicle 0.20785536303724647 285.9926452636719 185.29978942871094 308.0340576171875 203.10864257812497 
Don't Care 0.20306749552285397 387.5944519042969 164.2200469970703 471.6009826660156 216.10574340820312 
