Vehicle 0.9171794872676772 101.37286394834518 195.0053796172142 438.11483788490295 372.6148456335068 
Vehicle 0.8883211752726057 1.1663878534454852 215.06419032812119 183.91018572449684 372.4807798862457 
Vehicle 0.7810705750426318 396.52025520801544 167.60148480534554 528.2461068034172 288.671113550663 
Vehicle 0.7715100082640747 666.9023283720016 183.0243431031704 770.2642396688461 228.63370925188065 
Vehicle 0.7443914578617447 639.9007061719894 180.38328364491463 687.5355345010757 213.68703246116638 
Vehicle 0.7096613676138083 533.8860408067703 189.1457810997963 573.5862591862679 227.16189175844193 
Vehicle 0.5718859217631098 518.716552734375 189.76333618164062 551.7523193359375 243.67445373535153 
Don't Care 0.4984367833485863 907.0822143554686 212.18161010742188 1025.35302734375 298.6401062011719 
Don't Care 0.43818177423487614 807.6800537109375 216.56492614746094 907.5598754882812 292.9895935058594 
Vehicle 0.42636743949655215 546.9044791460037 168.35790127515793 587.5280608534813 210.9837457537651 
Person 0.2502812540675951 731.6600000000001 194.77 1038.73 312.46 
