Vehicle 0.9529694778643784 1.7798103962559253 192.95889884233475 326.8934190273285 324.6059641242027 
Vehicle 0.9478611980688094 358.08026897907257 180.5749274790287 568.800064265728 306.701123714447 
Vehicle 0.938247237634272 15.616259442642331 83.92226882278919 453.23244166374207 233.28734189271927 
Vehicle 0.6677541050980239 699.1577124595642 169.71595957875252 744.6191242933273 201.9602134823799 
Vehicle 0.5996118574487109 665.277540564537 169.2470870912075 700.8566032648087 199.95810091495514 
Vehicle 0.4641876953986821 1170.1561279296875 155.85299682617188 1203.7081298828125 176.6896514892578 
Vehicle 0.4393945199803325 1137.4969482421875 157.12380981445312 1172.7642822265625 179.25340270996094 
Vehicle 0.4115104898706569 1202.74609375 157.1761932373047 1241.28466796875 173.99069213867188 
Vehicle 0.3401299600158867 1103.6842041015625 157.8299560546875 1141.359375 178.58616638183594 
Vehicle 0.21859740381919118 1044.8406982421875 159.03427124023438 1087.112060546875 178.2629852294922 
Vehicle 0.1911891433011625 891.6981811523436 157.93453979492188 917.9144897460938 173.36082458496094 
