Vehicle 0.9163085808259535 1.2833761798683554 194.11077350378036 386.4485399723053 371.6265633702278 
Vehicle 0.9158589399479692 351.83914572000504 179.80514466762543 612.5497042536736 351.1561453342438 
Vehicle 0.9155444923202082 948.5430972576141 209.89767462015152 1215.6301410198212 373.0659484863281 
Vehicle 0.8724877413290439 604.179174721241 176.17660760879517 720.0036778450012 262.5906318426132 
Vehicle 0.839141995912047 889.8237633705139 179.99638617038727 954.4968030452728 237.08613216876984 
Vehicle 0.7426742962257012 738.8943901062012 169.2478246986866 787.1328506469727 208.89689773321152 
Vehicle 0.5775627880888108 860.4038368463516 171.42532020807266 888.0742367506027 193.8256323337555 
Vehicle 0.4656362377037788 804.2629319429398 164.7515706717968 824.9622459411621 184.2438206076622 
Person 0.25248605128800505 821.5800000000002 166.81 834.04 191.74 
Vehicle 0.2455770839041368 779.127685546875 171.9852294921875 802.4454345703125 201.8118438720703 
