Vehicle 0.94902844287994 0.9161922053899616 196.579210460186 334.0613479614258 371.4023530483246 
Vehicle 0.9393299166148307 906.2644128799438 231.36158287525177 1241.4782438278198 372.1000626683235 
Vehicle 0.910328250906807 354.3115282058716 185.36663800477982 534.5575575828552 308.88672173023224 
Vehicle 0.8301644743666098 728.7484978437424 182.5128011405468 803.4606800079346 250.0370666384697 
Vehicle 0.6805982306559859 561.9771103262901 173.18229004740715 613.6764991879463 218.95171701908112 
Vehicle 0.6121492421913856 682.5316944122314 179.15745824575424 710.8617664575577 199.44816827774048 
Vehicle 0.5317741177264723 627.3479840755463 169.78390887379646 646.9792821407318 189.9476945400238 
Vehicle 0.279138436391447 607.0419311523438 178.59898376464844 628.0516357421875 208.96994018554688 
Person 0.2626000251553741 646.7199999999999 173.65 658.58 208.09999999999997 
Vehicle 0.1861635738073708 714.1048583984375 182.61875915527344 743.0927124023438 223.54029846191406 
