Person 0.9047321231416127 187.6592532992363 158.21289271116257 248.2031421661377 347.11626917123795 
Person 0.9027963591160255 235.87805914878845 174.34046790003777 303.20748031139374 361.18166148662567 
Person 0.8698945275258134 748.2983640432358 168.95097121596336 795.4264640808105 287.4845266342163 
Person 0.6106109768321573 452.3000097870827 167.98587888479233 481.10545885562897 238.97764831781387 
Person 0.6085228959355875 496.36767822504044 167.91219636797905 517.7718960642815 224.33441877365112 
Don't Care 0.6045915104248463 42.28125 231.02163696289062 121.13798522949219 373.5261535644531 
Don't Care 0.5448432706585575 1169.5474853515625 218.8799743652344 1241.16796875 315.83233642578125 
Person 0.5114587639511501 533.0574345588684 173.86671155691147 551.2448716163635 219.63782608509064 
Don't Care 0.278566247727636 178.49093627929688 265.6398010253906 216.8189239501953 316.5662536621094 
Person 0.2618739243298457 545.49 176.58 569.03 221.52 
Person 0.2529437148981187 736.2947998046875 170.360595703125 758.5128173828125 216.05233764648438 
