Vehicle 0.9912359810298464 0.6025746240047738 204.58292216062546 387.8762256503105 371.920645236969 
Vehicle 0.9701423406183728 124.08554381132126 96.04853019118309 469.98875069618225 224.2186814546585 
Vehicle 0.6710515430488161 491.79527896642685 177.0789586007595 526.5558773875237 204.15524393320084 
Vehicle 0.6381320863826722 659.9789171218872 172.16385528445244 691.695518374443 198.57852905988693 
Vehicle 0.6285348753491503 686.3697263002396 170.76528444886208 735.3054656982422 206.44064247608185 
Vehicle 0.4443407919659269 1170.262939453125 155.8037567138672 1203.5526123046875 176.81033325195312 
Vehicle 0.43807414302697345 1137.327392578125 157.53173828125 1172.560302734375 179.252685546875 
Vehicle 0.4060846835120688 1202.8563232421875 157.0814971923828 1241.1597900390625 174.1502227783203 
Vehicle 0.34159957188872175 1103.573974609375 158.12107849121094 1141.33203125 178.46923828125 
Vehicle 0.27011950036354254 1046.52 156.61 1153.61 183.24 
Vehicle 0.27011950036354254 887.87 153.21 944.53 177.57 
Vehicle 0.27011950036354254 826.67 159.44 889.0 176.44 
Vehicle 0.27011950036354254 575.67 161.14 653.86 189.47 
Vehicle 0.22391233303242658 1044.9539794921875 159.0622100830078 1085.7025146484375 178.1414031982422 
Vehicle 0.18846578655491808 475.7015380859375 174.76470947265625 501.6329650878906 192.4257659912109 
