Vehicle 0.9452145980671923 1013.052014708519 205.02329617738724 1216.1650743484497 372.04474210739136 
Vehicle 0.9198436678440608 368.3807707428932 186.46426498889923 543.121709883213 292.34909266233444 
Vehicle 0.9074573223403745 823.2920783758163 181.85358121991158 923.6889073848724 255.06591796875 
Vehicle 0.883919825447408 560.7800619006157 178.83392795920372 631.2906929254532 229.74758595228195 
Vehicle 0.6808784875816543 784.5481292009354 174.74837601184845 823.8343405723572 221.49695456027985 
Vehicle 0.5737273598090189 666.1560423374176 172.5889854133129 704.6428889036179 203.77282798290253 
Vehicle 0.5578585860541275 625.6357680559158 174.18217286467552 657.8258585929871 217.3483818769455 
Vehicle 0.5258616693369357 744.4384936094284 170.36095261573792 785.9757038354874 196.30875438451767 
Vehicle 0.47399604668898304 805.7529296875 181.92942810058594 853.8486328125 233.5222625732422 
Vehicle 0.376183832048129 911.1519165039062 2.0269970893859863 1240.469482421875 203.30506896972656 
