Vehicle 0.9051510482089878 249.4683897793293 198.3354091644287 375.12965869903564 265.9436836838722 
Vehicle 0.8873762279374648 710.6246516704559 181.18317425251007 805.7616484165192 237.65965551137924 
Vehicle 0.8707594257556804 105.4664530903101 191.6278973221779 186.1016467809677 236.66507005691528 
Vehicle 0.8003650885026514 632.7842273712158 176.15561932325363 695.1252804994583 228.80972921848297 
Vehicle 0.6941468184903609 393.6359755396843 171.4034490287304 647.0008245706558 304.72587794065475 
Vehicle 0.552735102694428 48.593142583966255 183.01545828580856 84.69869931042194 212.58848905563354 
Vehicle 0.5470430269131531 90.7258529663086 192.3900604248047 140.2864227294922 226.5092315673828 
Vehicle 0.3511145392074707 783.9204711914062 174.9171600341797 901.6603393554688 208.109375 
Vehicle 0.3312139188308351 321.293701171875 180.57994079589844 405.40753173828125 218.80047607421875 
Vehicle 0.2423248686632815 683.95458984375 188.9767303466797 721.8375244140624 220.56646728515625 
