Vehicle 0.9027703193301018 775.5744856595993 172.01165109872818 964.5443848371506 273.7767621874809 
Vehicle 0.8826017352251019 145.45920619368553 195.7293525338173 336.93770653009415 290.13926535844803 
Vehicle 0.8796312466766245 594.3178498148918 178.70808765292168 668.0912336111069 249.26018714904785 
Vehicle 0.7966179173478296 69.91560005396605 182.45896697044373 199.63900968432426 242.6578849554062 
Vehicle 0.729936639731142 337.0420503616333 179.9590364098549 398.1345679163933 228.30091416835785 
Vehicle 0.7076079836358099 449.08385825157166 182.75495991110802 507.77343249320984 224.1022288799286 
Vehicle 0.7059475753127871 525.8366119265556 180.32967299222946 561.527828514576 207.23531395196915 
Vehicle 0.6804835553201098 674.0382767915726 179.82196435332298 721.0547411441803 220.91178596019745 
Vehicle 0.6795835715734807 411.11662101745605 178.73523384332657 457.76468020677567 213.76700699329376 
Vehicle 0.6649425808256411 705.3625985383987 181.12045526504517 791.5018182992935 228.67946326732635 
Vehicle 0.3319572591358461 273.3600158691406 189.18716430664062 350.212158203125 233.56822204589844 
Vehicle 0.1838741507772924 587.9700927734375 180.29698181152344 606.8980712890625 202.83544921875 
