Vehicle 0.8878950751251751 74.29497803002596 185.8043298125267 270.6704715192318 273.92394840717316 
Vehicle 0.8580092938703158 275.09372091293335 176.4087975025177 373.8361505270004 239.3110916018486 
Vehicle 0.8092762127500441 368.4953305721283 184.974554926157 420.870307803154 226.70021653175354 
Vehicle 0.7753520488737763 404.1426479816437 178.7346415221691 456.6150843501091 222.56049513816833 
Vehicle 0.7372660028929795 486.2898926138878 178.66798862814903 518.2545649409294 204.60885018110275 
Vehicle 0.6981025332879848 455.58167695999146 178.73071879148483 496.7752076983452 209.19625461101532 
Don't Care 0.5526059245886287 690.740026473999 150.66657587885857 735.5824080705643 192.67230480909348 
Vehicle 0.5482488241253934 530.0505629181862 175.79853907227516 560.2745550870895 197.3099559545517 
Person 0.2540571871633637 758.04 168.57 775.5499999999998 189.47 
Person 0.2540571871633637 814.54 162.92 838.84 195.69 
