Vehicle 0.9746048823685559 0.4353083377936855 199.41332191228867 324.29903680086136 371.6215565800667 
Vehicle 0.9665593765281443 859.0876017808914 188.83388489484787 1241.14200425148 372.1723482012749 
Vehicle 0.9397340482884841 764.5652675628662 180.5580072104931 887.9870306253433 271.52133733034134 
Vehicle 0.9160375131595359 475.02542263269424 173.96226525306702 575.226704120636 241.98509752750397 
Vehicle 0.8957155008217603 636.3008254766464 172.88336902856827 705.1927020549774 215.98481386899948 
Vehicle 0.894909352067681 318.0079810023308 168.55773702263832 473.03644931316376 281.3244089484215 
Vehicle 0.5107108200745691 702.209630727768 168.50214824080467 736.8440097570419 200.38235932588577 
Vehicle 0.4723126657861358 963.2884093523026 151.97449922561646 1007.2332637310028 192.3057809472084 
Vehicle 0.4695379423910707 736.874953866005 159.85285118222237 775.2600846290588 191.2991926074028 
Vehicle 0.46943141243797143 905.6836556196213 152.4898186326027 971.6689327955246 197.41608202457428 
Vehicle 0.3170725762009431 750.3143920898438 178.39361572265625 812.1522216796875 245.01231384277344 
Vehicle 0.19828186730652808 314.9710693359375 186.74356079101562 353.9601135253906 209.14228820800784 
