Person 0.8464093325085533 655.3307774066925 166.03073400259018 680.7350928783417 238.61347556114197 
Person 0.8194344277035134 680.345773935318 164.20918774604797 710.5328977108002 237.71450054645538 
Person 0.7226575757012792 446.58347231149673 165.4881210923195 477.90848326683044 244.25599443912506 
Don't Care 0.32761316956831515 738.2716674804689 206.31324768066406 780.051513671875 286.8430480957031 
Don't Care 0.29229001904970536 854.4694213867188 185.74026489257812 1010.3482055664062 373.118408203125 
Person 0.2619197176001529 294.31 193.21 399.64 283.89 
Person 0.2619197176001529 526.93 166.18 552.84 207.29 
Person 0.2619197176001529 557.34 165.61 593.96 205.6 
Person 0.2619197176001529 1010.75 232.07 1141.99 370.63 
Person 0.2619197176001529 599.59 163.92 628.31 208.42 
Vehicle 0.2619197176001529 735.89 205.04 774.76 294.59 
