Person 0.8958823761186914 78.6822262108326 168.34641247987747 163.68778485059738 300.09209364652634 
Person 0.7491109141398485 929.4510262012482 169.40093412995338 953.0788521766663 235.77283322811127 
Person 0.7485783368286729 1022.0477929115295 167.88631305098534 1046.5073343515396 246.4185655117035 
Don't Care 0.6509029970420349 54.763160705566406 221.58436584472656 173.27484130859375 330.7286682128906 
Vehicle 0.5938357099106246 423.1198630928993 144.42937821149826 540.7316476106644 234.83361303806305 
Person 0.5712869838047909 826.2708560228348 181.9670833647251 865.0974215269089 232.33911395072937 
Vehicle 0.5369876552474879 375.50775146484375 181.06898498535156 427.48040771484375 211.2084045410156 
Person 0.5228760570129707 306.29815274477005 167.91412979364395 323.11298167705536 217.1451821923256 
Don't Care 0.38357495415698184 1135.1314697265625 119.94261932373045 1241.2967529296875 185.3313751220703 
Person 0.2914317599095271 49.749717712402344 194.42263793945312 87.78651428222656 267.442626953125 
Person 0.27163141792476997 640.12 174.77 680.03 229.84 
Person 0.27163141792476997 2.36 215.48 39.86999999999999 350.37 
Person 0.27163141792476997 852.44 181.95 885.1700000000001 240.22 
Person 0.27163141792476997 338.4 177.96 383.1 215.48 
Don't Care 0.19691183336134632 2.6503303050994877 273.8188171386719 42.69913864135742 321.3800354003906 
