Person 0.9679446687686951 797.3941068649292 147.4110907316208 884.5982966423035 307.2509515285492 
Don't Care 0.3924632428648623 868.1320190429688 204.96949768066406 920.322509765625 280.4620666503906 
Person 0.2787981625210312 879.1099999999999 194.04 908.9599999999999 272.61 
Person 0.2787981625210312 303.25 204.26 340.17 276.54 
Person 0.2787981625210312 249.82 202.69000000000003 303.25 286.75 
Person 0.2787981625210312 915.25 190.12 963.9500000000002 275.75 
Person 0.2787981625210312 340.96 206.60999999999999 394.38 282.82 
Person 0.2787981625210312 970.24 193.26 1029.16 283.61 
Person 0.2787981625210312 378.67 208.19 429.73 275.75 
Don't Care 0.2772333407452609 372.83172607421875 205.5427703857422 421.8005065917968 275.54644775390625 
Don't Care 0.20262473008089693 250.43508911132812 208.62620544433597 311.72637939453125 284.1441955566406 
