Vehicle 0.9537612111496785 894.4576066732407 213.59536796808243 1231.350340604782 371.1308240890503 
Vehicle 0.9512289087427467 760.2619636058807 184.37082320451736 1006.8029333353043 326.5513926744461 
Vehicle 0.896071372172397 692.2006180286407 181.60945549607277 771.6470267772675 239.24222588539124 
Vehicle 0.7613626598110563 183.75879648327827 194.0814033150673 291.33891543745995 241.1905601620674 
Vehicle 0.7197686725082244 5.359212683513761 195.5227330327034 159.52818962931633 241.85313284397125 
Vehicle 0.6869798795472959 656.3784441947937 179.13363128900528 692.8523690700531 207.15585350990295 
Vehicle 0.6449640010093267 601.2373005151749 174.7155636548996 634.3828089237213 203.4539356827736 
Vehicle 0.5578939672249068 502.24580043554306 176.11520737409592 525.4794591665268 204.84285056591034 
Vehicle 0.4601193386577289 463.4858610033989 183.00984799861908 500.2548653483391 211.55156940221786 
Vehicle 0.24755344053941036 258.609619140625 197.32858276367188 319.9750671386718 237.5655975341797 
