Vehicle 0.9104190602241121 97.14655011892319 178.65777388215065 310.9864073395729 271.3728994131088 
Vehicle 0.7976047942665879 401.84893441200256 176.84339359402657 468.05330032110214 209.59632843732834 
Vehicle 0.7864667404995495 546.9981257915497 176.12988129258156 661.0581854581833 213.88864517211914 
Person 0.7786018392979421 353.0242014527321 170.29879242181778 383.2406426668167 253.0793845653534 
Vehicle 0.7253994018910793 829.9028652906418 158.70321169495583 934.7537952661514 203.1593844294548 
Vehicle 0.6340351761224637 697.0030252933502 170.674167573452 729.9978847503662 194.4730058312416 
Person 0.614754861000663 1149.8707262277603 167.58985072374344 1235.2314573526382 275.60287714004517 
Don't Care 0.48984226317968327 1120.080322265625 207.14880371093747 1233.9522705078125 301.45086669921875 
Don't Care 0.32994087555890894 358.3996887207031 104.86551666259766 372.15203857421875 145.33018493652344 
Vehicle 0.25397198783182645 521.19 173.97 553.11 195.52 
