Vehicle 0.8742912959148241 838.8685877323151 179.49243262410164 1241.0733793973923 370.7972913980484 
Vehicle 0.8490829792081068 728.0643221139908 164.8489572107792 900.5887598991394 294.34671252965927 
Vehicle 0.8313308023955202 247.9167796075344 187.24674358963966 391.34799921512604 285.2889597415924 
Vehicle 0.8286849022815708 0.8471261415397748 199.0121528506279 270.1144954562187 361.2791821360588 
Vehicle 0.8255254113231523 373.5172707438469 178.39588969945908 449.35091775655746 252.2376850247383 
Vehicle 0.8046957918590975 442.62886530160904 178.75385284423828 498.36361026763916 220.6876203417778 
Vehicle 0.7120963882051267 686.9410818815231 161.703709512949 762.4025852680206 244.44687366485596 
Person 0.5803831322994365 67.9713363647461 176.83238220214844 198.00634765625 371.15960693359375 
Don't Care 0.5584717137771322 63.881977081298835 276.6864929199219 221.35479736328125 373.91864013671875 
Vehicle 0.33324069638366327 530.002685546875 168.8587188720703 560.6373901367188 196.08380126953122 
