Person 0.8655600196183411 657.6928339004517 147.80806869268417 701.0360441207886 263.3100861310959 
Person 0.8347565902843714 589.0284633636475 145.38837879896164 619.5111937522888 226.0854160785675 
Person 0.813986763445497 552.055960893631 132.8419741988182 579.1245653629303 227.92185127735138 
Vehicle 0.5875928369904417 0.8562089800834656 96.32685089111328 262.0947570800781 363.9032897949219 
Person 0.5434752340695854 506.35229301452637 142.9629549384117 521.357791185379 181.47660970687866 
Don't Care 0.29131739505530746 252.70468139648438 221.671630859375 319.7825927734375 299.2077331542969 
Don't Care 0.27886869939992986 308.39709472656256 193.1865692138672 406.0919494628906 290.6534118652344 
Person 0.26102188878142796 407.14 137.64 428.38 194.28 
Person 0.26102188878142796 356.01 143.15 387.48 177.76 
Person 0.26102188878142796 304.09 217.88 414.22 294.18 
Person 0.26102188878142796 289.93 145.51 334.77 207.65 
Person 0.26102188878142796 437.82 137.64 462.21 202.93 
Person 0.26102188878142796 371.74 187.2 486.59 272.16 
Person 0.26102188878142796 655.72 154.16 668.3099999999998 211.59 
