Vehicle 0.9447437110107666 524.5219684839249 176.21662840247154 737.1187312602997 369.2706450819969 
Vehicle 0.8578959932300135 205.7480652630329 189.74952399730682 306.5997467637062 226.46688669919968 
Vehicle 0.8396827952396484 328.9596785902977 184.4274066388607 399.60219222307205 215.52244573831558 
Vehicle 0.7896613260008876 55.559148252010345 199.45929944515228 145.14598037302494 235.32778769731522 
Vehicle 0.6166983789675553 419.4017951488495 181.07281252741814 465.0221471786499 205.22106438875198 
Don't Care 0.5246231364107224 599.342041015625 0.0 630.9004516601562 31.600086212158207 
Don't Care 0.4344939025825611 732.8211669921875 88.47057342529297 753.038330078125 140.6616973876953 
Don't Care 0.37714266140284075 933.4443359374999 84.75562286376953 954.7565307617189 138.28688049316406 
Don't Care 0.3588457604790869 392.92822265625 96.43785858154297 404.49176025390625 121.15396118164061 
Vehicle 0.35642639113342045 382.00305175781244 181.12535095214844 418.3603820800781 204.28613281249997 
Person 0.19913312324684784 634.376708984375 200.1671142578125 697.6649780273438 256.2132568359375 
