Vehicle 0.9032427394288701 917.1916809082031 210.4429006576538 1234.5758568048477 372.2897171974182 
Vehicle 0.9014231297485892 245.0924634039402 174.76949840784073 561.3699987530708 365.4101863503456 
Vehicle 0.8864339652803077 2.7835320252925158 228.24713587760925 280.83675876259804 372.54825979471207 
Vehicle 0.8706061312944117 551.4212086200714 175.07272213697433 673.8663815259933 263.5893523693085 
Vehicle 0.8026714488344013 839.5985873937607 177.74102836847305 904.9287822246552 234.58459228277206 
Vehicle 0.6462109208646871 693.7504885196686 164.98561576008797 738.3867734670639 207.20558613538742 
Vehicle 0.6451284463674561 809.6213707923889 168.54427009820938 836.0605949163437 192.30332225561142 
Person 0.2467794150769196 770.23 165.19 790.98 201.11 
Vehicle 0.2467794150769196 753.46 161.2 774.22 183.55 
Vehicle 0.22147830140153946 732.4185180664064 169.55194091796875 753.3472290039062 198.59194946289062 
