Person 0.8778648852559586 857.2837572097778 155.15477985143661 918.3712735176086 291.92044138908386 
Don't Care 0.30333671514409194 250.92909240722656 207.17494201660153 307.3936767578125 282.6380310058594 
Person 0.25945141902899155 1140.43 230.36 1221.61 362.51 
Person 0.25945141902899155 252.16 202.04 286.14 285.11 
Person 0.25945141902899155 289.92 202.98 311.63 285.11 
Person 0.25945141902899155 315.41 202.04 340.89 286.99 
Person 0.25945141902899155 345.61 203.93 366.37999999999994 286.05 
Person 0.25945141902899155 371.1 201.08999999999997 424.91 285.11 
Person 0.25945141902899155 921.43 187.88 959.19 280.39 
Person 0.25945141902899155 961.07 195.43 1002.61 287.94 
