Vehicle 0.9291866195802799 590.945719242096 187.9662349820137 667.2153968811035 247.81456589698792 
Vehicle 0.9230429618280633 186.88348522782326 185.10493263602257 298.60097220540047 237.94835060834885 
Vehicle 0.8174174901863818 684.8704916238785 167.25068539381027 761.1550490856171 236.96192353963852 
Person 0.7738457055247635 924.3555382490158 176.28975212574005 987.108858704567 261.4433839917183 
Person 0.7609631949607963 450.0710345506668 172.15372994542122 474.1196041703224 255.45921921730042 
Vehicle 0.7519222784298295 470.58723789453506 181.76419660449028 519.2055780887604 229.2134016752243 
Don't Care 0.589939322416768 905.5833129882812 204.63595581054688 992.572509765625 263.9503173828125 
Vehicle 0.572583914789526 328.6250676512718 175.006203353405 388.9701887369156 215.068057179451 
Vehicle 0.40463785854486156 510.2440490722657 181.84449768066406 547.4487915039062 214.72329711914062 
Don't Care 0.34605936308825547 1201.59423828125 97.37696838378906 1230.468017578125 136.68930053710938 
Vehicle 0.2976464039922524 577.7619018554688 182.12716674804688 618.8419189453125 220.9986572265625 
Vehicle 0.21169825735082506 552.24462890625 182.2011260986328 571.154052734375 200.6876220703125 
Vehicle 0.18717547348610572 663.4193725585938 177.1633758544922 687.5236816406249 213.66148376464847 
