Vehicle 0.9313297253439634 237.89043110609055 189.88002061843872 360.1101224720478 252.0839228630066 
Vehicle 0.9144779481742734 16.020394689403474 191.56073713302612 113.83109391480684 263.64127492904663 
Vehicle 0.8729665660897886 17.33558500930667 290.8856506347656 163.3443093150854 374.930956363678 
Vehicle 0.8575472827059802 383.37729692459106 190.57833576202393 498.33900332450867 265.3408169746399 
Vehicle 0.8447161074235243 577.4182081520557 179.09518766403198 614.8597250282764 213.97683477401733 
Vehicle 0.7555606579704962 202.6640193015337 186.9248492717743 272.3274603486061 228.03827381134033 
Vehicle 0.577037571464033 361.6733170449734 179.89975500106812 410.14799332618713 221.0313663482666 
Vehicle 0.5413962508028618 471.43279504776 182.75556564331055 516.9158913493156 220.4009575843811 
Vehicle 0.4734966086436383 512.2044496834278 161.02871775627136 559.7914566099644 205.26446866989136 
Vehicle 0.352194059407671 293.6884765625 180.6157989501953 360.2115173339844 214.9749908447266 
Don't Care 0.23404711723307808 665.3426513671876 138.24459838867188 691.71142578125 164.19351196289062 
