Vehicle 0.8946012571716685 174.40984457731247 196.61365449428558 367.8903658390045 302.144855260849 
Vehicle 0.8833296328919689 810.8238233327866 158.19082036614418 941.4892469644547 203.79884541034698 
Vehicle 0.843936548822826 347.6737577319145 197.48445600271225 424.5908927321434 258.6177662014961 
Vehicle 0.820686649926632 450.88439083099365 189.85862284898758 491.5870724916458 229.11789268255234 
Vehicle 0.7906481572067104 413.6653273701668 193.1261122226715 461.9878107905388 241.0791590809822 
Vehicle 0.7507091793899957 1082.976151227951 140.90688899159431 1145.95126247406 178.6484532058239 
Vehicle 0.7337595814797635 485.6581664085388 186.25953420996666 521.0531190633774 218.69780123233795 
Vehicle 0.6140174274139993 749.9254467487335 159.2957004904747 819.4579700231552 198.7084150314331 
Vehicle 0.2561839808688631 521.19 179.56 556.31 210.69 
Vehicle 0.2561839808688631 604.2 168.38 633.73 198.71 
Vehicle 0.24846458073048358 1115.0455322265625 144.15097045898438 1183.793212890625 180.1448974609375 
Vehicle 0.21333568418467116 658.8486328125 178.64224243164062 706.3401489257812 211.2796783447266 
