Vehicle 0.9466448313504496 340.25820779800415 179.3456581234932 486.38523387908936 273.6385041475296 
Person 0.8187910098752661 568.5967833995819 160.2508208155632 595.2036852836609 224.63935375213623 
Person 0.7904373578871208 244.5245579481125 175.22679537534714 272.01213097572327 240.6422597169876 
Person 0.7678095529379035 213.2626200914383 169.43932622671127 244.6826720237732 246.4862084388733 
Vehicle 0.6366110759309898 473.4084620475769 168.26822966337204 499.58667397499084 191.99696123600006 
Don't Care 0.583814200911702 1088.7855224609375 162.19830322265625 1190.5042724609375 213.37144470214847 
Person 0.5391287679745078 1099.9036688804626 131.85879737138748 1174.237675666809 212.36076951026917 
Don't Care 0.46434299361715303 286.388671875 201.49349975585938 346.2757873535156 239.93719482421872 
Don't Care 0.3798412024699003 555.2937622070312 0.0 566.4840698242188 25.98958969116211 
Vehicle 0.27108580346644046 619.07 157.12 643.42 178.33 
Person 0.27108580346644046 194.83000000000004 179.9 220.76 235.67999999999998 
Person 0.27108580346644046 794.26 153.98 831.97 196.4 
Person 0.27108580346644046 280.46 165.76 349.6 237.24999999999997 
Person 0.27108580346644046 997.74 134.34 1064.51 201.9 
Don't Care 0.2429392533033933 999.4119262695312 163.53164672851562 1064.4052734375 207.6781463623047 
Don't Care 0.2262661301973002 41.666526794433594 126.09947967529297 62.554893493652344 161.0509796142578 
Vehicle 0.19411323654804064 1161.810546875 143.29872131347656 1223.522705078125 186.25643920898438 
