Person 0.977635779086372 809.7337532043457 145.16201943159103 870.4583129882812 320.77420353889465 
Vehicle 0.9297728047386848 2.1136683113873005 125.39887726306915 133.295354783535 277.96387791633606 
Person 0.28135772748623644 371.27 197.19 428.7 271.92 
Person 0.28135772748623644 336.66 199.54999999999998 367.34 267.99 
Person 0.28135772748623644 303.62 189.32 341.38 279.79 
Person 0.28135772748623644 244.62 197.19 301.26 285.29 
Don't Care 0.2640947055563748 943.7080078125 193.80760192871094 1002.4338989257812 278.61041259765625 
Don't Care 0.26043384306857775 870.6453247070312 207.1318359375 919.828125 279.25018310546875 
Don't Care 0.2388636718244051 283.1978454589844 209.29603576660156 334.14984130859375 283.5278015136719 
Don't Care 0.20402843976606908 343.87176513671875 208.8162078857422 390.8975524902344 282.4459228515625 
