Vehicle 0.8711694121615374 60.52396582067013 207.6011449098587 219.53501683473587 266.99215918779373 
Vehicle 0.8568715349432864 209.14531016349792 202.2932767868042 276.48629835247993 240.43531715869904 
Vehicle 0.8139579904134224 568.318579852581 184.14997681975365 649.1357460021973 256.580650806427 
Vehicle 0.7775361297474459 0.2426765748532489 212.53985166549683 77.90489427745342 257.8611150383949 
Vehicle 0.6591065560457393 311.31198674440384 192.77013838291168 360.2499840259552 226.81669145822525 
Vehicle 0.6065424097487896 275.16273441910744 195.41320949792862 311.0579563379288 225.1049280166626 
Don't Care 0.4293951568634838 1166.849853515625 53.588882446289055 1216.6138916015625 143.16322326660156 
Don't Care 0.4268353246815478 933.4711303710938 0.0 962.1105346679688 33.582027435302734 
Don't Care 0.374188359954889 251.1552276611328 59.12135696411133 271.0706481933594 97.49102783203126 
Don't Care 0.21936429479540456 859.2083129882812 124.62171173095705 876.9242553710938 167.11692810058594 
