Vehicle 0.954879011983637 832.8421114683151 192.0897737145424 1227.1486784219742 372.36519902944565 
Vehicle 0.93799052578221 4.865477632731199 188.3549988269806 294.5762022435665 302.29751765727997 
Vehicle 0.9055880027768474 679.7061567306519 181.75365775823593 744.0270406007767 227.53243893384933 
Vehicle 0.8817217029844167 749.7508864402771 178.27697843313217 898.3655219078064 286.6489514708519 
Vehicle 0.8694574854544638 248.2045487165451 182.18780681490898 397.0900191664696 252.6363506913185 
Vehicle 0.6281093106817228 377.54344725608826 187.7428963780403 457.9620784521103 236.42541468143463 
Vehicle 0.5902470583065057 438.3406262397766 175.725806504488 507.84797966480255 220.82968801259995 
Vehicle 0.5481431293830298 633.5431723594666 161.63571551442146 677.1933174133301 201.5634924173355 
Vehicle 0.5176892912185459 521.0556730628014 172.03688621520996 558.7515571117401 197.59105145931244 
Vehicle 0.3682537643327722 735.5338134765624 181.14305114746094 780.039306640625 211.77647399902347 
