Vehicle 0.9222010709577309 49.981185749173164 201.03181153535843 435.6095495223999 371.4538738131523 
Vehicle 0.9145813892610373 759.1572293043137 154.98001500964165 1109.0206528902054 367.5220236182213 
Vehicle 0.8614775367523803 665.4732731580734 184.2638924717903 742.0142669677734 252.99272686243057 
Vehicle 0.830068815088056 462.109958589077 183.45561996102333 534.6976203918457 242.20282584428787 
Vehicle 0.7846037276183129 717.1112179756165 187.9992038011551 791.1668372154236 283.5388630628586 
Vehicle 0.6481743272302226 532.6597509384155 178.47095802426338 563.0000056028366 208.11431854963303 
Vehicle 0.6313727166278034 627.699103474617 174.7640110552311 656.3478702306747 200.68003982305527 
Vehicle 0.28530057669318964 407.681396484375 209.24061584472653 503.1887512207031 261.0202941894531 
Vehicle 0.25613228354947387 559.5 174.77 581.85 200.31 
Vehicle 0.20436990736698657 601.4083251953125 174.86972045898438 623.21630859375 190.9633483886719 
