Vehicle 0.9420242443682376 878.4989597797394 189.10948187112808 1241.0022375583649 371.74542993307114 
Vehicle 0.9353477650163543 2.7280892436392605 238.36174607276917 327.5905868411064 372.1313774585724 
Vehicle 0.9210951529133589 220.61545112729073 202.75519788265228 463.48293685913086 356.4058318734169 
Vehicle 0.9134396263303806 570.1119316220284 181.10042810440063 628.6862797737122 227.39177942276 
Vehicle 0.8970660032781371 662.5162600278854 181.89730122685432 727.7305254936218 233.47145318984985 
Vehicle 0.8202648144090199 524.0109465122223 179.0611334145069 568.4272543787956 215.22311121225357 
Vehicle 0.6019906125094474 81.29097931087017 199.49273765087128 233.90453937649727 258.71144235134125 
Vehicle 0.5254083788539554 643.3016357421875 128.564208984375 719.9445190429688 211.9879150390625 
Vehicle 0.46150599059666314 37.556026458740234 185.62060546875 177.92436218261716 235.9900665283203 
Vehicle 0.4532594291325315 384.83156222105026 175.43521150946617 472.88491201400757 225.33832490444183 
Vehicle 0.39664595877058767 442.5746765136719 181.07290649414062 494.2347412109375 213.37274169921872 
Vehicle 0.30336526779891376 488.3682861328125 181.22463989257812 527.1058959960938 201.7407989501953 
Person 0.25976310285108367 742.18 164.38 764.5 216.20000000000002 
Vehicle 0.25976310285108367 283.8 173.95 326.84999999999997 201.85 
Vehicle 0.1960933007235657 626.3080444335938 174.4396209716797 648.7966308593751 198.1837158203125 
