Person 0.8955399588928746 512.2312037944794 162.74185448884964 556.6238873004913 254.78094279766083 
Vehicle 0.8532759828796388 1055.391191482544 186.405748128891 1153.4396467208862 224.96144831180573 
Person 0.823568554484506 401.0966520309448 169.44187343120575 433.2429270744324 254.9842119216919 
Person 0.7847004889526928 101.74826806783676 156.26227349042892 197.64644300937653 309.82058465480804 
Vehicle 0.7615406772794405 962.2565474510193 184.4539499282837 1063.8311891555786 222.70250797271729 
Person 0.757654080945118 703.1843819618225 157.2602814435959 767.4506678581238 259.98354732990265 
Don't Care 0.6263603450012406 691.87353515625 199.5881805419922 768.4053344726562 269.95587158203125 
Don't Care 0.6260047210841608 97.45726776123047 228.40184020996094 199.37139892578125 334.0970764160156 
Person 0.5611713165457796 327.3504159450531 157.889264523983 343.71479415893555 201.55462384223938 
Vehicle 0.5395539419533271 1146.9108066558838 187.1845531463623 1222.981168270111 226.9292575120926 
Vehicle 0.4731445343882677 597.7015192508698 169.85188513994217 646.7377481460571 210.49539983272552 
Person 0.2645165400935887 348.81 153.98 366.09999999999997 194.04 
Person 0.2645165400935887 298.53 157.12 312.67 201.9 
Person 0.2645165400935887 213.69 157.12 289.11 198.75999999999996 
Don't Care 0.21996146628910487 838.8297119140625 216.33042907714844 1222.56982421875 300.7727966308594 
Don't Care 0.2157656923782796 80.71488189697266 170.01988220214844 123.76004028320312 203.40487670898438 
