Vehicle 0.9067511695248145 343.9613159894943 179.90649864077568 413.22640961408615 222.20825403928757 
Vehicle 0.8209598720045299 722.4832781553268 168.43155026435852 756.1116034984589 197.07385450601578 
Vehicle 0.8179779665108962 636.9430267810822 170.76536267995834 682.8321039676666 204.63017374277115 
Vehicle 0.7283733127426009 1166.600236773491 154.5179933309555 1212.3180109262466 177.76592820882797 
Vehicle 0.6855926159281378 485.5849147439003 178.799606859684 525.1482535600662 207.00830966234207 
Vehicle 0.6327006656559602 1105.4065586328506 157.73742645978928 1144.239712715149 180.23519217967987 
Vehicle 0.5202005870229425 688.9922025203705 170.27057334780693 715.2510180473328 190.40130078792572 
Vehicle 0.5139412048756257 1045.0881249904633 157.681904733181 1085.8256742954254 178.98452281951904 
Vehicle 0.47914677052939775 891.8524532318115 154.78220209479332 917.9475907087326 173.54632169008255 
Vehicle 0.4210968147500523 1137.5504150390625 157.50843811035156 1172.617919921875 179.32568359375 
Vehicle 0.41388330230639075 1202.74755859375 157.33871459960938 1241.1759033203125 174.21107482910156 
Vehicle 0.2756198904410606 534.11 173.95 558.03 197.86 
Vehicle 0.2756198904410606 841.82 156.41 876.9 179.53 
