Vehicle 0.9244195757242345 84.73137384653091 206.06790482997894 387.72272658348083 366.6465952992439 
Vehicle 0.8904596210926305 373.4562708735466 186.7005117237568 481.7041681408882 274.1182968020439 
Vehicle 0.8840831276477088 0.6134724256116897 258.4395110607147 89.8002298772335 372.5000247359276 
Vehicle 0.8705548615771663 815.5741882324219 171.23175412416458 986.2162173986435 264.11835104227066 
Vehicle 0.8260730068984703 472.43333530426025 188.47496062517166 528.5312293767929 244.79075521230698 
Vehicle 0.7994118197218549 666.5739358663559 182.40733444690704 727.8825809955597 225.33170878887177 
Vehicle 0.6264928095106918 740.6465817689896 175.69802328944206 780.8044102191925 210.5703055858612 
Vehicle 0.5764253206648947 540.1986390352249 183.82198736071587 566.8777540326118 211.77124232053757 
Vehicle 0.47819695710439497 498.36480712890625 186.50047302246094 549.2529907226562 231.82135009765625 
Vehicle 0.3702067063559632 710.2479248046876 182.43711853027344 740.6231079101562 216.0951843261719 
Vehicle 0.22504674625071439 783.5175170898438 171.39500427246094 846.611572265625 221.64909362792966 
