Vehicle 0.9618292666697476 754.4976239204407 180.8043122291565 900.6216287612915 270.7429826259613 
Vehicle 0.8167810137753075 383.2927220463753 178.78742516040802 444.1992418169975 204.21874523162842 
Vehicle 0.6296827207962614 1173.1181913614273 152.21203118562698 1239.003381371498 176.9082024693489 
Vehicle 0.5386601081576732 609.2329103350639 171.89175635576248 677.1853963136673 199.59383457899094 
Don't Care 0.47173664089457457 636.9459838867186 33.78778076171875 645.5684814453125 62.635562896728516 
Vehicle 0.35503308150973983 253.40728759765625 182.96728515625 303.3222961425781 204.02134704589844 
Vehicle 0.27136410668801664 555.64 171.56 601.87 194.66999999999996 
Vehicle 0.27136410668801664 710.29 169.17 731.81 187.5 
Vehicle 0.27136410668801664 972.56 168.37 1034.74 181.12 
Vehicle 0.201001396844192 587.0186157226562 174.09324645996094 608.6771850585938 189.185791015625 
