Vehicle 0.9508448116921554 209.52067404985428 183.32666158676147 324.2588760852814 240.62032252550125 
Vehicle 0.8860712184713012 440.33200550079346 173.86560514569283 527.6126779317856 217.0533835887909 
Vehicle 0.5800990430090694 572.4982184171677 172.36106470227242 627.4047642946243 204.91283386945724 
Vehicle 0.5568825861553941 712.731886267662 170.3065149486065 739.9609254598618 190.86699932813644 
Vehicle 0.4818677507656681 987.8946021795273 159.75850448012352 1019.8100452423096 179.00248244404793 
Vehicle 0.2711168206355036 1084.16 156.41 1100.11 178.73 
Vehicle 0.2711168206355036 559.62 167.57 593.1 185.91 
Vehicle 0.2711168206355036 1040.32 157.21 1073.0 182.72 
Vehicle 0.2711168206355036 1103.3 154.02 1120.83 177.93 
Vehicle 0.2711168206355036 1120.83 156.41 1152.72 177.93 
Vehicle 0.2711168206355036 1180.62 156.41 1206.13 176.34 
