Vehicle 0.8966750485317655 930.7468292713165 149.50188249349594 1241.9636517763138 365.3131127357483 
Vehicle 0.8512854267565633 694.2678769826889 170.7959957420826 767.2264609336853 215.25076031684875 
Vehicle 0.8459113607126943 27.491532035171986 184.2655912041664 164.1996951699257 237.19259351491928 
Vehicle 0.8029118777854423 763.4526861906052 164.80601951479912 826.0983685255051 211.92439645528793 
Vehicle 0.8025509021584007 317.76016902923584 182.6620101928711 393.7762234210968 227.1883338689804 
Vehicle 0.6095681160097509 841.9617401361465 131.5506286919117 1032.0917472839355 214.69496190547943 
Vehicle 0.4709565174978708 456.63116455078125 172.5290985107422 498.8378601074219 205.7272796630859 
Vehicle 0.2500252045436102 217.23999999999998 164.26 311.49 233.22 
Vehicle 0.2500252045436102 534.48 164.26 587.35 224.02000000000004 
Vehicle 0.2256789834687862 1185.5076904296875 133.9864501953125 1241.4224853515625 204.49078369140625 
