Vehicle 0.926157215550959 763.9088526964188 182.3793277144432 1088.9887100458145 372.2424656152725 
Vehicle 0.9206997518801981 959.0894862413406 243.5450479388237 1241.0094923973083 373.1633797287941 
Vehicle 0.904709422860126 411.5105291604996 188.2207989692688 516.3744512200356 262.7423331141472 
Vehicle 0.846143575803249 720.3526504039764 176.8123023211956 845.6172906160355 289.2354503273964 
Vehicle 0.6914053145493954 659.1640062332153 179.39047515392303 728.8445874452591 231.0240939259529 
Vehicle 0.5743524385965177 588.9386458396912 176.24587565660477 615.0058373808861 198.07351380586624 
Vehicle 0.5344615747896512 638.3891086578369 178.6297783255577 667.0591217279434 207.07163214683533 
Person 0.4621039795780463 828.3043577671051 159.1518446803093 865.119704246521 195.8467662334442 
Vehicle 0.25402654829715454 349.81 185.88 422.67 211.56 
Vehicle 0.25402654829715454 245.3 187.07 325.32 211.86 
