Vehicle 0.9605754822162398 750.5062780380249 180.86346611380577 1013.3091173171997 339.303620159626 
Vehicle 0.8756966974614057 582.6351161599159 174.23169314861298 639.9739948511124 217.48928725719452 
Person 0.8686873534453378 279.18254444003105 176.78118869662285 340.01031589508057 306.9005459547043 
Person 0.8040569203678012 370.73030215501785 177.99123376607895 412.06704193353653 278.18524092435837 
Vehicle 0.6668701050162222 414.7816101908684 178.66558581590652 451.96917432546616 212.4154195189476 
Vehicle 0.6251902891436453 307.15873950719833 186.1630082130432 387.3770483136177 261.17880642414093 
Vehicle 0.5814863635906792 153.13157777488232 202.1426483988762 328.6456847190857 307.65898525714874 
Don't Care 0.5658238605386047 275.822021484375 233.87692260742188 337.1233215332031 327.76336669921875 
Vehicle 0.5604337261585731 651.116613149643 170.20408809185028 766.0536940097809 253.42069566249847 
Vehicle 0.5433537437732713 542.3963370323181 173.85778203606606 566.5757158398628 195.59908658266068 
Vehicle 0.5433287887569155 560.410694360733 174.7361272573471 591.5737439990044 204.03389632701874 
Don't Care 0.4174158673332144 371.3784790039063 217.22047424316406 412.5612487792969 293.4806213378906 
Vehicle 0.26396366354900225 529.22 174.94 544.31 186.56 
