Vehicle 0.9125579493399181 911.6687496900558 237.65431344509125 1241.496232867241 372.4391832947731 
Vehicle 0.9075229032461625 699.2250047922134 184.96098741889 839.4764395952225 273.54904264211655 
Vehicle 0.8595545279141811 21.83128170669079 199.76402074098587 211.81958815455437 340.14833718538284 
Vehicle 0.842080126004542 272.15482637286186 187.16589733958244 457.8575125336647 247.63597548007965 
Vehicle 0.7489102900897193 672.1032335758209 180.09885773062706 728.5577992200851 222.7645218372345 
Vehicle 0.6055615190250736 645.291125535965 170.99100351333618 681.7620152235031 201.65365934371948 
Vehicle 0.5975051141114152 76.98628268390894 181.7498803138733 331.3378221988678 282.84166753292084 
Vehicle 0.5381704805588321 450.7289299964905 175.65593495965004 515.7552359104156 215.48590064048767 
Vehicle 0.4424992127539511 494.4627647995949 170.8529368042946 546.5792328715324 207.44354277849197 
Vehicle 0.2564309575566784 353.29 170.1 458.15 217.2 
