Vehicle 0.9381848186875055 802.2366110086441 186.5287721157074 1220.7361410856247 371.7353940010071 
Vehicle 0.8512592558273362 663.432738661766 181.5609410405159 777.7306534051895 256.1967596411705 
Vehicle 0.8322098580484432 559.4503165483475 176.36269703507423 604.4918730854988 211.89585328102112 
Vehicle 0.7957742812559894 326.1669727563858 188.26516717672348 409.9537739753723 251.36882811784744 
Person 0.6432344843935871 449.1115821003914 173.08108136057854 476.39747554063797 237.1937558054924 
Person 0.5631001329815315 418.0687925219536 175.3520742058754 442.9178003668785 242.1184480190277 
Don't Care 0.48059253798609464 1106.5037841796875 208.98942565917972 1241.7633056640625 309.195556640625 
Vehicle 0.3015421838820355 1127.3275146484375 309.3570861816406 1240.8145751953125 373.2938537597656 
Vehicle 0.26547463271123856 369.1153869628906 185.47535705566406 421.3504333496094 234.85250854492185 
Vehicle 0.2597214171684971 521.67 172.53 559.98 206.86 
