Vehicle 0.9378790986739101 40.62159217894077 209.81917530298233 295.91342452168465 335.46464145183563 
Vehicle 0.9257414039385451 388.6577124595642 194.4647803902626 497.3086234331131 272.5708857178688 
Vehicle 0.9181358857521825 268.05778563022614 199.76160675287247 380.55202156305313 281.2908813357353 
Vehicle 0.877966020550289 1121.2561608552933 157.4975810945034 1241.457367658615 260.0848004221916 
Person 0.7739365439673611 827.7220458984375 180.6933805346489 911.9639031887054 285.4568436741829 
Vehicle 0.6978770475713743 460.6576212644577 172.87194728851318 533.5778952240944 239.4709289073944 
Vehicle 0.6412668965040814 545.8261731863022 182.19607695937157 568.3685864210129 201.2375369668007 
Vehicle 0.6151072330822327 371.57478761672974 192.1575665473938 445.90931099653244 241.19458347558975 
Vehicle 0.6024191086123264 615.4748479127884 179.31214347481728 659.9465664625168 205.39509505033493 
Don't Care 0.5848705929659477 819.8068237304688 223.88302612304688 938.9158325195312 286.57305908203125 
Vehicle 0.5584717613755282 521.0299850106239 185.48583984375 545.3321408629417 225.50486773252487 
Vehicle 0.5430943758106618 637.6536308526993 180.04081025719643 701.3038122653961 212.21456676721573 
Don't Care 0.37849678058511876 786.598388671875 208.6070556640625 843.9407348632812 273.3191223144531 
Person 0.23663000177112364 231.1766357421875 182.29360961914062 255.30003356933594 209.99313354492188 
Person 0.18713340240824639 819.404052734375 184.71253967285156 847.2904052734374 228.0547332763672 
