Vehicle 0.9285714924275674 0.5377926252549514 213.0611166357994 397.61862301826477 371.5622127056122 
Vehicle 0.9158785922681204 567.7074707150459 181.6510297358036 625.8776206970215 227.85935550928116 
Vehicle 0.9051218650805145 655.0069835186005 181.8273514509201 714.8115820884705 227.82965004444122 
Vehicle 0.8866491460099784 821.729104757309 184.51077863574028 1241.624302983284 372.05424159765244 
Vehicle 0.8582829407260611 524.3558474779129 181.12728372216225 568.6443073153496 213.39603513479233 
Vehicle 0.8061455473847444 303.01981687545776 198.08641076087952 476.3521698117256 326.38560980558395 
Vehicle 0.6264316355320889 459.92255061864853 176.5846163034439 507.99296540021896 208.08463543653488 
Vehicle 0.5650660703444569 80.9201589524746 185.5716034770012 199.12284269928932 227.49202698469162 
Vehicle 0.5625267663484916 379.7741621732712 178.88665571808815 473.43957406282425 228.10328006744385 
Vehicle 0.4440712902374856 639.0498912334442 131.01055473089218 708.0767226219177 210.22173017263412 
Person 0.2602736073514222 737.17 169.56 751.7799999999999 212.86 
Vehicle 0.2602736073514222 618.32 176.37 647.12 199.02000000000004 
Vehicle 0.2602736073514222 299.98 179.69 346.5 204.57 
Vehicle 0.207490406099475 489.8449401855469 180.86134338378906 525.3547973632812 201.19151306152347 
