Vehicle 0.9648538415625478 0.9292615716112778 204.25622910261154 190.6169882118702 324.6936500072479 
Vehicle 0.8110560657721383 223.090091496706 160.7159972190857 532.5593676567078 322.82792776823044 
Vehicle 0.7142595698597898 1170.7044028043747 155.6357927620411 1202.9506072998047 176.21390148997307 
Vehicle 0.6990529896155702 1137.7637325525284 157.6550155878067 1172.891514658928 177.7954213321209 
Vehicle 0.6948469019378084 684.8696773052216 165.54924845695496 738.4089821577072 208.21387320756912 
Vehicle 0.6801527238045866 1204.3092609643936 158.3854816854 1241.2024859189987 174.1521880030632 
Vehicle 0.6220058157222386 1103.6651011705399 158.53442251682281 1137.9048317670822 177.93384566903114 
Vehicle 0.5091183560071691 1045.6128423213959 159.47220101952553 1079.403735280037 178.70039865374565 
Vehicle 0.5042436704487318 890.1431983709335 158.12062472105026 918.5669170618057 173.65477234125137 
Vehicle 0.2683900027945096 973.45 164.24 1003.17 179.1 
Vehicle 0.2683900027945096 860.52 159.78 882.81 172.42 
Vehicle 0.2683900027945096 526.84 180.32 553.72 198.24 
Vehicle 0.2683900027945096 843.43 161.27 863.49 174.57 
