Vehicle 0.9234364100863516 783.7029404640198 182.75561928749084 1081.080047249794 348.4475836157799 
Vehicle 0.8971114570737875 311.94604486227036 195.01523673534393 420.75404530763626 260.3965625166893 
Vehicle 0.8822865820633612 718.8765127658844 179.1909858584404 821.0251632928848 259.4456523656845 
Vehicle 0.6860270236704552 481.60522842407227 184.06660482287407 516.533132314682 209.91206914186478 
Vehicle 0.5432192386312766 579.5333023667336 175.58575049042702 613.8470249176025 192.48613715171814 
Vehicle 0.4588525145459585 638.524211525917 174.53541979193687 673.7032957077026 199.38647747039795 
Vehicle 0.25787319605397313 309.82 192.42999999999998 348.21 215.34 
Vehicle 0.25787319605397313 500.53 185.0 528.39 205.43 
Vehicle 0.25787319605397313 515.57 177.78 539.63 200.38 
Vehicle 0.25787319605397313 622.84 174.44 636.11 186.06 
