Vehicle 0.9200782156826405 841.3592183589935 171.79254814982414 1067.5875273942947 307.77016282081604 
Vehicle 0.9103154079688607 164.96944838762283 190.18779695034027 304.33851340413094 250.38977712392807 
Vehicle 0.8815193653219117 354.8510883450508 184.59907919168472 446.43776679039 242.2679364681244 
Vehicle 0.8648857083713478 592.3890250325203 179.61514368653297 659.3820955753326 242.747962474823 
Vehicle 0.6628732218510054 678.6670120954514 180.72818219661713 742.4662878513336 221.49688750505447 
Vehicle 0.6028069735298737 290.9339029490948 179.70050498843193 368.53797125816345 231.471486389637 
Vehicle 0.5954273963916573 483.94025015830994 180.07617071270943 530.5726152062416 211.77714318037033 
Vehicle 0.5700454075341029 555.7611939311028 180.18970638513565 585.77013194561 199.15538281202316 
Vehicle 0.5354202371355622 720.0460224151611 180.03837391734123 822.1436669826508 234.82096195220947 
Vehicle 0.25712248029459156 0.0 185.71 110.17 250.72 
