Vehicle 0.9571171210609547 523.621258020401 177.4785742163658 735.0511021614075 370.66657841205597 
Vehicle 0.8181107105645412 344.54240638017654 182.44092911481857 447.2928383946419 219.22416239976883 
Vehicle 0.8023390911953652 443.02077466249466 179.32507395744324 498.1841270327568 208.4784284234047 
Vehicle 0.7990843848575347 176.6715036034584 193.27396899461746 258.58951753377914 225.97045451402664 
Don't Care 0.5355087214430074 599.3381958007812 0.0 630.9559936523438 31.56665229797363 
Don't Care 0.43879832973297944 732.7709350585938 88.59471130371094 753.0377807617188 140.3797607421875 
Don't Care 0.37951020010133485 933.213623046875 84.60395050048828 954.7607421875 138.46083068847656 
Don't Care 0.37048513126832294 392.8927001953125 96.4111557006836 404.45709228515625 121.17416381835938 
Vehicle 0.2635584164412338 333.15 187.17 372.92 208.67000000000002 
Person 0.20659237498580418 635.1298828125 200.01068115234375 697.6220092773438 256.3431701660156 
Don't Care 0.19072836769406162 469.92431640625 99.27729034423828 517.5686645507812 122.27108001708983 
