Vehicle 0.7938756924834401 299.83518317341805 166.33788496255875 360.0327460169792 200.36295801401138 
Vehicle 0.6951224298094025 372.8585979938507 165.93052446842194 443.6906628012657 195.6918016076088 
Vehicle 0.5473586789800737 762.5692985057831 158.52241963148117 813.7945318222046 183.3932027220726 
Vehicle 0.5205481680941321 715.855020403862 168.1966669857502 768.8496941328049 187.52677738666534 
Vehicle 0.5118749192527638 613.3110551834106 162.13972494006157 665.1947761774063 188.42004239559174 
Vehicle 0.29335156448073585 807.66 162.44 843.27 182.27 
Vehicle 0.29335156448073585 1110.75 155.13 1142.67 174.54 
Vehicle 0.29335156448073585 532.18 154.38 597.63 192.23999999999998 
Vehicle 0.29335156448073585 235.24 154.38 299.61 199.81 
Vehicle 0.29335156448073585 660.37 168.44 700.94 192.23999999999998 
Vehicle 0.29335156448073585 585.19 163.57 620.35 187.90999999999997 
Vehicle 0.29335156448073585 687.42 166.28 725.82 189.0 
Person 0.29335156448073585 268.72 162.35 283.15 206.07 
