Person 0.8896185462274515 1052.1280578374863 204.87434417009354 1121.9438899755478 307.06704407930374 
Person 0.8681029417060999 849.9047523736954 163.7580692768097 901.3830907344818 272.87663519382477 
Person 0.8336963916652148 943.7638610601425 167.92994365096092 970.068056344986 256.19834661483765 
Person 0.8325645697726207 915.4257938861847 166.51836410164833 944.1453323364258 247.5001886487007 
Person 0.8211717920908571 301.8904864490032 166.41080752015114 324.2918559908867 240.71138352155685 
Person 0.662275867833968 750.3012177944183 160.17968952655792 774.4296276569366 242.05854535102844 
Vehicle 0.5920178172480605 557.5964090824127 155.36177158355713 614.0642259120941 200.96080005168915 
Person 0.5594926724987482 1192.7336472272873 186.77430599927902 1224.8301651477814 265.0231271982193 
Person 0.4861584602368526 271.7056741118431 189.74695354700089 298.48957711458206 227.3113802075386 
Person 0.47414950574844117 1133.9801119565964 156.10798448324203 1192.1499288082123 275.0367298722267 
Don't Care 0.3277780420615506 861.7926635742186 206.06500244140625 903.4044189453125 276.2065734863281 
Person 0.274250795619382 539.63 169.67 561.73 207.53 
Person 0.274250795619382 583.1 169.8 602.6 201.66 
Person 0.274250795619382 785.15 182.18 827.3 230.85999999999999 
Person 0.274250795619382 523.51 169.13 544.88 209.52 
Don't Care 0.22457208973305182 1015.0892333984375 216.35997009277344 1092.8934326171875 312.49395751953125 
