Vehicle 0.9054893761573364 0.7552402865840122 208.4956169128418 338.87567389011383 371.86919152736664 
Vehicle 0.8451207140194198 328.93524903059006 194.07565891742706 457.97999346256256 279.16136384010315 
Person 0.8304438164384573 1095.8811031579971 134.8050758242607 1206.0463507175446 300.26116222143173 
Vehicle 0.8018339559747528 475.97658383846283 186.65089085698128 523.606748342514 222.38878905773163 
Person 0.7703180801133408 1008.3867831230164 144.55372095108032 1129.8550697565079 327.07176357507706 
Vehicle 0.7381468371097407 560.8345102071762 179.4458068907261 594.0640414953232 206.91360533237457 
Don't Care 0.6157425154212153 997.5180053710939 222.0743103027344 1140.101806640625 357.0859680175781 
Vehicle 0.4705855612332577 540.4190973043442 178.08198183774948 560.0463978052139 200.72481036186218 
Don't Care 0.3674035131402911 1094.0166015625 218.2792510986328 1234.7161865234375 319.8437194824219 
Vehicle 0.24742374030280398 503.50000000000006 159.34 545.85 211.35 
