Vehicle 0.8519285986549219 265.13093930482864 181.541059166193 360.4786224961281 245.8699867129326 
Vehicle 0.8423925132383648 145.05634054541588 196.8967840075493 281.1083155274391 267.52225309610367 
Vehicle 0.8221438714024152 378.4159156680107 182.82297626137733 445.0744122862816 220.9325060248375 
Vehicle 0.8195311774530221 0.36051092081470415 183.45539644360542 144.76292672753334 306.85825645923615 
Vehicle 0.7552833478116804 433.5828214287758 181.51195719838142 471.74312621355057 210.7691913843155 
Vehicle 0.6608506138761376 498.22673070430756 177.6714138686657 530.2411134839058 198.27789813280106 
Don't Care 0.3486510936204647 680.852294921875 149.11671447753906 725.9354248046875 185.7042694091797 
Person 0.2450561086919634 830.82 162.48 845.21 194.04 
Person 0.2450561086919634 765.51 162.92 774.32 183.48 
Vehicle 0.2450561086919634 681.8000000000001 149.97 725.44 185.42 
