Vehicle 0.9607737284862833 0.8261116740759462 192.99320876598358 297.95619839429855 367.19106137752533 
Vehicle 0.943504817352884 826.2971363067627 178.55118960142136 1241.9086482524872 372.1397817134857 
Vehicle 0.7566023142329193 408.17282205820084 180.0299920141697 478.0539847612381 232.10276663303375 
Vehicle 0.6480514990803183 619.0414896011353 170.7327403128147 641.4724152088165 187.81285732984543 
Vehicle 0.569251276987335 504.4224371910095 178.45960333943367 539.1659719347954 206.52461796998978 
Vehicle 0.547669761462415 643.5569229125977 175.42458325624466 674.3719993829727 198.92357289791107 
Person 0.5464351639015845 483.4933372735977 175.1503385603428 506.83966809511185 242.81524121761322 
Person 0.2622004846304434 450.18 176.21 473.32 250.20000000000002 
Person 0.2622004846304434 522.58 174.17 535.72 215.07999999999998 
Person 0.2622004846304434 633.36 172.98 641.42 195.08000000000004 
Person 0.2622004846304434 704.8 164.07 719.99 209.86 
