Vehicle 0.9104748669667748 586.3904947042465 201.24558359384537 663.2178325653076 261.4419758319855 
Vehicle 0.8993555215371196 97.9395391792059 195.9037408232689 236.88289135694504 263.85920494794846 
Person 0.8865752996549983 1055.7622139453888 194.29714232683182 1145.040854215622 322.34209030866623 
Person 0.7829480698688351 391.96466052532196 184.62155386805534 421.93395602703094 301.6117438673973 
Vehicle 0.6488622175768991 425.26418620347977 195.72394341230392 500.04258728027344 250.64896792173386 
Vehicle 0.6412303857363014 702.9137942790985 177.21019685268402 804.4910151958466 266.4577066898346 
Vehicle 0.6265515522497603 676.0301002264023 193.7672719359398 708.8391469717026 231.32041096687317 
Don't Care 0.6016084991373517 1030.67919921875 235.70555114746094 1158.266845703125 322.8774108886719 
Vehicle 0.5369140853875535 496.0334374308586 195.1235756278038 540.728871524334 232.20723867416382 
Vehicle 0.25983934821636534 528.4 193.05 568.96 215.23 
Vehicle 0.25983934821636534 261.96 188.04 345.79999999999995 235.81999999999996 
Don't Care 0.20772845667779014 71.83892059326172 60.667118072509766 109.48188018798828 104.29613494873047 
