Vehicle 0.9411803465702341 640.4244611263275 175.77872425317764 726.6059514284134 239.54817652702332 
Vehicle 0.9108375510124778 0.8546522995457053 197.4254697561264 148.92143002152443 361.50701344013214 
Vehicle 0.5528419913547571 305.2399826645851 176.269993185997 455.92498630285263 230.70500046014786 
Vehicle 0.5477184666863681 411.2925878763199 176.04126781225204 479.00496089458466 212.98811584711075 
Vehicle 0.5146109110573528 583.5895346403122 176.58470571041107 606.3648430109024 194.73078846931458 
Vehicle 0.3120367353660684 490.3013610839843 171.66664123535156 513.6959228515625 191.51347351074222 
Person 0.2764209846933956 431.69999999999993 179.46 444.5 233.21000000000004 
Person 0.2764209846933956 419.71 182.74 434.64 235.9 
Person 0.2764209846933956 395.52 185.4 407.17 238.88 
Person 0.2764209846933956 406.57 184.83 417.92 237.97999999999996 
Vehicle 0.2764209846933956 569.28 175.09 592.09 191.26 
Vehicle 0.2764209846933956 562.89 172.33 577.58 185.72 
Vehicle 0.26609127338921207 447.0318603515625 170.59742736816406 492.7171630859375 202.2125701904297 
