Person 0.8537108027836097 381.2906799316406 166.97878181934357 420.11404180526733 243.895822763443 
Person 0.8444976159749862 1010.1091732978821 160.52230209112167 1075.7579770088196 312.1525228023529 
Person 0.8424129117134743 331.0659234523773 160.8662298321724 362.0430042743683 243.63706648349762 
Person 0.8423605966917602 630.2517886161804 158.86291414499283 671.7343997955322 279.12394762039185 
Person 0.8107115340356525 223.62887728214264 156.24487310647964 249.98099827766418 235.31436800956726 
Person 0.6120831966308016 303.05713391304016 165.1691308617592 324.0676839351654 234.99842643737793 
Vehicle 0.602568280739453 1065.2470703125 186.826904296875 1153.587890625 225.1259460449219 
Person 0.5249946581593112 266.8120218515396 158.80519956350327 290.2911686897278 234.68704998493195 
Person 0.27098812260979493 284.25 165.3 302.1 228.70000000000002 
Don't Care 0.2203666335227102 626.97119140625 208.26388549804688 649.48876953125 241.468994140625 
Vehicle 0.20862942004362986 594.704345703125 172.55767822265625 634.9129638671875 203.74417114257812 
Vehicle 0.2077391648454449 1131.9920654296875 187.83474731445312 1198.3624267578125 225.23623657226565 
Don't Care 0.20232617108797113 840.864990234375 217.4442138671875 1005.9307861328125 286.8838806152344 
