Vehicle 0.9195511311301929 792.0439324378967 190.31495600938797 1058.0713995695114 353.6269962787628 
Vehicle 0.8941536446951067 38.68941758573055 184.1796264052391 349.73679703474045 282.38285332918167 
Vehicle 0.8897104332026542 0.35467481380328536 278.4888446331024 80.35694655776024 373.502254486084 
Vehicle 0.7835608853059037 400.2519444823265 184.8253235220909 475.25950223207474 237.13841289281845 
Vehicle 0.7290467973081749 298.0485865473747 180.79634383320808 425.55252903699875 245.26530504226685 
Vehicle 0.717959218997391 733.4346796274185 178.94813418388367 855.3753451108932 275.1113399863243 
Vehicle 0.6005500148979386 678.5930786132812 182.81817626953125 734.0272827148438 223.53076171875 
Vehicle 0.4521876909638479 447.50048828125 177.54627990722656 506.68310546875 226.19784545898438 
Vehicle 0.4181324462788828 473.9324951171875 176.7484130859375 549.0350341796875 212.07159423828122 
Vehicle 0.25834757503157607 711.4091796875 176.87582397460938 760.927978515625 206.39712524414062 
Vehicle 0.1877768020055644 636.70947265625 163.24278259277344 675.32373046875 198.01589965820312 
