Vehicle 0.9031771455986918 0.36061072719166987 216.4449291229248 291.50758703053 373.3640670776367 
Vehicle 0.87444521404979 376.60566052794456 183.61035680770874 487.7686332464218 265.8344941139221 
Vehicle 0.873148720443018 697.0177567005157 190.89547872543335 796.6937679648399 259.13522720336914 
Vehicle 0.8545764679735548 162.51489083468914 189.34407567977905 311.88886523246765 261.3797011375427 
Vehicle 0.7892239418219864 339.6263782083988 185.629798412323 393.76677492260933 228.49936485290527 
Vehicle 0.7808239127639569 644.553653717041 182.64997458457947 687.7466585040092 214.22369575500488 
Vehicle 0.7298729356553741 465.92363077402115 184.1384129524231 520.1088159382343 233.4429268836975 
Vehicle 0.5981039928165088 584.309859842062 180.3168749809265 612.0355747044086 203.44300889968872 
Vehicle 0.4499348526925608 502.62260618805885 182.31223559379578 531.8143938481808 215.41963243484497 
Vehicle 0.24759878524114293 578.17 181.78 590.85 197.92 
Vehicle 0.24759878524114293 527.04 184.86 550.88 205.22999999999996 
