Vehicle 0.9431290043979943 787.9748561382294 210.894875228405 1085.8648356199265 372.9714900255203 
Vehicle 0.9285044719007364 3.661809687037021 185.0307695567608 221.18628850579262 366.3690313696861 
Vehicle 0.919696522642511 131.76115415990353 184.21196937561035 343.4534772634506 284.33773666620255 
Vehicle 0.8337551321729922 722.6077208518982 176.4245666563511 836.4382907152176 231.52660578489304 
Vehicle 0.7492193450743102 1.0390988731523976 256.83197379112244 57.99887008219957 371.11204862594604 
Vehicle 0.7095535755173271 638.4427796602249 160.70835292339325 689.3624954223633 216.20531380176544 
Vehicle 0.5656377799367738 434.7423095703125 182.9780731201172 504.7296752929688 217.43447875976562 
Vehicle 0.5497152072697569 798.5994937419891 186.54144555330276 914.5734983682632 240.63795804977417 
Vehicle 0.378165732059817 488.3152770996094 177.91285705566406 525.8428344726562 210.4790802001953 
Vehicle 0.32128644999031 395.65606689453125 184.36224365234375 449.1392517089844 215.1709747314453 
Vehicle 0.273292614844004 899.3171997070312 193.7753143310547 1042.9871826171875 230.42179870605466 
Vehicle 0.2595719467568222 301.44 169.42 449.02 246.0 
Vehicle 0.19139531905305282 514.5051879882812 180.1468505859375 551.8507690429688 202.30296325683594 
