Vehicle 0.9153441279521868 0.9417267775861546 191.73169881105423 395.67913806438446 371.3827505707741 
Vehicle 0.913708480496945 886.4752110242844 222.57135808467865 1241.2406108379364 372.0264583826065 
Vehicle 0.897411039520199 406.2216775417328 183.95351618528366 562.1087708473206 292.63224452733994 
Vehicle 0.8516394886603107 749.5538953542709 182.24812299013138 817.0315965414047 242.99150705337524 
Vehicle 0.8271685807973089 586.9947191476822 171.207457780838 637.4715195894241 213.11576664447784 
Vehicle 0.5942850007121795 707.8442716598511 172.76418954133987 732.8759829998016 195.1582208275795 
Vehicle 0.5757509283316092 631.7547065019608 173.98662865161896 657.4644491672516 204.4581100344658 
Vehicle 0.29814137323914425 650.6740112304688 167.664306640625 671.1650390625 187.28343200683594 
Person 0.25725170137803377 672.45 172.4 681.43 199.65 
Vehicle 0.19671255363773898 733.5853271484375 180.15740966796875 763.1263427734375 222.6736602783203 
