Person 0.9128382360510789 871.0595171451569 162.04738545417786 945.0225158929825 351.0151346921921 
Person 0.8768590627422895 774.6352652311325 173.85164052248 829.6493672132492 359.7953610420227 
Person 0.8532771304440819 547.3663844466209 168.43509703874588 582.7168174982071 258.6292734146118 
Person 0.7749599444445409 211.0541821718216 167.46591293811798 275.20812928676605 338.6922641992569 
Person 0.7659999044766215 719.6924449205399 166.31372153759003 746.6328582763672 238.84522461891174 
Person 0.5844683702998436 995.0476684570311 164.98870849609375 1042.4683837890625 267.37432861328125 
Person 0.5029982622607696 491.4227429032326 176.38710361719131 507.915336728096 228.12310791015625 
Person 0.4795419045614345 136.16012193262577 174.88313114643097 212.17926669120789 301.35603308677673 
Person 0.47725326407402024 1135.6036376953125 148.62612915039062 1194.71826171875 262.7613830566406 
Person 0.4173087042687891 952.0695190429688 158.35728454589844 988.9735717773438 247.86009216308594 
Don't Care 0.3230046569579071 1.0822539329528809 238.24357604980466 127.40627288818361 340.37548828125 
Person 0.26353202952856597 507.29 175.07 532.65 233.71 
Don't Care 0.21205467797376334 126.61186981201172 231.0488433837891 215.92388916015625 327.9310607910156 
