Vehicle 0.9208960706864189 939.5211868286133 206.09331876039505 1240.434953570366 372.30929732322693 
Vehicle 0.9172150577452542 0.8687832296127453 169.5055067539215 147.71359187364578 358.88417065143585 
Vehicle 0.8655192633253597 726.6954524517059 175.29256269335747 813.9997401237488 215.97039699554443 
Vehicle 0.7649345793575599 143.15164920687675 185.8006976544857 347.95769584178925 298.40806871652603 
Vehicle 0.6739125451238178 630.9995369911194 176.4342449605465 661.7853720188141 202.26091146469116 
Vehicle 0.6336935625018802 310.88861507177353 176.34891718626022 416.30223923921585 237.24748939275742 
Vehicle 0.5413573795583638 478.6180484890938 172.65742644667625 508.31636095046997 206.52642846107483 
Vehicle 0.4825535890265802 351.2678271532059 163.4558066725731 483.13677674531937 224.7050330042839 
Vehicle 0.2540633281137451 496.93999999999994 167.77 532.39 201.01 
Vehicle 0.2540633281137451 401.76 183.84 442.97 231.04000000000002 
Vehicle 0.2540633281137451 612.67 170.22 637.56 199.89 
