Vehicle 0.9662398669846415 894.4113385677338 242.3512414097786 1241.6299291849136 372.85738438367844 
Vehicle 0.9348338504532056 659.448573589325 175.4630282521248 735.5513899326324 237.28709667921066 
Don't Care 0.7079222753297224 793.1053466796875 199.3609161376953 998.4790649414062 328.87567138671875 
Don't Care 0.5416072643110468 266.8795775771141 207.15873688459396 376.6165305376053 282.75250643491745 
Vehicle 0.5010288235963233 393.2521353363991 180.20084872841835 469.6095373034477 233.57141017913818 
Vehicle 0.5005353824649071 311.900739133358 185.56884303689003 423.1922634243965 242.56861209869385 
Don't Care 0.3992442803361771 185.3178253173828 212.86927795410156 282.7320556640625 331.89959716796875 
Don't Care 0.3754092559875023 118.3809585571289 202.64064025878903 186.0640869140625 310.0552978515625 
Person 0.26410357362309805 100.94160461425781 168.6515655517578 129.86639404296875 211.02938842773435 
Vehicle 0.23229893484588326 513.58544921875 177.94097900390625 545.327880859375 202.88200378417966 
