Vehicle 0.9328677486014387 857.489760518074 174.50687661767006 1241.2588959932327 371.97395414114 
Vehicle 0.9285662010940472 696.8556336164474 184.01655927300453 817.201122879982 266.90346747636795 
Vehicle 0.924364193671672 0.34134406893281266 231.15648329257965 319.0271008014679 371.73789739608765 
Vehicle 0.8064819702835244 678.1170508861542 179.6964593231678 747.6165572404861 237.35066503286362 
Person 0.7502992326192476 993.4470709562302 147.4495679140091 1041.0884138345718 184.5192387700081 
Vehicle 0.659937727619216 596.5122905373573 176.9876964390278 623.08769094944 201.38666778802872 
Vehicle 0.4907377153798589 654.3360595703125 179.0775909423828 693.7652587890625 217.07864379882812 
Vehicle 0.33124550397470964 313.4127502441406 193.4513397216797 368.76959228515625 225.57286071777344 
Vehicle 0.2787214546957787 637.385009765625 182.4136962890625 657.908203125 201.8417663574219 
Vehicle 0.2762305978005376 361.040283203125 194.5450439453125 398.58004760742193 221.96495056152344 
Vehicle 0.20954761401990832 489.147705078125 181.749267578125 517.2197875976562 207.57373046875 
