Vehicle 0.8868594412143522 784.2954683303833 199.31477308273315 1088.488644361496 371.6275244951248 
Vehicle 0.8766154078636775 3.3325233394280076 178.7109151482582 251.76882147789001 338.4314775466919 
Vehicle 0.8484739705045855 458.5075979232788 186.94519624114037 552.1797094345093 256.01403415203094 
Vehicle 0.8283429689234606 587.4034700989723 175.88280513882637 639.4056004285812 217.3042595386505 
Vehicle 0.8071541134093885 275.84178364276886 180.08587136864662 406.5412235856056 247.45718389749527 
Person 0.7784822532267748 879.8942577838898 164.59538787603378 917.2956916093826 200.24708658456802 
Vehicle 0.71339549163806 688.7554578781128 75.19669644534588 865.281901717186 246.46838754415512 
Vehicle 0.6910625076250807 652.6422021389008 174.65787380933762 693.3112006187439 210.15355736017227 
Vehicle 0.6503278944927875 510.84537559747696 176.4935776591301 569.9758293628693 230.9783399105072 
Vehicle 0.34814718069764716 384.0511474609375 174.277099609375 478.3622131347656 209.22691345214847 
