Vehicle 0.8676996501413191 540.9771269261837 180.1728596687317 619.2513601481915 242.6639633178711 
Vehicle 0.8656763293935512 90.3962863907218 193.24846839904785 281.52281391620636 291.22890281677246 
Vehicle 0.8626576068045845 256.977837190032 186.0839307308197 351.7097916305065 239.7177677154541 
Vehicle 0.8550326850977182 0.6800379273481667 169.77929520606995 86.67486918717623 260.73443365097046 
Vehicle 0.8489858314287894 0.7564834593213163 252.65610694885254 58.84403923526406 350.0346622467041 
Vehicle 0.8158367465492423 443.9911225438118 181.30375862121582 501.6416244804859 231.631507396698 
Vehicle 0.7085339796437228 346.56696063280106 183.17148661613464 395.80644315481186 218.69733667373657 
Vehicle 0.2829983979914683 384.87176513671875 182.37294006347656 412.23901367187506 210.88970947265628 
Vehicle 0.24923413526126437 232.1 171.86 298.21 205.69 
Vehicle 0.24923413526126437 154.83 188.78 255.93 214.15000000000003 
Vehicle 0.20567263660049398 505.7986755371094 182.47381591796875 528.464111328125 200.24276733398438 
