Vehicle 0.9618263325288469 526.087570130825 178.65338176488876 733.9342271089554 371.7384785413742 
Vehicle 0.8549298331460526 216.38130873441696 191.50907546281815 298.8975877761841 223.47016632556915 
Vehicle 0.8209492518995453 390.03583574295044 180.35640567541122 494.83764749765396 216.63547307252884 
Vehicle 0.6589132299635362 482.2379540205002 176.9741177558899 528.3577424883842 207.74522423744202 
Don't Care 0.5345590601647309 599.33251953125 0.0 630.9307861328125 31.540550231933594 
Don't Care 0.454995517903627 732.7799682617188 88.47010040283203 753.0439453125001 140.20025634765625 
Don't Care 0.3848525954074454 392.8582763671875 96.3984603881836 404.50094604492193 121.13339996337892 
Don't Care 0.3776360707663035 933.3669433593749 84.69351959228516 954.7521362304688 138.37667846679688 
Vehicle 0.26496539848401385 333.41 186.66 372.18 208.26 
Vehicle 0.26496539848401385 377.72 183.33 412.07 204.39 
Person 0.20109514573127568 634.7120971679689 200.05543518066406 697.4766845703125 256.1063232421875 
Don't Care 0.19673825311644322 469.76696777343756 99.23688507080077 517.569580078125 122.36631011962889 
