Vehicle 0.9093380931493439 71.76113299280405 188.7948364019394 302.79227033257484 328.3888176083565 
Vehicle 0.8986240684199011 0.5365741474670358 191.8405517935753 108.5524061769247 372.2793236374855 
Vehicle 0.8881667604154609 286.7622595131397 174.83341321349144 411.8875957131386 242.5404042005539 
Vehicle 0.8652294312428261 586.9903514385223 172.6611703634262 652.8553315401077 225.03382712602615 
Vehicle 0.8475174863296697 431.98597955703735 187.09726631641388 536.0188894271851 262.11901009082794 
Person 0.8242503323379099 883.8648015260696 182.03334510326385 946.321487903595 338.8439565896988 
Vehicle 0.6525807478809752 913.0879590511322 55.10433577001095 1161.3523972034454 371.6089725494385 
Vehicle 0.6450865813565394 742.3555405139923 158.70607271790504 955.7555176019669 305.88097125291824 
Vehicle 0.5236236034821897 0.8753483295440674 143.6195526123047 138.44322204589844 226.5576171875 
Vehicle 0.42531720794693895 712.6386108398438 182.4622039794922 770.6118164062501 259.260498046875 
Vehicle 0.40620857682662637 682.9513549804688 172.50961303710938 749.6259155273438 231.87069702148435 
Vehicle 0.3944404884574046 643.2744750976562 175.99720764160156 678.6531982421875 203.76593017578125 
Vehicle 0.364022324329854 484.58990478515625 176.68023681640625 557.8255615234375 234.95643615722656 
Vehicle 0.1829432829366905 553.5535278320312 172.28369140625 587.6107788085938 196.2156982421875 
