Vehicle 0.9347858390334643 1038.2049114704132 158.1822820007801 1240.8128714561462 371.1206540465355 
Vehicle 0.9153461305405897 236.28978976607323 117.59425699710846 413.5520260334015 252.84893810749054 
Vehicle 0.9026349736373299 93.97649087011814 173.7889163196087 249.81364238262177 250.13628602027893 
Vehicle 0.8795932467378721 584.1168799996376 170.3614555299282 658.8513818979263 240.75959622859955 
Vehicle 0.826172319561078 696.4912630319595 169.71096396446228 757.9488544464111 227.0047590136528 
Vehicle 0.6537849211103508 759.1785496473312 143.75697076320648 962.4900809526443 265.470027923584 
Vehicle 0.3419369631714887 429.1372375488281 173.83657836914062 473.9568176269531 197.7876434326172 
Vehicle 0.29152280193911084 665.437255859375 170.96597290039062 698.79736328125 200.13380432128906 
Person 0.25341112702256513 474.2828979492187 173.43125915527344 488.2608642578125 214.047607421875 
Vehicle 0.24798476087137705 490.86401367187494 171.5107879638672 516.8729248046875 191.05023193359372 
