Vehicle 0.9704931782898258 524.3515537977219 176.57006531953812 734.4400670528412 370.5545738339424 
Don't Care 0.5379114521019509 599.3562622070312 0.0 630.8987426757812 31.545734405517578 
Vehicle 0.516803615561281 15.857690811157225 202.987060546875 112.1257095336914 235.95811462402344 
Vehicle 0.4547884497341511 173.75111389160156 193.4198760986328 243.4579315185547 221.77406311035156 
Don't Care 0.45153961440919516 732.8173217773438 88.41157531738281 753.00146484375 139.97247314453125 
Don't Care 0.3839991433284728 392.8876037597656 96.41204833984375 404.4281005859375 121.190673828125 
Don't Care 0.369273427803145 933.1701660156249 84.7062759399414 954.7027587890625 138.37173461914062 
Vehicle 0.29717398370660714 422.3421936035156 180.3494873046875 460.9248962402343 202.3985595703125 
Vehicle 0.2795879195402099 376.8807373046875 182.6309814453125 415.9692077636719 205.52209472656247 
Person 0.24376595551330862 634.6532592773438 200.11907958984372 697.8140258789064 256.17523193359375 
