Vehicle 0.9106023569595282 985.442688703537 224.94759410619736 1240.5803464651108 373.31000715494156 
Vehicle 0.8899093989320905 790.9458607435226 183.01265314221382 968.6838626861572 305.4495379328728 
Vehicle 0.8897030941890686 182.98995012044907 166.15617647767067 411.8341097831726 320.43758779764175 
Vehicle 0.8671141847282868 436.49056828022003 176.63858458399773 548.6725500226021 249.97729808092117 
Vehicle 0.8626496433080255 626.323645234108 169.81615126132965 700.69151866436 214.41788971424103 
Vehicle 0.8351716534713663 759.8745700120926 178.3747896552086 831.6398069858551 252.5101974606514 
Vehicle 0.4130811515997242 700.3899536132812 167.1109619140625 732.3518676757812 194.86549377441406 
Vehicle 0.33858590774455016 730.0704345703125 162.94361877441406 767.5340576171875 187.69989013671875 
Person 0.2699928393792123 0.5683320164680481 297.38861083984375 51.93006896972656 374.16693115234375 
Vehicle 0.20436467006722603 988.2415161132812 147.71115112304688 1035.1407470703125 191.46084594726562 
