Vehicle 0.9360583873466 919.8982540369034 204.72074300050735 1240.9777339696884 371.9487637281418 
Vehicle 0.9303261095826751 130.88726069033146 197.49196618795395 375.36932748556137 325.75730234384537 
Vehicle 0.9054618491324091 783.2521780729294 185.62227487564087 967.2888607978821 292.2052815556526 
Vehicle 0.8518035412965838 726.0402960777283 181.27327412366867 817.5540189743042 251.2042298913002 
Vehicle 0.8353021244334135 352.8585616350174 188.94671648740768 454.88473123311996 261.66100054979324 
Vehicle 0.8175554507049939 434.7502952814102 185.39846688508987 494.3824433684349 237.8116026520729 
Vehicle 0.7126504419871142 511.2972854375839 179.12890389561653 549.1652868390083 208.09509605169296 
Vehicle 0.47464431801776397 538.6381453871727 176.62189900875092 563.080734193325 204.4871672987938 
Vehicle 0.4092552722661326 705.3705444335938 178.3830108642578 762.6926879882812 229.87722778320312 
Vehicle 0.2585231615051707 571.1118774414062 174.5535125732422 609.9630737304688 188.6537170410156 
Vehicle 0.18793704977890524 1070.4395751953125 173.8121337890625 1171.0958251953125 206.5109558105469 
