Vehicle 0.9639932310054378 800.7269382476807 196.40401750802994 1140.1647140979767 372.36396968364716 
Vehicle 0.9624225891754388 0.7838666526367888 201.09982788562775 303.0286818444729 372.9340732097626 
Vehicle 0.9470150969187503 743.7510606050491 184.26067382097244 871.0033786296844 285.7777923345566 
Vehicle 0.9062135459498912 442.01786720752716 178.2679818570614 503.4517323374748 224.43587332963943 
Vehicle 0.8294595611948135 677.2711958885193 178.58750000596046 751.4368962049484 240.62906205654144 
Vehicle 0.7939828841857216 256.1433227956295 176.00221931934357 351.62583124637604 232.47528076171875 
Vehicle 0.592154746908783 482.9140976071358 172.15709388256073 520.4299802184105 212.63688057661057 
Vehicle 0.4715670452417768 660.9166420698166 175.6500005722046 693.2574555873871 223.23015332221985 
Vehicle 0.46047447008266756 645.6961380243301 173.23609068989754 671.9878224134445 208.9138850569725 
Vehicle 0.2701144320668753 534.23388671875 175.2873077392578 556.8931274414062 189.36857604980466 
Vehicle 0.25429651737271025 583.8932495117188 172.67010498046875 601.4824829101562 186.3677520751953 
Vehicle 0.24044100252945455 511.2359008789062 172.2076416015625 538.6290283203125 207.71592712402344 
