Vehicle 0.9608437776045071 1.4316830977331847 174.3936985731125 471.6019529700279 356.11492395401 
Vehicle 0.9362220823864665 1075.3455412387848 192.1847015619278 1241.1636947393417 333.9950144290924 
Vehicle 0.9246366946585907 641.3666278123856 179.92707341909409 755.559939622879 248.50773811340332 
Vehicle 0.8964127340027341 1009.5579954385757 178.64689975976944 1089.229452252388 240.3651550412178 
Vehicle 0.6188894259270374 773.6394653320312 170.91810607910156 838.233642578125 213.7988586425781 
Don't Care 0.5226552897999193 0.6481994986534119 195.41615295410153 61.890892028808594 253.85409545898438 
Vehicle 0.38430146278549226 825.85302734375 170.59295654296875 857.4827880859375 204.77952575683594 
Vehicle 0.2929383793048998 1062.8575439453125 164.94329833984375 1101.8287353515625 188.94276428222656 
Vehicle 0.2866699171084519 994.68115234375 171.64654541015625 1033.6427001953125 213.0226745605469 
Vehicle 0.28583345913539815 879.8355102539062 168.74441528320312 919.1728515625001 194.18174743652344 
Vehicle 0.2843427888548248 595.9237670898438 172.49334716796875 629.8289184570314 187.37074279785156 
Vehicle 0.23043979162456435 846.9924926757811 168.58226013183594 875.8834228515625 197.75135803222653 
Vehicle 0.22212734097734937 1141.8153076171875 5.164082050323486 1241.850341796875 197.33740234375 
