Vehicle 0.9143247139709249 771.1551042795181 194.51017677783966 1163.1051070690155 371.58992886543274 
Vehicle 0.8998915066998147 236.69098976254463 191.33538007736206 488.19765615463257 341.7166471481323 
Vehicle 0.8976643985843678 1.6043198097031564 204.58611845970154 344.20968317985535 371.078722178936 
Vehicle 0.8568949556091874 661.9563049077988 181.47335574030876 728.8013545274734 233.38159918785095 
Vehicle 0.8110093391581227 532.3854365944862 180.0064891576767 572.3698151707649 213.57911825180054 
Vehicle 0.7486535273114023 398.060057759285 190.8765211701393 485.4339326620102 248.75349551439285 
Vehicle 0.5302359565933304 646.870311498642 180.95768988132477 671.6516568660736 211.37966215610504 
Person 0.4748131478003777 1005.5693969726562 94.16445922851562 1092.8480224609375 239.95228576660153 
Person 0.43259669343742724 311.7728271484375 171.80430603027344 340.9590759277344 197.68406677246094 
Person 0.24360581041266588 354.6551208496094 174.4488525390625 378.45513916015625 197.89915466308594 
