Vehicle 0.9727767375207796 905.1668593883514 156.63882717490196 1231.9780322313309 370.4052194952965 
Vehicle 0.9397970048445186 299.9079721570015 185.78051403164864 407.98164224624634 250.16874074935913 
Vehicle 0.916380074337681 758.9194482564926 175.4886992275715 901.5301862955093 267.6379010081291 
Vehicle 0.9118805560964444 586.0314912199974 172.8615202009678 636.8037782907486 219.45324540138245 
Vehicle 0.7595223686005146 684.68734395504 174.72098395228386 776.0518984794617 222.4201261997223 
Vehicle 0.4981333514415268 823.0946044921875 180.3601531982422 931.3662719726562 285.64093017578125 
Vehicle 0.44766385121622887 431.43 173.09 472.12 204.17000000000002 
Vehicle 0.44766385121622887 486.24 176.48 520.15 203.04000000000002 
Vehicle 0.44766385121622887 553.48 157.83 584.56 190.04 
Vehicle 0.44766385121622887 657.46 173.65 697.5800000000002 212.08000000000004 
