Person 0.9671765504767871 137.1272116601467 190.89347779750824 271.37437814474106 372.63500785827637 
Person 0.9309145445835799 949.5353983640671 158.84637945890427 1018.4829272031784 286.2868158817291 
Person 0.9301924184916881 419.6041713356972 176.88834232091904 493.2117947936058 291.9596297740936 
Person 0.8724918826483532 228.86266443133354 172.8371365070343 288.01671144366264 328.55529379844666 
Person 0.8059652940379265 574.9154591560364 165.1186289191246 614.4443190097809 233.85142922401428 
Person 0.45660548076276675 863.7100000000002 214.96000000000004 962.89 365.3 
Person 0.45660548076276675 509.64000000000004 169.11 551.23 229.9 
Person 0.45660548076276675 782.66 220.3 857.31 360.01 
Don't Care 0.45608934887990216 876.046142578125 220.19827270507812 954.1475830078125 362.0875549316406 
Don't Care 0.4530016628147455 786.79736328125 232.79803466796875 854.6505126953125 360.8337097167969 
Don't Care 0.39959719506161556 692.1783447265625 194.01870727539062 739.8958740234375 245.46534729003903 
Don't Care 0.3571997804443521 264.25006103515625 210.836669921875 354.7731018066407 303.12139892578125 
