Person 0.915974712876184 880.3162229061127 152.0736739039421 938.3603385686874 260.00453531742096 
Person 0.9148927889915266 239.9658277630806 192.9384246468544 270.85001027584076 258.6827203631401 
Vehicle 0.8320222157961151 443.00859689712524 169.90619525313377 506.64175164699554 225.93936324119568 
Don't Care 0.46557483451074017 959.26 247.26 999.49 375.0 
Don't Care 0.46557483451074017 830.07 210.43 858.97 313.56 
Don't Care 0.46557483451074017 873.7 234.79999999999998 901.47 340.19 
Person 0.46557483451074017 0.0 232.52999999999997 84.99 374.18 
Person 0.46557483451074017 163.18 210.43 226.07000000000002 267.09 
Person 0.46557483451074017 644.2299999999999 169.64 667.46 204.77 
Vehicle 0.35992205903142477 1.1289427280426025 251.81622314453125 79.28192138671875 373.8161315917969 
