Vehicle 0.9964168598143223 102.48615784943104 190.86328893899918 440.93430519104004 373.2214719057083 
Vehicle 0.9730394761870896 0.8625961717916653 214.51614797115326 184.73316577076912 373.1369152665138 
Vehicle 0.886158429100512 397.81572514772415 165.27310386300087 531.341665148735 293.0264621973038 
Vehicle 0.8784137245641421 665.8312772512436 181.78248032927513 771.1660605669022 229.05097156763077 
Vehicle 0.8610546216138453 527.5745530128479 189.42108750343323 566.330383837223 234.28715765476227 
Vehicle 0.8564456774975645 639.509907245636 179.2578399181366 688.560687661171 213.4718969464302 
Person 0.45617955780279573 731.6600000000001 194.77 1038.73 312.46 
Vehicle 0.45617955780279573 545.49 164.81 587.22 211.89 
Don't Care 0.40377094475427755 907.0822143554686 212.18161010742188 1025.35302734375 298.6401062011719 
Don't Care 0.3549598963549753 807.6800537109375 216.56492614746094 907.5598754882812 292.9895935058594 
