Vehicle 1.0 0.44946966745192185 205.636627972126 393.2663118839264 372.70306795835495 
Vehicle 0.9847364656052647 122.76738399267197 95.44476494193077 470.9417626261711 220.51412612199783 
Vehicle 0.4576357166685979 687.2899999999998 170.77 736.58 207.03 
Vehicle 0.4576357166685979 491.24000000000007 177.0 528.07 204.77 
Vehicle 0.4576357166685979 575.67 161.14 653.86 189.47 
Vehicle 0.4576357166685979 660.09 170.77 692.96 198.54000000000002 
Vehicle 0.4576357166685979 826.67 159.44 889.0 176.44 
Vehicle 0.4576357166685979 887.87 153.21 944.53 177.57 
Vehicle 0.4576357166685979 1046.52 156.61 1153.61 183.24 
Vehicle 0.3345782004758704 1170.262939453125 155.8037567138672 1203.5526123046875 176.81033325195312 
Vehicle 0.32985956072251227 1137.327392578125 157.53173828125 1172.560302734375 179.252685546875 
