Vehicle 0.8604038119001864 181.44437330961227 186.7978200316429 224.91029727458954 218.01694482564926 
Vehicle 0.8249162191991869 383.6479130387306 162.6373864710331 471.940598487854 219.23600882291794 
Vehicle 0.48117470639477444 567.17 184.94 611.36 220.07 
Vehicle 0.48117470639477444 520.71 192.87 553.0 221.2 
Vehicle 0.48117470639477444 500.88 184.94 526.37 207.6 
Vehicle 0.48117470639477444 479.35 194.57 499.18000000000006 210.43 
Vehicle 0.48117470639477444 725.82 179.84 804.01 207.03 
Vehicle 0.48117470639477444 637.9999999999999 174.74 679.36 203.64 
Vehicle 0.48117470639477444 926.4 186.07 1150.77 228.0 
Vehicle 0.48117470639477444 828.37 179.27 877.67 211.0 
Vehicle 0.48117470639477444 687.8600000000001 181.54 721.29 203.64 
Vehicle 0.38358910724570483 1103.6053466796875 196.24525451660153 1150.2796630859375 222.65881347656247 
Vehicle 0.3524549868173539 1204.166259765625 194.25576782226565 1241.987060546875 226.49647521972653 
