Vehicle 0.9560502552185771 0.3243743375642225 198.474682867527 326.40934360027313 372.4825456738472 
Vehicle 0.9501692680291924 858.236860871315 189.25852328538895 1241.3620183467865 372.8973716497421 
Vehicle 0.9305605988528831 764.0743074417114 178.11574414372444 887.6763310432434 272.9950323700905 
Vehicle 0.9132391236780907 473.5593159198761 170.94964161515236 578.4263471961021 243.37635934352875 
Vehicle 0.89838420622438 636.6287738084793 172.7251634001732 704.5356949567795 217.4859568476677 
Vehicle 0.8977949328312076 316.73579317331314 166.9599451124668 476.73086500167847 281.64345771074295 
Vehicle 0.43855187679342816 737.01 154.11 785.16 192.63 
Vehicle 0.43855187679342816 906.06 150.9 973.47 197.98 
Vehicle 0.43855187679342816 700.63 165.88 740.2199999999999 202.26 
Vehicle 0.43855187679342816 959.5599999999998 150.9 1008.77 192.63 
