Vehicle 0.9791241818112787 552.8739901185036 178.4605085849762 699.5659081935883 317.5256475806236 
Vehicle 0.9490047584348257 1131.3243227005005 239.58425223827362 1238.3810938596725 370.79253047704697 
Vehicle 0.9487555676200716 1151.3735883235931 179.14601415395737 1238.5136057138443 226.7368957400322 
Vehicle 0.9121086596378309 960.4354809522629 182.22615122795105 1108.0906269550323 228.83936762809753 
Vehicle 0.7958919460849275 285.0910370349884 195.04990428686142 337.1299967765808 221.67717665433884 
Vehicle 0.4604827006689216 338.76 190.6 391.88 219.40000000000003 
Vehicle 0.4604827006689216 396.4 187.78 456.2900000000001 212.64 
Don't Care 0.42447093886668036 599.029296875 0.0 632.7578735351562 30.761098861694336 
Don't Care 0.340816846005753 389.27630615234375 101.88758087158203 401.6235046386719 125.83287048339844 
Don't Care 0.33314002696592554 953.3344726562499 81.1717758178711 976.67822265625 143.09820556640625 
