Vehicle 0.9632468554412598 72.96064288169146 180.6686818599701 271.6398253440857 273.2616439461708 
Vehicle 0.9393661564739468 275.34934294223785 173.98596927523613 374.1316371560097 239.2810732126236 
Vehicle 0.9004252290122089 368.5558122396469 183.37532132863998 420.82230001688004 227.19615697860718 
Vehicle 0.8733175975155346 403.2062185406685 177.42281779646873 457.67125564813614 223.78364950418472 
Vehicle 0.8428842820805114 484.9141382575035 177.83767729997635 518.9938552379608 204.64535057544708 
Vehicle 0.8115901017418155 455.8031716346741 176.9670434296131 498.2525297999382 210.62634140253067 
Don't Care 0.4567687924780001 687.97 148.22 737.69 197.38 
Person 0.4567687924780001 758.04 168.57 775.5499999999998 189.47 
Person 0.4567687924780001 814.54 162.92 838.84 195.69 
Vehicle 0.4567687924780001 528.62 173.09 562.5 200.2 
