Vehicle 0.9443649046458114 306.3381839096546 178.16325277090073 490.2320092320442 268.5987129807472 
Vehicle 0.9430226766236895 823.7669001817703 187.10650876164436 1037.3512834310532 326.23256742954254 
Vehicle 0.923168052168902 591.5905485749245 175.8861020207405 661.207575917244 231.5092831850052 
Vehicle 0.9179108789257601 755.4652565717697 182.2930946946144 869.3052281141281 265.2564346790314 
Vehicle 0.9165836315613717 9.462924130260944 176.76595598459244 236.97620487213135 276.15541219711304 
Person 0.9137524818037377 971.9332902431488 192.32317060232162 1108.7717674970627 373.6843541264534 
Vehicle 0.9034265284374356 220.9975701570511 171.1806021630764 336.4135444164276 243.75879764556885 
Vehicle 0.5035174135457964 1080.7742919921875 241.81256103515622 1240.7703857421875 372.60015869140625 
Person 0.4406500471855051 685.71 166.31 715.09 206.42999999999998 
Vehicle 0.4406500471855051 450.64 162.35 534.84 218.86 
Vehicle 0.4406500471855051 723.0 160.09 806.6 238.62999999999997 
Vehicle 0.43074149930233285 0.1703280806541443 226.19480895996097 68.95369720458984 373.10858154296875 
