Vehicle 0.9738511130227286 193.75957345962524 189.20836597681046 428.5441136956215 341.88175946474075 
Vehicle 0.9693794473912314 779.7486090660095 185.37425994873047 1011.7288209199905 341.9213891029358 
Vehicle 0.8394326215305563 717.8124203681946 183.41277167201042 835.9060964584351 274.6819853782654 
Vehicle 0.8266954569037602 495.29455429315567 173.00433665513992 536.95657736063 202.77021825313568 
Vehicle 0.4501726164201144 561.4 166.1 594.2 192.5 
Vehicle 0.4501726164201144 608.86 161.22 652.94 200.21 
Vehicle 0.4501726164201144 356.84 149.92 498.7 257.85 
Vehicle 0.4501726164201144 704.36 173.65 777.81 241.46 
Vehicle 0.4501726164201144 781.2 147.66 875.0 180.43 
Vehicle 0.4501726164201144 661.98 151.61 703.2300000000001 184.95 
Vehicle 0.4501726164201144 195.24 139.18 369.28000000000003 217.16 
