Vehicle 0.980182971972019 1.9942026275675744 194.62794810533524 258.7816597223282 326.57014578580856 
Vehicle 0.9547651929030557 0.36847304727416486 262.1347904205322 119.22142414748669 373.3581304550171 
Vehicle 0.9279144450603626 684.2930656671524 185.53461134433746 750.7801111936569 240.36390334367752 
Vehicle 0.9189826382801243 732.6775853633881 175.33941194415092 826.072162270546 222.557432949543 
Vehicle 0.8329687992389162 69.17621259391308 167.923953384161 275.1194459795952 261.5611329674721 
Vehicle 0.7943442507552001 317.5417835712433 188.52147459983826 421.3448334932327 253.48864495754242 
Vehicle 0.7851638084037246 278.4665917754173 191.49190932512283 334.8095957636833 260.8758509159088 
Vehicle 0.4595816477126073 788.5800000000002 173.17 1127.02 367.93 
Vehicle 0.4595816477126073 364.74 181.95 473.28999999999996 236.23 
Vehicle 0.4595816477126073 628.94 174.77 658.48 201.90999999999997 
