Vehicle 0.9482894697279163 371.8239691257477 191.3701817393303 449.27503806352615 242.59592592716217 
Vehicle 0.903606313604529 432.78564047813416 185.1768158376217 481.21339309215546 229.87588495016098 
Vehicle 0.810524063929547 472.8455656170845 174.66210946440697 510.3216576576233 216.04299545288086 
Vehicle 0.45749967157560767 7.18 199.46 41.46 241.71 
Vehicle 0.45749967157560767 39.86 205.04 126.76 235.33 
Vehicle 0.45749967157560767 1140.76 113.36000000000001 1228.45 172.35 
Vehicle 0.45749967157560767 1058.65 130.1 1163.88 175.54 
Vehicle 0.45749967157560767 654.49 178.73 724.64 218.59 
Vehicle 0.45749967157560767 536.5 173.95 571.58 198.66 
Vehicle 0.45749967157560767 510.99 175.54 538.1 204.24 
