Vehicle 0.9389338887443098 344.7374356985092 177.38811671733856 413.147531747818 221.2120145559311 
Vehicle 0.8745577222120482 722.4143571853638 167.9403819143772 756.9417643547058 197.30624556541443 
Vehicle 0.8723201567457345 636.94502556324 170.29254510998726 683.1722670793533 206.16824179887772 
Vehicle 0.8050825198316927 1164.7023561000824 153.84428948163986 1216.9876102209091 178.07551100850105 
Vehicle 0.46534489020281944 1108.08 157.21 1148.73 181.92 
Vehicle 0.46534489020281944 892.04 152.42 918.35 173.95 
Vehicle 0.46534489020281944 691.16 169.17 719.8500000000001 193.08 
Vehicle 0.46534489020281944 1045.1 156.41 1084.96 179.53 
Vehicle 0.46534489020281944 841.82 156.41 876.9 179.53 
Vehicle 0.46534489020281944 483.09 177.14 526.94 209.02 
Vehicle 0.46534489020281944 534.11 173.95 558.03 197.86 
