Person 0.9386163455119599 514.3476963043213 163.13234865665436 556.5150003433228 255.13933777809143 
Vehicle 0.9062642616901362 1055.9634590148926 186.34549736976624 1152.9594497680664 226.20104372501373 
Person 0.8835239209974107 399.1725811958313 169.28664833307266 432.4628806114197 253.957456946373 
Person 0.8537713941663809 101.39599961042404 156.0511091351509 200.30368602275848 315.7909232378006 
Vehicle 0.8360431007300023 961.3432831764221 183.78974705934525 1062.3746209144592 223.77950131893158 
Person 0.8330679352106064 696.723828792572 157.21767365932465 772.2538776397705 262.8626823425293 
Don't Care 0.47946417482823817 691.87353515625 199.5881805419922 768.4053344726562 269.95587158203125 
Don't Care 0.4791919530483752 97.45726776123047 228.40184020996094 199.37139892578125 334.0970764160156 
Vehicle 0.4555827371292466 1157.22 186.96999999999997 1224.0 228.61 
Vehicle 0.4555827371292466 597.07 167.33 656.78 216.83 
Person 0.4555827371292466 348.81 153.98 366.09999999999997 194.04 
Person 0.4555827371292466 298.53 157.12 312.67 201.9 
Person 0.4555827371292466 328.39 156.33 342.53 200.33 
Person 0.4555827371292466 213.69 157.12 289.11 198.75999999999996 
