Vehicle 0.9374509663758841 210.60569813847542 184.42324921488762 325.1472977399826 240.4862344264984 
Vehicle 0.8903701388910709 440.9151687026024 173.44629764556885 528.0877588391304 216.81728214025497 
Vehicle 0.44338916768691194 1084.16 156.41 1100.11 178.73 
Vehicle 0.44338916768691194 574.77 171.56 628.18 207.43 
Vehicle 0.44338916768691194 559.62 167.57 593.1 185.91 
Vehicle 0.44338916768691194 714.27 169.96 746.16 192.28 
Vehicle 0.44338916768691194 988.5 158.0 1018.8 181.92 
Vehicle 0.44338916768691194 1040.32 157.21 1073.0 182.72 
Vehicle 0.44338916768691194 1103.3 154.02 1120.83 177.93 
Vehicle 0.44338916768691194 1120.83 156.41 1152.72 177.93 
Vehicle 0.44338916768691194 1180.62 156.41 1206.13 176.34 
