Vehicle 0.9670104377918621 875.0232996940613 185.6311820447445 1241.05546438694 372.5386708974838 
Vehicle 0.961913665304752 4.285034706350416 237.37433552742004 323.2895777821541 372.870571911335 
Vehicle 0.9510333319123465 224.82595977187157 203.35069298744202 465.47864681482315 352.4842858314514 
Vehicle 0.9451890967075578 569.8701900243759 180.4787814617157 628.133949637413 226.54686123132706 
Vehicle 0.9326896000284512 662.9239375591278 181.4807876944542 728.1795852184296 233.7527722120285 
Vehicle 0.8740601688904586 524.3878650069237 177.38479748368263 567.9658318161964 214.5954966545105 
Vehicle 0.7984876366133729 65.56979884207249 193.35376471281052 204.12303686141968 244.528166949749 
Person 0.446177554590913 742.18 164.38 764.5 216.20000000000002 
Vehicle 0.446177554590913 367.5 164.38 478.31 222.58 
Vehicle 0.446177554590913 283.8 173.95 326.84999999999997 201.85 
Vehicle 0.40109267605008675 643.3016357421875 128.564208984375 719.9445190429688 211.9879150390625 
