Person 0.9162399886396534 659.9533052444458 147.82502800226212 701.1192140579224 264.22441124916077 
Person 0.8925593988393281 589.4223167896271 144.53733682632446 618.8532757759094 226.87639474868774 
Person 0.8765923999261984 552.6808662414551 133.31640481948853 578.7569761276245 229.1002255678177 
Vehicle 0.45171937668415146 0.8562089800834656 96.32685089111328 262.0947570800781 363.9032897949219 
Person 0.45149367781038 407.14 137.64 428.38 194.28 
Person 0.45149367781038 356.01 143.15 387.48 177.76 
Person 0.45149367781038 304.09 217.88 414.22 294.18 
Person 0.45149367781038 289.93 145.51 334.77 207.65 
Person 0.45149367781038 506.26 143.15 522.78 184.05 
Person 0.45149367781038 437.82 137.64 462.21 202.93 
Person 0.45149367781038 371.74 187.2 486.59 272.16 
Person 0.45149367781038 655.72 154.16 668.3099999999998 211.59 
