Vehicle 1.0 0.6895125388400629 203.85215431451797 190.6513191461563 327.6674374938011 
Vehicle 0.8931482881762945 223.01983800530434 160.977590829134 532.1001659631729 322.6149156689644 
Vehicle 0.8177445928763311 1171.0672187805176 155.53804859519005 1202.5061373710632 175.71088671684265 
Vehicle 0.8058987193878562 1137.9701253175735 157.86419436335564 1173.030541062355 176.98942869901657 
Vehicle 0.8026222453795596 685.0814001560211 165.9272164106369 738.4385937452316 207.987941801548 
Vehicle 0.4704157423616672 973.45 164.24 1003.17 179.1 
Vehicle 0.4704157423616672 860.52 159.78 882.81 172.42 
Vehicle 0.4704157423616672 843.43 161.27 863.49 174.57 
Vehicle 0.4704157423616672 888.75 158.3 919.21 173.9 
Vehicle 0.4704157423616672 1206.8 159.04 1240.9 173.9 
Vehicle 0.4704157423616672 526.84 180.32 553.72 198.24 
Vehicle 0.4704157423616672 1104.22 159.04 1133.94 176.87 
Vehicle 0.4704157423616672 1046.27 159.78 1073.76 179.1 
