Vehicle 0.9208878026386067 640.7132481336594 176.23020708560944 726.3572881221771 239.4009679555893 
Vehicle 0.8991715898564724 0.9771322886226699 197.6742446422577 148.2087346315384 362.17888444662094 
Vehicle 0.8902473961447177 305.2400196790695 176.2700043618679 455.92498630285263 230.70500046014786 
Vehicle 0.8902473961447177 399.82501941919327 173.89000207185745 483.1350370645523 209.13999527692795 
Person 0.44512369676216434 431.69999999999993 179.46 444.5 233.21000000000004 
Person 0.44512369676216434 419.71 182.74 434.64 235.9 
Person 0.44512369676216434 395.52 185.4 407.17 238.88 
Person 0.44512369676216434 406.57 184.83 417.92 237.97999999999996 
Vehicle 0.44512369676216434 581.46 176.56 606.25 194.47999999999996 
Vehicle 0.44512369676216434 569.28 175.09 592.09 191.26 
Vehicle 0.44512369676216434 562.89 172.33 577.58 185.72 
