Vehicle 0.9570908710575542 41.070476084947586 210.3673741221428 295.42431512475014 333.79094302654266 
Vehicle 0.9479213821507773 388.67670089006424 194.9591338634491 496.9209337234497 271.47721499204636 
Vehicle 0.9421757511919635 265.14581912755966 200.20175725221634 380.62801229953766 281.8737030029297 
Person 0.916094588833039 819.0676152706146 181.07564002275467 914.5129426717758 284.0995565056801 
Vehicle 0.911829203401279 1121.878744482994 156.988475471735 1241.6053515672684 260.0453495979309 
Vehicle 0.7757800213819848 458.8256633877754 172.90975525975227 533.7516041994095 239.38091844320297 
Vehicle 0.4474168848250944 511.40000000000003 184.02 543.21 226.21 
Vehicle 0.4474168848250944 547.75 184.02 566.57 200.90000000000003 
Vehicle 0.4474168848250944 637.97 180.13 713.91 211.93 
Vehicle 0.4474168848250944 615.25 180.13 672.37 204.79 
Vehicle 0.4474168848250944 371.31 192.82 442.07 242.85 
Don't Care 0.441843738125625 819.8068237304688 223.88302612304688 938.9158325195312 286.57305908203125 
