Vehicle 0.9702002082812305 0.9313887477619573 193.04325431585312 297.59850892424583 367.3459365963936 
Vehicle 0.9571975041171144 826.7593731880188 179.01495471596718 1241.9321154356003 372.87716567516327 
Vehicle 0.8164684253217841 407.28332698345184 177.27040126919746 480.2289928793907 231.56089335680008 
Vehicle 0.44420632202879995 505.56 178.65 543.78 204.03 
Vehicle 0.44420632202879995 619.71 170.79 641.6 187.21 
Vehicle 0.44420632202879995 639.86 176.26 670.72 201.4 
Vehicle 0.44420632202879995 655.2899999999998 175.02 680.92 194.67999999999998 
Person 0.44420632202879995 450.18 176.21 473.32 250.20000000000002 
Person 0.44420632202879995 480.77 175.07 507.35 248.23000000000002 
Person 0.44420632202879995 522.58 174.17 535.72 215.07999999999998 
Person 0.44420632202879995 633.36 172.98 641.42 195.08000000000004 
Person 0.44420632202879995 704.8 164.07 719.99 209.86 
