Vehicle 0.9535430011742462 912.5086823701859 238.00411820411682 1241.6271160840988 373.1048181653023 
Vehicle 0.9496493779011465 699.4142228364944 185.276560485363 839.0832717418671 272.8054001927376 
Vehicle 0.9316181665744396 3.8688030699267983 203.4592553973198 195.7979796230793 347.9515537619591 
Vehicle 0.8990430440949143 271.8116465806961 187.4813362956047 457.93820410966873 247.50477075576782 
Vehicle 0.8923312930306126 447.39999532699585 174.31000247597694 519.0149905085564 214.5950049161911 
Vehicle 0.8738501583238482 65.1935373544693 187.5181719660759 296.88675740361214 298.5103502869606 
Vehicle 0.826995681214892 672.4319221973419 180.31501024961472 728.9630337953568 222.70021587610245 
Vehicle 0.4461656452020449 497.06000000000006 171.13 547.83 206.42000000000002 
Vehicle 0.4461656452020449 645.04 171.13 681.58 201.47 
Vehicle 0.4461656452020449 353.29 170.1 458.15 217.2 
