Vehicle 0.9589177712824085 764.3253396749496 182.87480995059013 1089.4000890254974 372.4767342209816 
Vehicle 0.9547098595574439 958.517760515213 243.75919997692108 1241.2635598182678 373.63435328006744 
Vehicle 0.9423808987165506 411.54935735464096 188.67004662752151 516.1992616653442 262.749508023262 
Vehicle 0.8972251675874781 720.6929615736008 177.33831703662872 847.4188596010208 288.9801934361458 
Vehicle 0.85952667582549 659.4682652950287 179.23268303275108 726.3590648174286 229.7806441783905 
Person 0.4406874658917883 825.59 160.79 867.08 200.42 
Vehicle 0.4406874658917883 589.42 176.36 615.05 198.01 
Vehicle 0.4406874658917883 638.94 177.86 671.54 207.22 
Vehicle 0.4406874658917883 245.3 187.07 325.32 211.86 
Vehicle 0.4406874658917883 349.81 185.88 422.67 211.56 
