Vehicle 0.9641366915690063 784.1109881401062 183.04912000894547 1080.9040803909302 348.54910522699356 
Vehicle 0.9437631945737924 312.0395804643631 195.31253725290298 420.4014083147049 259.7789391875267 
Vehicle 0.9322898108965153 717.3201277256012 179.01679873466492 821.0024363994598 257.8359469771385 
Vehicle 0.780399980307589 481.91363310813904 183.96859243512154 516.564076423645 209.66845750808716 
Vehicle 0.44904172328435865 309.82 192.42999999999998 348.21 215.34 
Vehicle 0.44904172328435865 500.53 185.0 528.39 205.43 
Vehicle 0.44904172328435865 515.57 177.78 539.63 200.38 
Vehicle 0.44904172328435865 579.31 176.58 615.19 192.33999999999997 
Vehicle 0.44904172328435865 638.39 175.27 672.81 198.69999999999996 
Vehicle 0.44904172328435865 622.84 174.44 636.11 186.06 
