Vehicle 0.9628272709976075 586.8925961852074 201.20204240083694 663.1815583705902 261.0759884119034 
Vehicle 0.9541604277174582 97.64514447748661 196.0221379995346 236.8927187025547 263.02628964185715 
Person 0.9441989566985488 1048.8199253082275 195.37577033042908 1147.5180855989456 322.4434107542038 
Vehicle 0.9113863403508052 460.244983792305 195.75999677181244 518.9300052523613 242.27499961853027 
Person 0.8634272366990933 390.42104548215866 184.7149170935154 421.27309942245483 301.4998286962509 
Vehicle 0.8259125409885252 674.8631815910339 193.63555312156677 709.5567837953568 230.55189102888107 
Vehicle 0.8092605057096587 410.00833332538605 194.42103803157806 496.18460458517075 251.42797082662582 
Don't Care 0.46892031172557785 1030.67919921875 235.70555114746094 1158.266845703125 322.8774108886719 
Vehicle 0.4556931688340975 505.68 194.13000000000002 551.11 227.67 
Vehicle 0.4556931688340975 528.4 193.05 568.96 215.23 
Vehicle 0.4556931688340975 704.2 178.99 802.62 266.07 
Vehicle 0.4556931688340975 261.96 188.04 345.79999999999995 235.81999999999996 
