Vehicle 0.9650854965185551 730.7710433006287 199.50170069932938 979.6830868721008 358.4281727671623 
Vehicle 0.9490502194317563 0.42113616404822096 202.49707996845245 413.5272633433342 372.2279369831085 
Vehicle 0.9307128924305937 328.568398475647 194.83253359794617 488.33568316698074 320.98985463380814 
Vehicle 0.9241675346248575 688.4075957536697 186.45576015114784 796.8403433561325 267.39053428173065 
Vehicle 0.902758411607157 440.303393304348 189.00583684444427 521.3645959496498 265.6339555978775 
Vehicle 0.8754923827054797 657.0205714702606 186.74930557608604 718.3808888196945 241.24617129564285 
Vehicle 0.8148962626259341 516.2159922122955 184.30475145578384 562.0109785795212 220.07540613412857 
Vehicle 0.5012556365085249 978.5704345703125 252.4481201171875 1239.992431640625 372.7247009277344 
Vehicle 0.44403172014946296 541.96 174.26 579.41 209.03 
Vehicle 0.44403172014946296 566.92 176.04 600.81 206.4 
Vehicle 0.44403172014946296 607.05 181.39 635.5800000000002 200.12 
