Vehicle 0.948835637783836 0.39825626055244356 216.68028831481934 397.0714749097824 372.4541813135147 
Vehicle 0.9392309276730757 568.1353581547737 181.60095065832138 625.7576197385788 227.212093770504 
Vehicle 0.9310912532981809 655.3674305677414 182.1056865155697 714.4463231563568 227.91702300310135 
Vehicle 0.9171129576052175 822.5534913539886 185.44205278158188 1241.3815619945526 372.84500151872635 
Vehicle 0.8956483319106633 524.7775164842606 181.33417144417763 568.3874267935753 213.19645643234253 
Vehicle 0.8561959317123695 303.6869474351406 198.66252690553665 475.94038367271423 325.2856135368347 
Person 0.4431349937800655 737.17 169.56 751.7799999999999 212.86 
Vehicle 0.4431349937800655 299.98 179.69 346.5 204.57 
Vehicle 0.4431349937800655 462.25 175.91 525.53 202.41 
Vehicle 0.4431349937800655 381.12000000000006 176.45 473.61 224.59 
Vehicle 0.4431349937800655 638.79 131.63 707.98 210.25 
Vehicle 0.4431349937800655 618.32 176.37 647.12 199.02000000000004 
Vehicle 0.4431349937800655 82.55 186.18 198.84 239.19 
