Vehicle 0.9623649617317529 841.7348413467407 172.3899096250534 1067.4224427938461 307.4672296643257 
Vehicle 0.9547970799661114 164.80780613422394 190.6345635652542 304.0283875465393 249.93840605020523 
Vehicle 0.9324750495820534 355.2355577945709 185.17111614346504 446.33953034877777 242.18299984931946 
Vehicle 0.9195810591622245 592.5139119029045 180.11768907308578 659.3056976795197 242.41798371076584 
Vehicle 0.7629861518732972 678.7463711500168 180.16059324145317 750.0202778577805 221.56646847724915 
Vehicle 0.44845840676301885 722.25 180.85 821.32 233.48000000000002 
Vehicle 0.44845840676301885 0.0 185.71 110.17 250.72 
Vehicle 0.44845840676301885 287.67 180.55 364.55 231.63 
Vehicle 0.44845840676301885 485.52 180.17 530.97 211.27 
Vehicle 0.44845840676301885 556.71 179.79 586.16 198.66 
