Person 0.9148217643610963 1053.0910266637802 204.73124831914902 1121.9928231239319 307.9857900738716 
Person 0.8988509505080577 849.9175593852997 165.2986966073513 902.4410387277603 273.53721857070923 
Person 0.8733113192379757 943.8821593523026 168.1426540017128 969.7712742090225 256.2221512198448 
Person 0.8724711119769644 916.0803580284119 166.98551550507545 944.1525871753693 247.3805621266365 
Person 0.8640143692698778 302.2909091413021 166.86413437128067 324.5092420578003 240.63440412282944 
Vehicle 0.45804053069766393 558.29 154.73 613.9 200.56 
Person 0.45804053069766393 539.63 169.67 561.73 207.53 
Person 0.45804053069766393 523.51 169.13 544.88 209.52 
Person 0.45804053069766393 583.1 169.8 602.6 201.66 
Person 0.45804053069766393 1135.64 156.76 1193.52 300.63 
Person 0.45804053069766393 785.15 182.18 827.3 230.85999999999999 
Person 0.45804053069766393 751.08 160.0 774.34 243.3 
Person 0.45804053069766393 1190.27 185.97 1227.05 286.03 
Person 0.45804053069766393 272.07 189.74 301.37 229.18000000000004 
