Vehicle 0.994372633882934 750.1876573562622 181.4710982143879 1012.9463013410568 339.07002210617065 
Vehicle 0.9289723307214192 582.7896886467934 174.18470978736877 638.9301863908768 217.11456030607224 
Person 0.9235714591899122 280.41233217716217 177.06165835261345 339.8615916967392 312.45267391204834 
Person 0.8737728132122583 371.45471262931824 178.12180146574974 412.47231352329254 282.588891685009 
Vehicle 0.8528132533221735 416.23776000738144 178.57195436954498 452.63928455114365 211.28638833761215 
Vehicle 0.4576228707389621 153.27 205.22000000000003 319.94 306.47 
Vehicle 0.4576228707389621 294.24 184.19 397.83000000000004 261.3 
Vehicle 0.4576228707389621 560.53 175.27 591.57 204.48 
Vehicle 0.4576228707389621 543.37 173.89 567.89 195.8 
Vehicle 0.4576228707389621 529.22 174.94 544.31 186.56 
Vehicle 0.4576228707389621 647.93 170.47 764.37 252.48 
Don't Care 0.4359757297414872 275.822021484375 233.87692260742188 337.1233215332031 327.76336669921875 
Don't Care 0.32162515591520857 371.3784790039063 217.22047424316406 412.5612487792969 293.4806213378906 
