Vehicle 0.9695902434651043 0.2685758266597986 216.00979042053223 291.8349014669657 373.8938937187195 
Vehicle 0.9466176705656054 377.50083777308464 183.34885001182556 487.2069838643074 265.38106775283813 
Vehicle 0.945581129553421 697.0000040531158 190.95421886444092 796.4572879076004 258.0242519378662 
Vehicle 0.9307316896873672 162.66780400276184 189.6886501312256 311.69506549835205 260.88259506225586 
Vehicle 0.8784793898025295 339.57104912400246 185.31154608726501 392.3648705482483 228.5558638572693 
Vehicle 0.8717631782972594 644.1495590806007 182.51088976860046 687.849771797657 214.1800832748413 
Vehicle 0.8310255169990146 465.56521221995354 184.06146359443665 520.8238038122654 233.51948404312134 
Vehicle 0.44542501543018814 588.16 179.86 611.61 203.31 
Vehicle 0.44542501543018814 527.04 184.86 550.88 205.22999999999996 
Vehicle 0.44542501543018814 578.17 181.78 590.85 197.92 
Vehicle 0.44542501543018814 503.21 181.01 532.43 216.38 
