Person 0.9503842412438228 986.0486211776733 159.3669629096985 1073.1955404281616 318.0144673585892 
Person 0.8939226810598092 381.0433223247528 166.89957588911057 420.2804911136627 244.10436272621155 
Person 0.8854531644997257 331.6779520511627 160.38836985826492 362.0880181789398 243.1102031469345 
Person 0.8854138790308678 629.4052791595459 159.07432109117508 671.466432094574 279.5329558849335 
Person 0.8616880793565779 223.6498339176178 156.17270231246948 249.89817488193512 235.31013369560242 
Person 0.8236476369671799 1042.4477605819702 162.07596451044083 1078.3983306884766 308.44233751296997 
Person 0.4570818881160245 266.05 158.46 289.8 234.2 
Person 0.4570818881160245 305.18 165.8 325.3 235.55 
Person 0.4570818881160245 284.25 165.3 302.1 228.70000000000002 
Vehicle 0.45171811275418405 1065.2470703125 186.826904296875 1153.587890625 225.1259460449219 
