Person 0.9342167636255138 866.886661529541 166.56798565387726 908.8900136947632 286.6778645515442 
Person 0.9282814245606245 741.4841964244843 182.37225264310837 786.6014360189438 313.3094559907913 
Person 0.9218327504577085 375.6020176410675 173.21625888347626 411.9917536973953 284.9970819950104 
Vehicle 0.9176075353187887 552.0459228754044 180.98368656635284 597.9008834958076 217.42116558551788 
Person 0.9052648164109328 296.30875849723816 175.17647337913513 334.0791895389557 264.7265964746475 
Person 0.9001808160560819 915.3330355882645 174.50948148965836 955.1051828861237 286.79358303546906 
Person 0.8859868280878394 689.8362717628479 185.56025117635727 719.7136965990067 276.7408323287964 
Person 0.8335058854226537 643.6141662597656 169.30684220790863 664.2114701271057 246.64936745166779 
Person 0.8297763367941428 718.8730008602142 184.9946773648262 744.1948922872543 282.0830315351486 
Don't Care 0.4034059677260698 0.593638002872467 232.31616210937503 51.3940315246582 321.4106750488281 
Don't Care 0.3832656237024579 50.7915153503418 219.8922882080078 166.33160400390625 288.94293212890625 
Don't Care 0.3594268656131334 291.23956298828125 244.75564575195312 357.68878173828125 288.071044921875 
