Person 0.9645376915135363 870.8315781354904 162.23105037212372 944.1149659156799 350.5073198080063 
Person 0.936602014616333 775.0352100133896 173.93310713768005 829.5811847448349 360.2608654499054 
Person 0.9182920097291597 546.9857727885246 168.51722127199173 583.0853644013405 259.0194081068039 
Person 0.8574832498587803 211.00819221138954 167.94734507799149 274.9372441768646 339.67889189720154 
Person 0.8505262299100683 719.7849782705307 166.3697528243065 747.486098408699 238.83766758441925 
Person 0.4603890617209223 128.47 172.69 217.23 330.4 
Person 0.4603890617209223 507.29 175.07 532.65 233.71 
Person 0.4603890617209223 492.2 177.0 508.06 230.3 
Person 0.4538058451385554 995.0476684570311 164.98870849609375 1042.4683837890625 267.37432861328125 
Person 0.37055952358403077 1135.6036376953125 148.62612915039062 1194.71826171875 262.7613830566406 
Person 0.32401604406277656 952.0695190429688 158.35728454589844 988.9735717773438 247.86009216308594 
