Vehicle 0.9647203737483215 939.3054664134979 206.64122700691223 1240.8362646102905 372.9992285370827 
Vehicle 0.9618530187980695 0.6453391495160758 168.79422962665558 145.87116815149784 354.5262739062309 
Vehicle 0.9256931786684756 151.51027858257294 185.18223613500595 349.4835809469223 293.65725070238113 
Vehicle 0.9215840940112854 726.4068135023117 174.18595030903816 812.8884912729263 216.27898514270782 
Vehicle 0.7723305162316937 631.874115228653 176.58983543515205 660.7714712619781 201.80900394916534 
Vehicle 0.44528556260831265 496.93999999999994 167.77 532.39 201.01 
Vehicle 0.44528556260831265 478.1 172.2 506.90999999999997 207.64999999999998 
Vehicle 0.44528556260831265 612.67 170.22 637.56 199.89 
Vehicle 0.44528556260831265 349.9 163.9 482.86 228.38 
Vehicle 0.44528556260831265 314.01000000000005 176.53 415.05 249.66 
Vehicle 0.44528556260831265 401.76 183.84 442.97 231.04000000000002 
