Vehicle 0.9586678733914601 728.2267416715622 175.82977563142776 960.6874755620956 330.2954435348511 
Vehicle 0.9265107572991195 102.08661425113678 177.44657769799232 329.9580702781677 312.0727390050888 
Vehicle 0.9203731600192924 368.3839910030365 184.82907861471176 428.1569421887398 239.65325206518173 
Vehicle 0.9170768072067944 317.66370928287506 193.51284205913544 395.85218077898026 267.7558735013008 
Vehicle 0.9147895792962153 666.3805721998215 181.42718821763992 771.5741822719574 268.11835169792175 
Person 0.9073437168996418 1091.0610029697418 156.86751902103424 1166.6017173528671 306.8196326494217 
Person 0.8148247146430158 575.3796479701996 173.43483120203018 610.7672347426414 264.7616118192673 
Vehicle 0.5099144462054417 0.7703221440315245 220.29460144042966 127.64373016357422 372.1546325683594 
Vehicle 0.4436031644200305 645.04 178.48 689.6899999999999 241.44999999999996 
Vehicle 0.4436031644200305 560.3 163.6 586.64 203.67 
Vehicle 0.4436031644200305 408.83 150.93 509.87 205.04 
Person 0.4436031644200305 512.6 174.4 523.9 206.72000000000003 
