Person 0.9650251401808374 32.49901573732495 171.71382531523705 190.86781686544418 372.77550995349884 
Person 0.939249531826423 1099.819518327713 138.2446512579918 1190.6583191156387 373.71401488780975 
Person 0.9216729242742215 353.7126708626747 179.62389439344406 403.2775084376335 302.62376368045807 
Person 0.8079512125191504 445.918305516243 177.34858766198158 463.2792461514473 230.6796982884407 
Don't Care 0.48335926513621985 129.26783752441406 221.05015563964844 192.01747131347656 372.9632873535156 
Person 0.45393715331080076 516.82 176.3 523.39 205.48000000000002 
Person 0.45393715331080076 525.78 174.3 533.6 204.8 
Person 0.45393715331080076 612.95 173.4 625.6 223.8 
Person 0.45393715331080076 426.11 173.2 442.7 233.52 
Person 0.34418925833341135 1200.9669189453125 151.30184936523438 1242.0 371.3554382324219 
