Vehicle 0.9589212847709564 0.5217253026785329 208.71629565954208 169.70987489819527 373.19131940603256 
Vehicle 0.9511565987825104 147.80752538144588 210.56874096393585 360.1888731122017 350.45573115348816 
Vehicle 0.9270330316758488 326.2891945838928 196.12281024456024 444.1176989078522 284.07423198223114 
Vehicle 0.860604756655057 538.1319723129272 186.09962984919548 577.208237528801 213.70279043912888 
Vehicle 0.438761161869291 735.54 179.9 836.91 258.01 
Vehicle 0.438761161869291 719.31 189.37 745.34 230.91999999999996 
Vehicle 0.438761161869291 703.79 184.94 723.18 222.06 
Vehicle 0.438761161869291 568.07 186.6 585.8 211.53 
Vehicle 0.438761161869291 581.37 182.72 594.66 209.87 
Vehicle 0.438761161869291 599.94 182.92 621.09 199.46 
