Vehicle 0.9802176522614661 72.76516476273537 188.41148167848587 302.65744507312775 325.70144534111023 
Vehicle 0.9716502761708685 0.7119728846009821 191.52005016803741 114.20111261308193 372.35507369041443 
Vehicle 0.9632882484038399 290.4029486775398 173.32976683974266 411.33648705482483 241.93605780601501 
Vehicle 0.9449466139108967 586.0501465201378 170.38172855973244 655.0955221652985 224.2320254445076 
Vehicle 0.93078341220109 433.1480492949486 185.80379337072372 534.0805519223213 261.56730204820633 
Person 0.9121779691370586 884.2102947235107 182.15449154376984 946.864860534668 337.1560424566269 
Vehicle 0.7749039221419183 913.9540979862213 37.30393387377262 1187.6908679008484 372.36370146274567 
Vehicle 0.4555322030033302 750.13 177.68 947.3299999999999 305.96 
Vehicle 0.41871103102998786 0.8753483295440674 143.6195526123047 138.44322204589844 226.5576171875 
Vehicle 0.3401011823568718 712.6386108398438 182.4622039794922 770.6118164062501 259.260498046875 
Vehicle 0.32482113274728625 682.9513549804688 172.50961303710938 749.6259155273438 231.87069702148435 
