['Car'] 0.9406698682048351 0.0 192.37 402.31 374.0 1.7715104818344116 192.85968017578125 389.0533752441406 370.3433837890625
['Car'] 0.899794414409784 597.59 176.18 720.9 261.14 603.80419921875 178.8385467529297 718.5390625 260.99859619140625
['Car'] 0.8825752533894717 937.29 197.39 1241.0 374.0 947.698974609375 210.5555419921875 1240.3282470703125 372.32940673828125
['Car'] 0.826936708131523 884.52 178.31 956.41 240.18 889.69189453125 179.57736206054688 953.9100952148438 236.85205078125
['Car'] 0.8182320417888536 741.18 168.83 792.25 208.43 739.7928466796875 170.50350952148438 786.3204956054688 208.1072235107422
['Car'] 0.8062084864001829 334.85 178.94 624.5 372.04 349.6845703125 180.22195434570312 615.3737182617188 349.9405212402344
['DontCare'] 0 800.38 163.67 825.45 184.07
['DontCare'] 0 859.58 172.34 886.26 194.51
['DontCare'] 0 801.81 163.96 825.2 183.59
['DontCare'] 0 826.87 162.28 845.84 178.86
