['Car'] 0.8920031579035919 0.0 194.7 414.71 373.0 0.10957014560699463 206.2400665283203 401.87933349609375 370.40673828125
['Pedestrian'] 0.8022482193291309 1021.76 133.28 1101.39 316.63 1014.942138671875 151.99159240722656 1100.15966796875 312.5968933105469
['Pedestrian'] 0.5632781179738166 672.23 171.73 690.13 224.33 668.2596435546875 174.0109405517578 685.0325317382812 224.4705810546875
['DontCare'] 0.08316651441265768 916.14 175.59 973.32 253.55 829.3595581054688 215.8057861328125 986.5093383789062 366.3053894042969
['Pedestrian'] 0 692.68 169.14 712.48 224.03
['Pedestrian'] 0 537.84 168.08 560.9 224.34
['DontCare'] 0 628.8 173.19 653.95 196.66
['DontCare'] 0 610.47 175.76 625.72 205.87
['DontCare'] 0 766.54 168.32 841.38 261.86
['DontCare'] 0 464.22 177.67 508.93 230.69
['Pedestrian'] 0 928.7780151367188 182.598876953125 967.717041015625 253.03057861328125
