['Car'] 0.931235327010453 444.83 180.67 519.74 231.01 446.7095642089844 180.48036193847656 522.892578125 231.0586395263672
['Car'] 0.8548639108296013 173.62 180.91 429.48 359.85 183.00250244140625 181.82977294921875 427.71636962890625 341.7665100097656
['Car'] 0.852750888632434 653.39 176.6 706.53 216.76 650.1854248046875 179.5656280517578 705.2431640625 216.614501953125
['Car'] 0.8113365435849008 499.17 171.42 546.19 212.24 505.2106628417969 172.9678497314453 547.3480224609375 211.86026000976562
['Van'] 0 865.23 0.0 1241.0 374.0
['Car'] 0 707.54 185.88 834.49 271.76
['Car'] 0 526.94 173.21 563.54 203.04
['DontCare'] 0 629.35 176.06 655.43 199.02
['DontCare'] 0 552.27 177.1 575.23 195.89
['Truck'] 0 706.24169921875 187.91748046875 827.244140625 270.53570556640625
['Car'] 0 873.6627807617188 10.653079986572266 1241.42919921875 370.0314025878906
