['Car'] 0.941577295932231 694.9 174.26 735.64 207.53 694.1930541992188 174.7779998779297 736.0972290039062 208.0922088623047
['Car'] 0.8972529305289619 23.14 183.9 225.74 258.36 22.277202606201172 187.44720458984375 216.99098205566406 259.2530517578125
['Car'] 0 797.32 169.25 844.72 185.72
['Pedestrian'] 0 560.17 171.53 569.17 196.85
['Car'] 0 886.07 166.52 939.02 185.61
['Van'] 0 1053.43 158.28 1115.7 181.41
['DontCare'] 0 238.65 181.19 311.49 196.55
['DontCare'] 0 592.47 172.92 683.78 182.99
['DontCare'] 0 989.92 165.35 1031.98 178.59
['DontCare'] 0 966.85 166.69 982.52 186.52
['DontCare'] 0 759.56 165.65 787.73 195.9
