['Pedestrian'] 0.797997356883544 680.59 157.38 711.83 236.18 680.1841430664062 164.34506225585938 708.4108276367188 236.65957641601562
['Pedestrian'] 0.6415454019426757 453.2 159.81 482.53 241.31 447.97821044921875 166.6979217529297 477.57794189453125 243.17367553710938
['Pedestrian'] 0.5653889282086014 659.64 160.9 687.89 236.97 656.0795288085938 166.4701690673828 678.9852905273438 237.5037078857422
['Cyclist'] 0 600.22 162.56 622.05 206.65
['DontCare'] 0 859.02 192.2 919.9 290.15
['DontCare'] 0 526.56 165.2 593.09 206.79
['DontCare'] 0 712.52 161.05 742.69 205.76
['DontCare'] 0 1003.4 219.23 1157.19 372.0
['DontCare'] 0 15.43 185.98 167.15 278.48
['DontCare'] 0 376.96 169.36 405.05 220.3
