['Pedestrian'] 0.7982990220506009 441.08 170.15 473.22 268.12 440.05413818359375 172.16188049316406 469.310791015625 263.8612365722656
['Pedestrian'] 0.690719540960936 719.54 160.0 745.42 229.67 716.6937866210938 160.7886962890625 739.7005004882812 229.23817443847656
['Pedestrian'] 0.6844823885508755 471.56 174.73 502.47 266.4 469.72320556640625 179.1405792236328 495.7254333496094 263.8044128417969
['Pedestrian'] 0 684.72 161.94 711.08 230.1
['DontCare'] 0 637.75 173.0 664.48 184.89
['DontCare'] 0 400.19 163.56 428.36 234.44
['DontCare'] 0 830.4 178.15 854.4 214.65
['DontCare'] 0 594.98 172.94 611.69 191.73
['DontCare'] 0 753.31 168.77 787.73 204.23
['Pedestrian'] 0 402.3045959472656 166.53622436523438 432.2838439941406 231.94369506835938
