['Car'] 0.9282850166950408 351.84 183.19 537.77 308.64 354.6608581542969 185.99366760253906 533.0687255859375 307.35699462890625
['Car'] 0.8618221131898908 724.21 178.91 805.39 249.94 728.0074462890625 182.43080139160156 802.25341796875 250.6094207763672
['Car'] 0.84539215281243 562.48 173.46 618.49 217.36 562.6978759765625 175.36996459960938 612.7947998046875 217.94766235351562
['Car'] 0.8358506236321666 896.11 218.17 1241.0 374.0 905.24169921875 237.0897216796875 1241.27587890625 370.9747314453125
['Cyclist'] 0 650.19 175.43 659.99 205.2
['Car'] 0 720.81 187.01 779.98 236.22
['DontCare'] 0 9.81 201.33 302.24 362.08
['DontCare'] 0 683.2 175.57 706.41 202.24
['DontCare'] 0 629.78 168.24 647.36 191.59
['Car'] 0 1.2667055130004883 199.73123168945312 329.6700744628906 370.0259704589844
