['Car'] 0.8972356866196886 69.26 200.28 435.08 374.0 99.73015594482422 201.1171417236328 433.95465087890625 371.7196960449219
['Car'] 0.8607834246915587 0.0 209.2 198.59 374.0 1.623936653137207 215.88958740234375 182.67066955566406 371.4925231933594
['Car'] 0.7533986252141492 530.03 187.79 573.1 226.09 536.3029174804688 188.99639892578125 571.9878540039062 223.8231964111328
['Car'] 0.5342674880967769 637.45 180.34 714.44 212.34 640.5697021484375 182.3097686767578 685.7807006835938 214.0552978515625
['Car'] 0.7258054984480553 657.37 184.48 763.34 221.64 668.6848754882812 185.09115600585938 768.7633056640625 227.93922424316406
['Cyclist'] 0 1210.28 199.77 1241.0 374.0
['Van'] 0 478.18 187.68 549.54 249.43
['Car'] 0 547.61 171.12 584.05 212.41
['Car'] 0 667.74 182.35 790.82 230.38
['Van'] 0 572.52 175.02 596.26 199.95
['Van'] 0 380.78 167.69 523.29 288.56
['Cyclist'] 0 958.95 167.55 1036.88 254.43
['DontCare'] 0 518.716552734375 189.76327514648438 551.7523193359375 243.67445373535156
['Car'] 0 394.3843994140625 171.44041442871094 523.1423950195312 281.4903259277344
['Car'] 0 907.0821533203125 212.18167114257812 1025.35302734375 298.6401062011719
['DontCare'] 0 807.6800537109375 216.56492614746094 907.5598754882812 292.9895935058594
