['Car'] 0.9553831012357528 302.47 188.9 409.18 250.55 302.0892028808594 189.10116577148438 405.6725769042969 250.89529418945312
['Car'] 0.9237125079888838 895.35 158.55 1241.0 374.0 902.9390258789062 159.47669982910156 1230.4075927734375 369.5400390625
['Car'] 0.8403524677335645 592.08 176.5 637.55 219.52 589.080322265625 174.82061767578125 635.9588623046875 217.84593200683594
['Car'] 0.7592280311711064 682.53 173.56 796.81 220.86 684.0375366210938 173.8180389404297 772.7098388671875 221.8604736328125
['Car'] 0.5839688292046556 749.97 177.62 940.82 262.93 758.1453247070312 175.6211700439453 877.2139892578125 258.63897705078125
['Car'] 0.4124760439477456 817.68 176.9 1038.04 302.31 823.0946655273438 180.3601531982422 931.3662719726562 285.64093017578125
['Car'] 0 489.07 180.53 521.27 201.03
['Car'] 0 659.69 174.94 745.56 209.34
['Van'] 0 640.44 167.63 707.44 198.61
['Car'] 0 434.34 175.49 472.4 199.91
['Car'] 0 456.14 177.0 487.16 197.96
['Car'] 0 412.71 177.61 437.08 195.86
['DontCare'] 0 530.4 163.56 584.61 188.6
