['Pedestrian'] 0.9183093178346725 752.95 164.08 791.19 288.78 752.2384643554688 167.50852966308594 792.0137939453125 286.4054260253906
['Pedestrian'] 0.7988074682638862 189.46 158.23 256.19 356.44 189.2069091796875 161.19186401367188 245.65025329589844 349.901123046875
['Pedestrian'] 0.7856757200312483 237.23 173.7 312.33 365.33 236.15103149414062 175.1741943359375 299.0756530761719 360.5408630371094
['Cyclist'] 0 444.66 170.48 485.7 241.86
['Cyclist'] 0 494.34 168.08 517.01 223.73
['Pedestrian'] 0 546.73 177.07 560.52 214.88
['Pedestrian'] 0 535.68 174.41 549.63 214.38
['DontCare'] 0 596.02 166.69 615.85 203.19
['DontCare'] 0 42.28124237060547 231.02163696289062 121.13796997070312 373.5261535644531
['DontCare'] 0 1169.5474853515625 218.88003540039062 1241.1680908203125 315.83233642578125
