['Car'] 0.9235659768272066 234.86 185.44 320.32 231.58 233.33990478515625 184.8566436767578 318.4461975097656 230.3108367919922
['Car'] 0.899148964344609 425.44 176.21 529.23 259.84 421.4364013671875 176.112060546875 526.3392944335938 256.516845703125
['Car'] 0.6791280430519253 587.01 173.33 614.12 200.12 582.8131713867188 171.97117614746094 612.95263671875 195.89356994628906
['Cyclist'] 0 665.45 160.0 717.93 217.99
['Pedestrian'] 0 423.17 173.67 433.17 224.03
['DontCare'] 0 140.81 178.15 165.85 222.98
['DontCare'] 0 22.06 187.52 36.69 215.69
['DontCare'] 0 342.9 171.9 359.61 196.94
['DontCare'] 0 407.48 182.31 440.86 207.35
['DontCare'] 0 528.31 171.9 571.06 190.69
['DontCare'] 0 650.19 175.02 668.98 210.48
