['Car'] 0.8698096919065547 753.11 181.68 905.69 276.03 755.2669067382812 182.24444580078125 899.608154296875 268.9952087402344
['Car'] 0.823706738443724 381.05 178.82 444.59 204.89 383.61248779296875 180.4031219482422 441.9052429199219 203.81015014648438
['Pedestrian'] 0 604.67 172.92 676.57 198.0
['Cyclist'] 0 487.49 170.79 502.49 214.82
['Car'] 0 845.2 171.34 912.65 223.94
['Car'] 0 796.34 166.68 866.86 192.88
['Van'] 0 962.32 163.86 1054.59 189.16
['Car'] 0 1167.03 156.35 1241.0 189.43
['Car'] 0 247.07 181.11 303.97 205.52
['Car'] 0 589.85 175.39 611.83 190.44
['Car'] 0 553.71 175.31 579.27 190.67
['DontCare'] 0 713.58 171.72 725.95 181.67
['DontCare'] 0 692.25 170.82 701.15 177.5
['DontCare'] 0 24.15 185.44 132.53 219.86
['DontCare'] 0 636.9459838867188 33.78778076171875 645.5684814453125 62.635562896728516
