['Car'] 0.9175340373338636 917.49 200.55 1241.0 374.0 915.1284790039062 210.95155334472656 1240.7996826171875 371.2708740234375
['Car'] 0.9163322051640411 233.6 178.85 571.83 374.0 246.02828979492188 179.28533935546875 562.37646484375 370.4767150878906
['Car'] 0.8922180825874825 542.82 174.58 674.37 264.4 549.8037109375 177.08734130859375 671.111572265625 263.9925842285156
['Car'] 0.8592412291628932 689.39 166.96 741.38 206.81 690.8841552734375 167.8187255859375 737.4580688476562 206.04135131835938
['Car'] 0.8277422950648523 837.3 176.28 908.39 238.78 841.6932983398438 179.05995178222656 905.90478515625 236.33572387695312
['Car'] 0.7073900832322899 0.0 186.71 305.98 374.0 1.0989512205123901 228.24603271484375 283.8795166015625 371.6024169921875
['Car'] 0 840.53 182.28 894.38 226.67
['DontCare'] 0 807.15 161.0 841.85 190.91
['DontCare'] 0 752.27 164.6 796.06 182.35
['DontCare'] 0 728.75 173.92 756.92 195.09
['Car'] 0 809.3001098632812 168.64602661132812 834.320068359375 191.30178833007812
