['Car'] 0.8503288058922812 0.0 183.47 199.83 341.81 1.0213651657104492 186.70237731933594 183.18289184570312 334.4027404785156
['Car'] 0.7754292287106251 0.0 159.99 335.24 300.09 56.67903518676758 164.05531311035156 327.7808532714844 298.3948059082031
['Car'] 0.33880523786225586 274.55 177.54 461.58 237.25 377.28839111328125 178.79563903808594 457.990478515625 225.67953491210938
['Car'] 0 1073.46 148.45 1241.0 275.34
['Car'] 0 0.0 191.06 78.97 374.0
['Car'] 0 233.91 166.08 440.99 248.04
['Car'] 0 95.14 175.56 371.18 266.66
['Car'] 0 451.55 174.37 549.93 205.09
['Car'] 0 998.35 161.75 1152.66 225.39
['Car'] 0 668.46 174.8 774.0 212.31
['DontCare'] 0 610.6 166.69 623.14 193.81
