['Pedestrian'] 0.754903072217194 1018.58 164.46 1053.46 247.56 1019.0849609375 166.69390869140625 1046.568359375 246.3095245361328
['Pedestrian'] 0.742938229589369 928.52 165.81 958.05 237.15 929.6678466796875 168.6164093017578 952.6629028320312 237.7826385498047
['Cyclist'] 0 35.55 165.78 198.95 335.92
['Van'] 0 419.67 144.71 541.24 233.53
['Cyclist'] 0 638.35 172.65 682.82 227.27
['Person_sitting'] 0 835.87 179.28 887.98 230.53
['Person_sitting'] 0 823.55 182.87 876.21 227.94
['Car'] 0 347.96 180.67 438.56 211.43
['DontCare'] 0 689.77 166.69 716.89 188.61
['DontCare'] 0 217.9 172.94 325.23 220.9
['DontCare'] 0 54.76315689086914 221.58436584472656 173.27484130859375 330.7286682128906
['Car'] 0 83.76118469238281 168.331787109375 156.4331817626953 295.9288024902344
['Pedestrian'] 0 375.50775146484375 181.06898498535156 427.48040771484375 211.20840454101562
