['Car'] 0.8910089296929596 677.68 184.0 746.78 238.59 680.6455688476562 185.92185974121094 748.9353637695312 238.93504333496094
['Car'] 0.8688513091395875 0.0 179.47 272.67 340.49 0.2676440477371216 193.13418579101562 261.7757568359375 342.1956481933594
['Car'] 0.6805570619382184 731.11 171.91 853.44 221.79 734.2457885742188 176.70938110351562 828.4451904296875 223.25518798828125
['Car'] 0.5926923685639763 247.71 186.65 435.61 257.37 304.2548828125 190.96722412109375 426.7330627441406 255.27146911621094
['Car'] 0.57279843744429 0.0 159.41 290.35 307.83 56.12461853027344 167.36264038085938 289.5811462402344 273.09552001953125
['Car'] 0.20819966023323488 111.86 185.74 342.81 272.27 279.4923095703125 194.81179809570312 337.6321716308594 266.3751525878906
['Car'] 0 784.78 177.12 1124.16 374.0
['Car'] 0 0.0 193.2 137.39 374.0
['Car'] 0 302.97 181.41 468.47 247.11
['Car'] 0 335.68 179.85 462.74 241.6
['Car'] 0 338.33 174.43 490.76 230.08
['Cyclist'] 0 394.53 177.75 500.3 219.37
['Car'] 0 436.13 170.1 526.6 212.16
['Car'] 0 573.93 177.54 582.06 198.5
['Car'] 0 684.67 172.21 757.34 204.76
['Car'] 0 633.13 179.03 659.07 198.79
['DontCare'] 0 523.17 180.76 555.66 195.57
['DontCare'] 0 600.97 177.04 609.14 183.48
['DontCare'] 0 541.85 175.02 595.02 188.6
['DontCare'] 0 611.65 169.81 645.02 190.69
['Truck'] 0 0.005095427855849266 263.2158508300781 121.74726104736328 372.4653625488281
