['Car'] 0.9341750439982622 164.61 198.39 347.27 297.74 165.8528289794922 200.94102478027344 346.4886169433594 294.7913513183594
['Car'] 0.8671895807387942 693.31 175.02 802.96 251.28 695.2311401367188 178.85494995117188 797.5785522460938 253.0957489013672
['Car'] 0.8059564179418588 314.77 192.7 428.07 256.06 332.37298583984375 193.61041259765625 425.9277038574219 256.81256103515625
['Car'] 0 412.85 178.76 482.89 230.16
['Car'] 0 450.43 181.8 503.32 219.39
['Car'] 0 636.27 176.17 656.63 193.91
['DontCare'] 0 524.52 182.77 549.47 197.68
['DontCare'] 0 557.86 180.43 583.75 196.34
['DontCare'] 0 596.08 173.76 609.83 184.83
['DontCare'] 0 0.0 211.48 52.12 244.85
['DontCare'] 0 664.77 165.65 711.69 185.48
['DontCare'] 0 761.65 161.48 868.98 186.52
['DontCare'] 0 1217.9 128.15 1240.0 192.78
