['Car'] 0.9351658000230898 0.0 202.35 277.49 374.0 1.6012754440307617 208.5089569091797 273.1965026855469 372.51416015625
['Pedestrian'] 0 919.98 162.0 1241.0 374.0
['Pedestrian'] 0 804.9 153.3 842.23 240.99
['Car'] 0 803.72 157.65 850.32 239.18
['Pedestrian'] 0 472.82 172.55 524.05 220.8
['Car'] 0 646.94 170.2 661.27 205.82
['Pedestrian'] 0 323.88 187.02 345.55 243.9
['DontCare'] 0 556.44 176.06 585.65 187.56
['DontCare'] 0 728.31 165.65 746.06 200.07
['Car'] 0 922.6256103515625 200.4484100341797 1240.76123046875 369.7132263183594
