['Car'] 0.9190468333808112 90.9 178.73 319.71 273.96 97.93445587158203 178.8658447265625 309.5845642089844 273.4825744628906
['Car'] 0.90827510021974 543.46 174.59 665.78 215.62 547.1260375976562 174.49391174316406 661.1480102539062 214.65589904785156
['Pedestrian'] 0.8567317289353956 352.66 168.09 381.95 252.38 354.6963806152344 173.93377685546875 381.7644348144531 252.73536682128906
['Car'] 0.7956677415162117 397.08 178.0 466.98 211.04 405.01593017578125 178.93325805664062 464.4856262207031 209.8328857421875
['Cyclist'] 0 1110.65 160.74 1241.0 288.32
['Van'] 0 828.56 159.72 929.07 201.75
['Car'] 0 695.31 173.11 727.09 195.54
['Car'] 0 563.83 176.77 591.04 195.31
['Car'] 0 520.16 176.81 552.29 195.79
['DontCare'] 0 653.31 173.98 681.48 185.48
['DontCare'] 0 1120.080322265625 207.1488037109375 1233.9522705078125 301.45086669921875
['Truck'] 0 832.8136596679688 160.80067443847656 933.9478149414062 202.544921875
