['Car'] 0.9358507799163636 637.5 172.08 683.95 202.02 636.939453125 171.57611083984375 682.2487182617188 201.99276733398438
['Car'] 0.9340416914800167 340.31 183.86 415.2 224.13 342.73040771484375 183.90084838867188 413.35150146484375 223.78839111328125
['Car'] 0.855936730833612 721.67 170.45 752.7 196.14 722.6011962890625 169.27130126953125 754.692138671875 196.67654418945312
['Car'] 0 487.45 180.67 524.76 205.44
['Tram'] 0 595.89 156.91 659.57 188.25
['DontCare'] 0 295.66 191.52 329.09 204.16
['DontCare'] 0 539.77 177.85 560.71 194.47
['DontCare'] 0 692.0 171.26 713.24 188.01
['DontCare'] 0 790.29 158.14 941.38 171.03
['DontCare'] 0 1033.2 158.25 1238.12 174.18
['DontCare'] 0 194.98 193.77 287.73 221.94
['DontCare'] 0 929.35 158.35 1030.43 177.14
['Car'] 0 1170.1982421875 155.79518127441406 1203.46533203125 177.17904663085938
