['Car'] 0.8996658159465126 812.47 153.8 946.53 204.35 812.0835571289062 157.2884063720703 942.649169921875 204.24769592285156
['Car'] 0.8648546034102805 172.04 196.99 368.69 305.28 177.46751403808594 202.8188934326172 364.3512268066406 301.3682861328125
['Car'] 0.7793681159429517 475.02 186.83 522.05 217.73 483.7260437011719 187.71299743652344 521.8380126953125 217.4306640625
['Car'] 0.6806358877689519 431.93 188.51 493.07 227.55 447.9592590332031 190.18478393554688 491.5585021972656 227.70101928710938
['Car'] 0.638541622810785 315.76 194.22 431.74 261.09 346.1497802734375 197.643310546875 425.97735595703125 259.6802978515625
['Car'] 0.636384825012554 388.79 190.96 463.73 241.62 410.3365478515625 194.65809631347656 461.9244384765625 241.49098205566406
['Car'] 0.40504371349561424 1074.51 138.99 1215.83 176.62 1082.07275390625 142.80130004882812 1148.3143310546875 179.833984375
['Car'] 0 808.37 152.59 897.84 200.21
['Car'] 0 778.81 158.49 875.14 201.26
['Car'] 0 1208.77 127.08 1241.0 174.01
['Car'] 0 1149.25 128.05 1241.0 175.39
['Car'] 0 1107.9 134.41 1241.0 174.34
['Car'] 0 666.77 175.46 714.92 212.61
['DontCare'] 0 608.91 175.31 625.19 189.61
['DontCare'] 0 528.24 182.2 566.2 199.87
['DontCare'] 0 638.28 178.7 661.11 197.62
['DontCare'] 0 747.06 170.85 811.68 194.85
