['Car'] 0.9427642873943709 589.01 187.21 668.42 253.27 588.2548828125 186.881103515625 668.3529052734375 250.42185974121094
['Car'] 0.8968499441467221 185.19 184.44 302.47 240.64 189.9288330078125 184.70884704589844 298.0384216308594 239.3872528076172
['Pedestrian'] 0.8604940190822575 447.05 168.53 472.39 258.42 449.19140625 172.07569885253906 471.9642333984375 258.73944091796875
['Car'] 0.501462113359217 445.2 184.58 542.42 220.39 467.72235107421875 183.78225708007812 522.1480712890625 227.03646850585938
['Cyclist'] 0 888.5 173.04 1019.87 266.61
['Van'] 0 682.68 157.58 763.18 235.92
['Van'] 0 325.53 175.96 390.57 216.45
['Car'] 0 409.03 180.12 515.81 231.99
['Car'] 0 485.8 181.56 556.5 211.93
['Car'] 0 520.4 180.16 572.44 200.74
['Car'] 0 579.15 180.82 622.59 220.52
['Car'] 0 329.94 179.62 388.01 205.99
['DontCare'] 0 555.4 164.6 601.27 188.6
['DontCare'] 0 622.06 164.6 662.73 189.64
['DontCare'] 0 905.5833129882812 204.63595581054688 992.572509765625 263.9503173828125
['DontCare'] 0 683.132080078125 166.48468017578125 761.8233032226562 237.1017608642578
['Pedestrian'] 0 934.6325073242188 177.76625061035156 978.0195922851562 259.9841613769531
