['Car'] 0.9458442255851314 51.28 170.11 365.03 305.68 46.700565338134766 173.385498046875 360.346923828125 305.4067687988281
['Car'] 0.8291069859719646 551.51 176.39 580.12 200.97 549.3806762695312 177.2910919189453 580.0614013671875 202.98301696777344
['Car'] 0.08323606623398899 696.86 146.63 803.18 241.39 733.181884765625 19.697494506835938 1012.5896606445312 292.58685302734375
['Misc'] 0 884.54 170.7 1241.0 374.0
['Van'] 0 732.79 35.16 1006.95 309.56
['Car'] 0 682.05 167.43 741.3 220.29
['Car'] 0 662.5 169.09 696.78 200.09
['Car'] 0 589.23 172.87 618.3 193.97
['DontCare'] 0 889.19140625 190.635986328125 1240.158203125 370.64923095703125
['Truck'] 0 831.1822509765625 119.59583282470703 1020.1468505859375 231.1947021484375
