['Car'] 0.9232895307344243 460.43 182.2 513.98 216.49 460.8755187988281 182.40887451171875 512.2772216796875 215.39166259765625
['Car'] 0.9132786415328303 337.79 183.39 418.84 211.07 337.1315002441406 183.1690673828125 415.8381042480469 210.05076599121094
['Car'] 0.8808899174543414 0.0 195.79 206.03 374.0 0.9424604773521423 203.77069091796875 192.28074645996094 372.8078918457031
['Pedestrian'] 0 889.45 189.86 1241.0 374.0
['Car'] 0 678.54 170.07 697.55 211.49
['Car'] 0 534.31 177.09 600.27 199.68
['Car'] 0 101.63 181.63 205.96 234.79
['Car'] 0 641.22 174.76 710.64 195.97
['Truck'] 0 511.4 155.13 597.79 199.79
['DontCare'] 0 431.44 182.31 440.86 201.1
['Car'] 0 894.8006591796875 210.57330322265625 1240.9281005859375 370.79608154296875
