['Car'] 0.8483596482580795 367.12 194.76 448.12 247.49 371.3895263671875 192.74996948242188 448.9627685546875 244.16748046875
['Car'] 0.7530798876445587 464.11 181.39 511.04 218.54 468.861328125 179.71896362304688 508.4188232421875 215.8395233154297
['Car'] 0.6527343503013346 417.0 191.29 481.28 231.62 433.51953125 190.14743041992188 480.0990295410156 228.36415100097656
['Car'] 0 662.42 175.11 723.54 221.0
['Car'] 0 484.19 181.83 522.63 210.66
['Van'] 0 1056.26 131.32 1168.98 181.52
['Car'] 0 0.0 208.77 101.67 248.9
['Car'] 0 36.81 203.44 157.31 247.33
['DontCare'] 0 566.37 176.17 584.57 189.64
['DontCare'] 0 627.38 174.4 644.32 189.29
['DontCare'] 0 598.29 174.29 608.77 184.14
['DontCare'] 0 536.44 180.78 552.94 195.73
['DontCare'] 0 1188.7 140.65 1239.97 179.23
['DontCare'] 0 718.94 156.27 820.02 176.1
['DontCare'] 0 860.6 159.4 886.68 179.23
