['Car'] 0.9221138558423249 45.07 196.83 447.49 374.0 48.95873260498047 201.6170196533203 436.46697998046875 371.2746276855469
['Car'] 0.9114163587414962 751.85 155.9 1136.5 374.0 753.609130859375 153.49407958984375 1111.0242919921875 372.0196228027344
['Car'] 0.7907758419476999 453.56 185.34 532.94 243.89 464.6001892089844 186.2651824951172 533.2462158203125 240.23602294921875
['Car'] 0.609401248069478 662.72 183.71 773.72 256.63 665.394287109375 186.93116760253906 741.224853515625 251.97837829589844
['Misc'] 0 711.29 186.05 878.68 307.07
['Car'] 0 415.23 209.18 501.04 265.89
['Car'] 0 533.48 179.04 563.54 204.53
['Car'] 0 628.63 176.51 657.81 200.82
['DontCare'] 0 585.83 174.68 594.59 182.12
['DontCare'] 0 605.17 173.05 621.69 188.34
['DontCare'] 0 558.52 171.9 585.64 197.98
['Car'] 0 713.8063354492188 187.833984375 795.125 291.3802185058594
