['Car'] 0.9347701565076864 0.0 182.47 245.23 293.47 -0.03517033904790878 184.17025756835938 240.8670654296875 289.8236083984375
['Car'] 0.8864262925665981 430.72 185.6 502.46 234.14 432.7275390625 188.13632202148438 501.2481689453125 235.21731567382812
['Car'] 0.858367259656188 264.17 190.75 441.26 295.28 266.21771240234375 195.04568481445312 437.4333801269531 287.8492431640625
['Misc'] 0 577.33 178.49 611.19 209.37
['Car'] 0 184.44 232.27 342.92 328.92
['Car'] 0 264.99 191.54 369.63 239.95
['Car'] 0 381.56 180.8 439.65 220.0
['Car'] 0 473.84 183.14 521.92 216.46
['Car'] 0 506.71 185.28 540.44 209.67
['Misc'] 0 530.95 170.48 556.47 198.95
['Van'] 0 247.95 172.1 340.71 225.17
['Car'] 0 575.9738159179688 181.5499267578125 611.284912109375 211.84254455566406
