['Car'] 0.8957344451077933 805.19 175.71 1241.0 374.0 807.5869750976562 187.3015594482422 1230.1480712890625 370.48565673828125
['Car'] 0.8393677867656903 660.38 181.78 785.64 262.88 664.3472290039062 181.31988525390625 778.011962890625 257.1832275390625
['Car'] 0.8087380959374688 315.1 192.02 414.65 257.48 321.17022705078125 190.85977172851562 409.1997375488281 252.8266143798828
['Car'] 0.7751814186510754 560.14 180.73 607.61 214.73 558.4841918945312 177.37559509277344 604.76953125 212.37034606933594
['Cyclist'] 0 1112.43 127.41 1241.0 374.0
['Car'] 0 413.01 176.77 447.42 249.44
['Car'] 0 609.11 170.02 691.23 231.7
['Car'] 0 414.3 184.11 450.76 211.85
['Car'] 0 537.0 179.7 570.04 205.31
['Pedestrian'] 0 406.54 173.86 417.9 201.26
['Pedestrian'] 0 400.89 178.17 408.61 205.64
['Cyclist'] 0 447.84 175.46 479.23 238.41
['DontCare'] 0 492.9 175.02 520.02 194.85
['DontCare'] 0 1106.5037841796875 208.98948669433594 1241.7633056640625 309.195556640625
