['Car'] 0.902953911269259 586.42 199.76 662.87 266.02 585.6279296875 201.3117218017578 663.2728881835938 261.9979553222656
['Car'] 0.8166325998222259 78.22 195.25 239.59 268.19 98.3903579711914 195.722412109375 236.86781311035156 265.1346740722656
['Pedestrian'] 0.7606442941557531 389.42 179.08 424.76 303.37 394.5797424316406 184.46336364746094 423.0535583496094 301.8013610839844
['Car'] 0.5074087908064417 394.24 197.69 512.54 247.36 434.4168395996094 197.51559448242188 498.51043701171875 253.3972930908203
['Car'] 0.4474941770847415 677.08 196.47 732.16 236.22 679.5613403320312 194.1658935546875 706.66748046875 233.6462860107422
['Cyclist'] 0 1005.81 190.32 1206.35 331.1
['Van'] 0 700.62 162.16 807.39 261.63
['Van'] 0 258.72 187.25 349.36 238.52
['Car'] 0 370.32 190.97 497.81 255.7
['Car'] 0 425.76 196.25 535.81 239.43
['Car'] 0 477.24 194.55 553.19 229.87
['Car'] 0 513.87 192.2 570.87 215.15
['Car'] 0 583.5 192.47 625.83 232.63
['Car'] 0 299.69 190.81 366.89 221.46
['DontCare'] 0 553.31 181.27 587.73 200.06
['DontCare'] 0 624.15 180.23 687.73 202.15
['DontCare'] 0 1066.4969482421875 192.6293487548828 1141.2103271484375 322.1853942871094
['Pedestrian'] 0 1030.67919921875 235.70555114746094 1158.266845703125 322.8774108886719
