['Car'] 0.8940220944781535 286.19 186.56 418.07 282.76 288.9042053222656 192.40634155273438 416.83746337890625 284.6564636230469
['Cyclist'] 0 814.65 137.35 905.29 302.14
['Car'] 0 549.11 176.81 564.82 189.96
['DontCare'] 0 223.49 187.9 284.71 214.12
['DontCare'] 0 469.71 169.3 523.76 183.76
['DontCare'] 0 684.56 164.6 696.06 191.72
['DontCare'] 0 655.4 168.77 670.02 186.52
['DontCare'] 0 627.27 170.85 645.02 178.18
['Pedestrian'] 0 829.8370971679688 145.1798858642578 885.7803955078125 268.4263610839844
['DontCare'] 0 833.2850341796875 204.1438751220703 885.156005859375 299.1984558105469
