['Car'] 0.870503532552299 444.17 173.3 522.3 205.63 443.2106018066406 170.6962432861328 520.4400024414062 204.76939392089844
['Car'] 0.8698944813486046 581.13 173.89 633.85 198.94 579.8521728515625 172.87940979003906 631.9725952148438 197.91189575195312
['Van'] 0 219.58 178.89 342.65 219.2
['Pedestrian'] 0 421.45 165.38 501.45 200.66
['Car'] 0 868.33 164.92 890.59 235.81
['DontCare'] 0 663.04 170.45 735.28 187.34
['DontCare'] 0 781.57 171.18 815.27 186.93
['DontCare'] 0 837.67 170.18 851.44 181.96
['DontCare'] 0 918.93 164.7 1215.06 179.99
['DontCare'] 0 0.0 168.77 114.63 228.19
['Pedestrian'] 0 867.35791015625 166.58229064941406 890.174560546875 230.60195922851562
