['Car'] 0.9205768042778227 308.97 191.73 421.45 262.34 311.8032531738281 194.56149291992188 421.292236328125 261.3391418457031
['Car'] 0.8919336841805175 480.13 185.09 516.5 211.9 481.024169921875 184.2512664794922 516.4747314453125 210.37103271484375
['Car'] 0.8713485086820482 780.3 176.52 1097.76 355.48 783.0919189453125 182.31613159179688 1081.343505859375 348.2955017089844
['Car'] 0.8555410127371609 719.32 175.38 828.14 260.07 721.2786254882812 179.4598388671875 821.0603637695312 261.9300231933594
['Car'] 0 1046.65 171.03 1241.0 374.0
['Car'] 0 640.93 173.41 673.66 199.38
['Car'] 0 496.35 183.66 529.14 206.26
['DontCare'] 0 563.54 167.1 613.41 189.63
['DontCare'] 0 622.34 172.56 634.37 184.59
['DontCare'] 0 543.18 179.05 563.02 190.05
['DontCare'] 0 668.94 166.69 695.02 179.23
['DontCare'] 0 777.27 159.4 811.69 180.28
