['Car'] 0.8858593540361402 382.8 183.82 426.35 208.22 384.33270263671875 183.88327026367188 423.90399169921875 207.67152404785156
['Car'] 0.8256542925310033 152.24 186.83 248.19 230.88 154.82994079589844 186.68057250976562 236.38458251953125 229.74319458007812
['Car'] 0.8041087903059999 190.15 187.39 288.84 234.38 191.2179412841797 190.8830108642578 282.79803466796875 231.6015625
['Pedestrian'] 0 715.72 177.57 727.18 210.3
['Misc'] 0 57.04 188.23 127.7 229.15
['DontCare'] 0 663.73 175.02 678.36 197.98
['DontCare'] 0 733.52 175.02 850.23 194.85
['DontCare'] 0 809.56 187.52 971.06 237.56
['DontCare'] 0 690.81 178.15 705.43 201.11
['DontCare'] 0 586.65 178.15 609.61 188.61
