['Car'] 0.9432279671639843 685.75 164.92 739.44 208.12 684.46044921875 164.81874084472656 738.3516845703125 208.6505584716797
['Car'] 0.7638550243083283 0.0 189.0 193.29 336.93 1.2873926162719727 204.85986328125 190.5657196044922 320.2518615722656
['Car'] 0.11517356385058457 224.94 186.16 335.61 238.74 223.2088165283203 160.27391052246094 533.3355712890625 323.18792724609375
['Van'] 0 223.31 151.44 541.07 329.33
['Car'] 0 429.91 181.14 493.11 211.5
['Tram'] 0 597.02 156.69 664.13 188.63
['DontCare'] 0 793.87 157.63 996.84 174.64
['DontCare'] 0 1035.7 157.89 1240.0 176.84
['DontCare'] 0 522.06 173.98 562.73 195.9
['Car'] 0 1170.020751953125 155.81985473632812 1203.78759765625 177.1613006591797
['Car'] 0 1137.3673095703125 157.2531280517578 1172.62451171875 179.34434509277344
