['Car'] 0.9455585609373112 820.04 172.8 1241.0 374.0 825.6071166992188 177.85885620117188 1241.8734130859375 371.03900146484375
['Cyclist'] 0 0.0 190.37 304.26 374.0
['Cyclist'] 0 438.62 169.53 483.92 251.52
['Car'] 0 476.79 173.45 512.34 248.46
['Cyclist'] 0 398.78 183.47 483.03 233.35
['Car'] 0 519.22 173.38 539.59 215.15
['Car'] 0 499.07 180.78 543.49 206.27
['Car'] 0 640.08 176.33 671.39 202.04
['DontCare'] 0 617.38 170.11 636.09 184.61
['DontCare'] 0 702.27 163.56 718.98 208.39
['DontCare'] 0 678.31 167.73 697.1 187.56
['Car'] 0 0.6707639098167419 192.91934204101562 298.4840393066406 366.9625244140625
['Car'] 0 409.73345947265625 184.8720245361328 474.23760986328125 233.0535430908203
