['Car'] 0.7867252170293207 412.32 186.04 460.72 217.29 413.6368103027344 185.46881103515625 459.64117431640625 212.3547821044922
['Van'] 0 268.57 183.17 378.41 242.82
['Van'] 0 914.75 26.65 1241.0 374.0
['Car'] 0 458.94 183.36 488.76 206.38
['Truck'] 0 485.5 163.18 521.91 200.18
['Car'] 0 602.0 180.61 620.19 194.57
['DontCare'] 0 535.37 176.78 553.47 194.88
['DontCare'] 0 571.33 181.36 581.34 190.58
['DontCare'] 0 557.48 183.35 566.9 189.64
['Truck'] 0 933.752685546875 41.0239143371582 1240.10009765625 372.4795227050781
