['Car'] 0.9429547185552325 0.0 167.79 187.8 263.06 -0.3041389286518097 168.15328979492188 180.44277954101562 261.80029296875
['Car'] 0.922674752165918 971.99 174.01 1241.0 374.0 982.3037109375 176.53256225585938 1240.7738037109375 368.5828857421875
['Car'] 0.8903906082134031 563.62 170.71 670.02 271.31 560.4598999023438 169.0343017578125 665.4583740234375 268.5367431640625
['Car'] 0.824756952322582 800.46 156.91 1088.76 308.56 815.0294799804688 157.0752410888672 1066.1051025390625 300.693115234375
['Car'] 0.3110755426766287 775.67 173.75 964.49 264.73 774.2525024414062 174.8887939453125 842.1707763671875 255.78392028808594
['Van'] 0 526.76 167.76 554.82 190.65
['Pedestrian'] 0 721.57 165.93 740.91 214.2
['Pedestrian'] 0 961.08 161.42 972.53 206.36
['Pedestrian'] 0 946.42 167.85 952.49 199.76
['DontCare'] 0 476.77 174.1 494.75 191.61
