['Car'] 0.9571419202387133 498.91 169.77 576.76 230.99 499.4969787597656 168.94442749023438 577.7294311523438 231.6537628173828
['Car'] 0.9453504054275075 598.73 177.45 678.68 248.0 597.8992309570312 178.14480590820312 679.3048095703125 250.03460693359375
['Car'] 0.8206440253947034 1190.53 133.24 1241.0 204.3 1196.34326171875 135.25506591796875 1241.801513671875 202.1465301513672
['Car'] 0.7940356045010184 1070.7 135.74 1238.26 198.38 1070.7950439453125 135.8114471435547 1204.4501953125 198.6480255126953
['Car'] 0 620.2 169.23 672.92 218.51
['DontCare'] 0 38.19 192.07 92.56 221.46
['DontCare'] 0 115.66 191.0 241.31 207.99
['DontCare'] 0 416.43 175.68 448.38 190.64
['DontCare'] 0 718.94 165.64 763.29 178.71
['DontCare'] 0 989.43 150.44 1072.59 180.24
['DontCare'] 0 226.23 181.27 327.31 201.1
['Car'] 0 991.2632446289062 149.52244567871094 1079.8865966796875 181.24258422851562
