['Car'] 0.9185077676782651 402.92 179.66 568.4 291.67 404.9364318847656 183.9669952392578 563.4584350585938 292.0022277832031
['Car'] 0.8908603776951142 888.74 210.34 1241.0 374.0 886.042236328125 224.03750610351562 1240.943115234375 370.86114501953125
['Car'] 0.8716655954067886 588.91 171.04 641.74 213.53 586.6402587890625 171.04832458496094 637.6843872070312 212.86111450195312
['Car'] 0.8458813521064745 745.68 179.53 820.53 247.21 749.14013671875 181.48989868164062 818.0623168945312 243.6630096435547
['Cyclist'] 0 673.44 171.49 682.73 199.83
['Car'] 0 743.92 183.72 801.08 230.9
['DontCare'] 0 706.85 170.02 729.18 193.19
['DontCare'] 0 651.94 167.34 667.98 185.91
['DontCare'] 0 0.0 165.65 451.08 373.0
['DontCare'] 0 621.02 179.19 656.48 204.23
['Car'] 0 1.3098527193069458 190.80982971191406 396.8241882324219 369.9687805175781
