['Car'] 0.8253770990059897 723.32 167.34 974.03 337.08 727.8965454101562 175.5109100341797 961.3742065429688 325.9507751464844
['Car'] 0.7819226889225631 50.9 177.39 336.6 337.59 90.23348999023438 177.673095703125 330.838134765625 326.41473388671875
['Car'] 0.7507519766501511 0.0 203.67 150.67 374.0 0.7702924013137817 220.2946014404297 127.64374542236328 372.1546936035156
['Car'] 0.7097763659513364 346.34 185.91 427.94 241.3 368.0434875488281 185.13525390625 428.56353759765625 240.42857360839844
['Car'] 0.6143517176871004 661.72 174.72 802.4 268.54 667.0777587890625 179.8899383544922 764.5924682617188 263.0423278808594
['Van'] 0 557.0 165.68 589.53 201.27
['Cyclist'] 0 569.46 168.2 619.33 269.26
['Van'] 0 1016.8 196.06 1241.0 374.0
['Pedestrian'] 0 265.91 190.56 396.89 272.86
['Car'] 0 1055.62 149.77 1189.03 312.99
['Car'] 0 634.11 180.06 712.16 237.37
['DontCare'] 0 417.74 158.22 508.52 201.23
['DontCare'] 0 501.23 171.9 541.9 207.36
['DontCare'] 0 538.73 167.73 553.36 179.23
['Car'] 0 318.8476867675781 193.28126525878906 395.7979431152344 268.7919921875
['Pedestrian'] 0 1090.5455322265625 156.9990692138672 1165.015380859375 306.92449951171875
['Pedestrian'] 0 575.8930053710938 175.5198516845703 608.9116821289062 257.22320556640625
