['Pedestrian'] 0.8354787653434469 380.67 162.31 423.33 242.96 381.6955261230469 167.1084747314453 419.8415222167969 243.55438232421875
['Pedestrian'] 0.8114475617389555 326.44 157.17 361.44 247.48 330.05389404296875 161.65638732910156 361.9685363769531 244.5082550048828
['Pedestrian'] 0.7677541568322065 217.91 154.91 249.24 236.87 223.59317016601562 156.36781311035156 250.12208557128906 235.3215789794922
['Pedestrian'] 0.6632445884926347 615.06 156.57 671.39 282.46 631.65185546875 158.51341247558594 672.177490234375 278.4476318359375
['Pedestrian'] 0.4571851680615206 998.33 165.03 1082.33 317.09 1037.51953125 165.41270446777344 1081.0771484375 299.4798278808594
['Car'] 0.2813607711301536 952.67 181.88 1068.65 234.44 983.6290893554688 156.59368896484375 1072.227783203125 317.4904479980469
['Car'] 0 1095.73 185.07 1223.0 236.45
['Car'] 0 1032.09 183.82 1157.47 232.59
['Car'] 0 602.54 172.46 636.73 202.78
['Pedestrian'] 0 975.02 151.12 1056.35 326.19
['Pedestrian'] 0 265.34 155.9 301.58 225.86
['Pedestrian'] 0 319.85 156.41 339.52 225.13
['Pedestrian'] 0 322.27 158.82 363.51 230.5
['Pedestrian'] 0 261.73 156.23 291.06 236.27
['Pedestrian'] 0 296.19 163.29 323.19 235.07
['Pedestrian'] 0 289.52 159.11 315.52 231.68
['DontCare'] 0 526.71 166.51 564.77 189.15
['Pedestrian'] 0 1065.2470703125 186.826904296875 1153.587890625 225.12594604492188
