['Car'] 0.9593323084800132 857.3 168.18 1241.0 374.0 856.8497314453125 173.30712890625 1240.971435546875 370.9941711425781
['Car'] 0.8835988914360042 696.19 180.26 823.18 269.09 696.9749145507812 183.51943969726562 817.2756958007812 266.3739013671875
['Car'] 0.825372698274022 0.0 216.79 343.77 374.0 0.47545409202575684 230.9429168701172 320.2044982910156 370.4563903808594
['Car'] 0.7889057112962449 654.76 179.09 702.07 218.44 654.3361206054688 179.0775909423828 693.7651977539062 217.07864379882812
['Car'] 0.7813105924523052 677.63 177.48 758.35 243.09 677.3131103515625 179.69476318359375 747.2374267578125 239.35250854492188
['Pedestrian'] 0.14064526421183793 1002.17 138.79 1059.84 332.39 992.1727905273438 146.13401794433594 1043.771484375 185.20045471191406
['Car'] 0 597.58 178.35 622.71 202.25
['Car'] 0 1148.25 184.48 1241.0 374.0
['Car'] 0 308.63 190.71 402.65 224.79
['Car'] 0 182.02 194.6 288.29 230.25
['Car'] 0 63.31 200.09 156.03 234.9
['Car'] 0 641.11 178.79 669.76 202.45
['DontCare'] 0 488.45 183.06 530.96 205.9
