['Car'] 0.8184114326087953 759.88 184.24 1074.29 363.67 765.4458618164062 187.32980346679688 1059.2047119140625 344.5007019042969
['Car'] 0.7785845206815095 717.69 179.18 842.81 268.58 715.4010620117188 183.54922485351562 823.8031616210938 270.5031433105469
['Car'] 0.7772713210513649 129.16 202.22 390.23 369.87 157.00010681152344 202.72848510742188 385.3963623046875 351.67974853515625
['Car'] 0.7273660782244191 0.0 234.92 248.08 374.0 0.9892877340316772 260.1156921386719 225.2685546875 372.01318359375
['Car'] 0.6770956060080486 323.37 195.32 472.21 289.27 361.6765441894531 194.5117950439453 470.84832763671875 282.5945739746094
['Car'] 0.5028799422506726 920.6 210.35 1241.0 374.0 947.686279296875 282.384033203125 1241.3580322265625 372.33526611328125
['Car'] 0 963.96 148.16 1139.34 222.68
['Car'] 0 641.09 178.2 688.13 211.16
['Car'] 0 589.11 181.99 626.5 203.04
['Car'] 0 551.73 179.13 593.5 197.2
['Cyclist'] 0 493.01 178.51 508.24 201.36
