['Pedestrian'] 0.8129573509105255 120.44 158.83 163.77 272.88 123.31805419921875 164.3535919189453 160.8341064453125 271.4400634765625
['Car'] 0 563.33 174.3 581.0 190.2
['Truck'] 0 593.18 161.19 620.73 191.02
['Tram'] 0 0.0 63.46 274.32 300.06
['Tram'] 0 157.95 114.72 411.87 246.64
['DontCare'] 0 473.3 179.56 490.77 189.78
['DontCare'] 0 502.79 177.36 513.2 182.2
['DontCare'] 0 531.15 175.89 538.31 181.35
['DontCare'] 0 551.52 173.83 559.13 180.21
['Truck'] 0 2.8699326515197754 50.33880615234375 394.2221374511719 325.55743408203125
