['Car'] 0.9273200862055144 659.74 174.77 737.6 237.05 660.1181030273438 176.16879272460938 735.3588256835938 235.93280029296875
['Car'] 0.8407221329606165 888.59 220.02 1241.0 374.0 891.538818359375 241.34759521484375 1241.4783935546875 372.0447692871094
['Car'] 0 248.74 184.15 423.42 251.5
['Car'] 0 276.87 183.57 461.62 243.88
['Car'] 0 388.39 173.86 510.32 224.45
['Car'] 0 646.35 182.83 689.23 218.42
['Pedestrian'] 0 101.8 169.11 126.46 245.41
['Misc'] 0 227.39 214.96 365.43 293.31
['Misc'] 0 163.18 208.47 284.69 326.88
['Misc'] 0 275.3 197.29 393.93 271.34
['Misc'] 0 317.74 199.32 412.97 264.34
['Misc'] 0 66.1 193.49 205.63 325.18
['Misc'] 0 782.26 214.33 1002.03 353.51
['DontCare'] 0 510.4 176.61 567.73 198.3
['DontCare'] 0 568.96 172.82 604.78 185.58
['DontCare'] 0 618.34 179.04 646.41 200.73
['DontCare'] 0 793.1053466796875 199.3609161376953 998.4790649414062 328.87567138671875
