['Car'] 0.8954853955608612 539.26 185.06 579.06 213.17 538.1028442382812 186.1512451171875 577.4976806640625 213.0816192626953
['Car'] 0.8021930806425602 0.0 193.76 184.23 374.0 0.9618067145347595 208.91558837890625 164.63182067871094 371.66571044921875
['Car'] 0.6978769925997158 91.61 203.27 368.68 352.92 147.97666931152344 210.9701385498047 362.3286437988281 345.9651184082031
['Car'] 0.6324977229344633 286.76 192.46 447.46 287.27 335.2385559082031 195.4244384765625 444.4930114746094 283.6287536621094
['Car'] 0 733.06 174.6 845.31 256.94
['Car'] 0 718.12 188.84 784.15 235.91
['Car'] 0 706.54 184.27 756.48 225.58
['Car'] 0 700.32 184.25 739.59 216.86
['Car'] 0 599.11 183.25 620.52 199.54
['DontCare'] 0 663.81 179.28 676.71 189.04
['DontCare'] 0 621.71 181.92 643.8 190.16
['DontCare'] 0 685.6 185.44 715.85 207.36
