['Car'] 0.8799403987404305 737.47 180.84 934.66 312.44 738.8213500976562 184.2599639892578 931.90576171875 302.52239990234375
['Car'] 0.864409926454551 663.44 177.21 715.75 218.02 664.9588012695312 179.43629455566406 714.3970336914062 216.7620086669922
['Car'] 0.8306577410831303 0.0 203.62 164.2 283.79 1.2147008180618286 207.0955352783203 151.89556884765625 279.6641845703125
['Car'] 0.06992090231090795 721.63 169.13 737.3 212.21 710.7312622070312 180.6596221923828 800.0062255859375 257.8380126953125
['Pedestrian'] 0 598.29 176.75 626.31 203.4
['Car'] 0 708.66 178.01 819.28 262.43
['Car'] 0 643.37 172.79 669.43 198.06
['Car'] 0 405.41 188.44 462.28 223.85
['Car'] 0 436.37 184.23 483.23 217.1
['Car'] 0 466.63 181.27 505.66 207.75
