['Car'] 0.9083749520024568 814.81 185.31 1241.0 374.0 817.5760498046875 197.32542419433594 1239.5390625 370.4436950683594
['Car'] 0.8953381682330986 465.69 182.44 538.49 237.14 467.8046569824219 182.15493774414062 536.7243041992188 234.42764282226562
['Car'] 0.754579715810397 719.32 174.47 919.14 316.36 716.8441162109375 180.63363647460938 894.1870727539062 304.3003234863281
['Car'] 0.7037211514614066 657.35 177.99 722.28 227.74 648.842529296875 177.76541137695312 710.6206665039062 226.2723388671875
['Car'] 0 588.34 175.63 612.67 198.77
['Car'] 0 695.26 171.46 800.62 266.75
['Car'] 0 636.71 177.31 669.73 206.44
['Car'] 0 647.98 176.47 697.05 218.73
['Car'] 0 365.66 182.66 437.48 208.97
['Car'] 0 268.54 182.74 349.53 210.2
['Car'] 0 626.13 176.0 649.43 195.55
['Pedestrian'] 0 793.5 157.13 823.45 244.26
