['Car'] 0.91261937957246 602.22 183.66 675.02 243.48 600.2176513671875 185.12655639648438 674.3536987304688 245.3756103515625
['Car'] 0.905339061558562 364.22 184.46 419.74 217.0 367.88763427734375 184.21473693847656 419.2392883300781 217.51571655273438
['Car'] 0.6712396526362058 584.44 182.86 628.16 223.09 583.3192749023438 183.30870056152344 615.7432250976562 221.95278930664062
['Pedestrian'] 0 998.19 163.15 1034.53 250.28
['Cyclist'] 0 1074.45 174.52 1235.26 220.02
['Van'] 0 760.29 174.03 815.93 217.15
['Pedestrian'] 0 654.36 167.37 696.14 211.51
['Van'] 0 529.11 173.91 541.44 218.47
['Car'] 0 455.65 179.66 484.82 201.86
['DontCare'] 0 486.65 180.23 583.57 208.4
['DontCare'] 0 411.65 183.35 441.9 203.18
['Pedestrian'] 0 1080.0089111328125 176.21383666992188 1234.3450927734375 223.2888641357422
['Car'] 0 997.6175537109375 166.7213897705078 1030.1610107421875 250.13323974609375
