['Car'] 0.8347443319260139 548.63 178.75 597.32 216.26 551.8609619140625 181.16830444335938 598.6655883789062 217.06045532226562
['Pedestrian'] 0.8246899003976594 715.25 177.02 751.8 286.24 716.2273559570312 179.63949584960938 747.4599609375 285.047119140625
['Pedestrian'] 0.7065865104650771 378.43 169.5 421.15 289.56 373.9209289550781 172.23660278320312 413.79608154296875 284.8547668457031
['Pedestrian'] 0.6902416996454994 868.32 162.09 921.35 283.63 867.5623779296875 171.1052703857422 909.132568359375 281.5255432128906
['Pedestrian'] 0.6574357437087986 745.44 168.11 800.45 312.45 740.7320556640625 181.25474548339844 788.4591674804688 313.0142517089844
['Pedestrian'] 0.5573890272327017 299.57 172.07 336.61 287.44 296.1112365722656 174.73898315429688 334.70843505859375 246.45994567871094
['Pedestrian'] 0.4475673775810151 926.3 163.36 971.2 287.13 915.1585083007812 173.38043212890625 953.5745849609375 289.9216003417969
['Pedestrian'] 0.36662465351077606 651.34 167.77 678.87 242.39 644.2965698242188 172.84947204589844 664.9644775390625 244.33346557617188
['Pedestrian'] 0 749.26 175.87 807.14 302.09
['Pedestrian'] 0 694.0 176.56 730.25 274.14
['Pedestrian'] 0 764.02 166.48 817.68 262.28
['Pedestrian'] 0 792.34 165.24 821.68 243.81
['DontCare'] 0 620.06 175.59 636.72 194.33
['DontCare'] 0 687.1762084960938 181.52235412597656 722.7301025390625 272.1421203613281
['DontCare'] 0 0.593645453453064 232.316162109375 51.39402770996094 321.4106750488281
['Pedestrian'] 0 50.79152297973633 219.8922882080078 166.3315887451172 288.94293212890625
['DontCare'] 0 291.23956298828125 244.75558471679688 357.6888122558594 288.071044921875
