['Car'] 0.8611706214836514 15.28 195.66 292.63 334.35 19.669841766357422 198.48390197753906 283.9051513671875 323.8475646972656
['Car'] 0.8547990446502819 455.1 187.4 528.49 233.46 459.4278259277344 188.9862060546875 525.362060546875 232.81039428710938
['Car'] 0.8370865650184925 629.15 179.31 660.52 206.63 627.3580322265625 180.72357177734375 662.4015502929688 207.1622772216797
['Car'] 0.8272733725270935 712.96 168.75 812.82 199.68 708.4916381835938 167.50941467285156 809.7320556640625 202.30374145507812
['Car'] 0.6597486477258464 329.15 193.53 424.56 248.85 341.8808288574219 196.069091796875 422.66693115234375 239.17312622070312
['Car'] 0 708.03 162.27 794.08 198.87
['Van'] 0 903.29 148.98 996.7 182.9
['DontCare'] 0 578.16 178.68 595.79 190.4
['DontCare'] 0 806.44 153.15 907.52 181.32
['DontCare'] 0 658.52 165.65 705.44 187.57
['DontCare'] 0 601.23 175.02 636.69 193.81
['DontCare'] 0 516.85 179.19 560.64 212.56
['Car'] 0 510.85479736328125 185.10777282714844 544.1240844726562 215.4616241455078
