['Car'] 0.921823222360814 696.02 188.46 800.12 261.42 697.0446166992188 190.80661010742188 797.0514526367188 260.8155517578125
['Car'] 0.9179634906825052 370.04 182.11 490.39 266.25 375.25311279296875 184.0054931640625 488.6173400878906 266.5196228027344
['Car'] 0.8765122344767776 154.25 186.36 314.7 264.52 162.28028869628906 188.81546020507812 312.1861877441406 262.14239501953125
['Car'] 0.8523950241612491 0.0 201.49 305.44 375.0 0.496791273355484 217.0888671875 291.0232238769531 372.58001708984375
['Car'] 0.8432641826378808 644.51 180.29 687.19 212.25 645.2146606445312 182.8774871826172 687.577880859375 214.29507446289062
['Car'] 0.7036602008768871 451.19 183.77 523.3 234.35 466.54150390625 184.2710723876953 518.8759765625 233.3109588623047
['Car'] 0.6755187604487203 339.0 187.26 415.9 231.06 339.7161560058594 186.14634704589844 396.0418701171875 228.40762329101562
['Car'] 0 405.21 184.42 456.04 216.26
['Van'] 0 442.01 175.89 478.77 207.22
['Car'] 0 521.37 182.53 551.7 204.87
['Van'] 0 469.98 175.72 505.66 202.07
['Car'] 0 588.45 180.02 613.42 203.45
['Car'] 0 620.97 181.16 636.45 196.72
['DontCare'] 0 545.32 180.71 567.3 195.38
['DontCare'] 0 573.52 180.71 595.5 197.47
