['Car'] 0.9422945291380804 1037.72 151.37 1241.0 374.0 1035.77099609375 157.39031982421875 1240.3604736328125 369.7601318359375
['Car'] 0.8990905226775596 93.73 175.5 264.55 250.0 93.9550552368164 173.97256469726562 250.85960388183594 250.22686767578125
['Car'] 0.458970599199246 699.25 168.37 831.18 228.19 697.0866088867188 169.2210693359375 761.6715087890625 228.18743896484375
['Car'] 0.016519465496181742 655.05 170.15 705.78 193.66 583.7088623046875 169.7852020263672 659.6653442382812 241.98788452148438
['Van'] 0 586.96 172.97 661.42 243.34
['Car'] 0 751.83 141.27 969.7 272.06
['Car'] 0 666.73 168.57 741.3 199.84
['Van'] 0 228.83 119.52 415.61 253.54
['Car'] 0 247.61 178.22 347.71 229.61
['Car'] 0 334.17 181.96 402.07 214.96
['Car'] 0 434.55 175.69 477.08 198.76
['Car'] 0 459.35 170.77 491.17 195.81
['Car'] 0 489.15 172.75 520.27 190.83
['Car'] 0 1061.63 180.61 1205.24 216.89
['Car'] 0 171.0 180.07 250.58 221.98
['DontCare'] 0 528.07 170.82 553.93 186.69
['Truck'] 0 235.1398162841797 116.69721984863281 413.7215576171875 254.63021850585938
