['Car'] 0.8458721534412613 659.29 177.45 766.69 251.02 666.3449096679688 177.2606964111328 762.55224609375 247.080810546875
['Car'] 0.8323874744596574 0.0 198.12 356.05 374.0 1.7829676866531372 223.5211639404297 356.7489013671875 370.9002990722656
['Car'] 0.8037115990644638 510.43 173.32 556.99 214.44 509.81842041015625 177.8556365966797 556.5415649414062 217.9081573486328
['Car'] 0.7691219982692056 634.82 172.77 691.27 215.4 636.3714599609375 176.55401611328125 685.2349243164062 214.4322967529297
['Pedestrian'] 0.4644417534036968 85.17 185.69 416.22 374.0 163.60850524902344 193.42518615722656 407.1224365234375 312.3231506347656
['Pedestrian'] 0 116.32 155.71 176.8 343.38
['Car'] 0 217.68 166.17 252.76 301.7
['Pedestrian'] 0 244.92 171.31 275.35 309.62
['Car'] 0 535.67 178.56 567.07 203.68
['Car'] 0 622.16 170.42 651.22 200.63
['DontCare'] 0 605.4 178.15 631.48 191.73
['Car'] 0 114.37420654296875 166.67257690429688 174.14077758789062 237.8308563232422
