['Car'] 0.8742580716593793 589.09 173.69 649.29 222.7 588.4424438476562 176.18202209472656 649.3950805664062 226.27227783203125
['Car'] 0.8741392800801878 277.41 173.84 415.74 245.98 281.2366943359375 177.1155242919922 412.7239990234375 243.4576416015625
['Car'] 0.8561242807839382 42.54 190.42 309.53 334.07 70.26054382324219 189.3677978515625 302.9938049316406 332.40521240234375
['Pedestrian'] 0.8405348972386405 880.12 177.46 951.12 339.13 883.312744140625 181.83973693847656 945.4531860351562 341.5413513183594
['Car'] 0.8235945596547312 423.22 186.1 547.54 261.21 430.1652526855469 189.12387084960938 539.0557861328125 262.9833679199219
['Car'] 0.7760903479537297 680.79 168.11 755.6 227.63 682.9513549804688 172.50961303710938 749.6259155273438 231.87069702148438
['Car'] 0.45567350629632064 696.96 181.57 821.53 257.73 712.6385498046875 182.4622039794922 770.61181640625 259.260498046875
['Car'] 0.171536453800003 0.0 185.32 125.39 374.0 0.8753259778022766 143.6195526123047 138.44322204589844 226.5576171875
['Van'] 0 482.21 178.1 553.59 237.84
['Car'] 0 406.03 178.47 495.72 218.4
['Car'] 0 891.52 0.0 1241.0 374.0
['Car'] 0 736.14 178.4 950.04 311.52
['Car'] 0 642.92 172.48 678.59 199.68
['Truck'] 0 634.03 137.67 680.15 192.32
['Van'] 0 0.0 135.0 145.67 292.94
['Car'] 0 591.88 171.81 629.99 206.58
['Car'] 0 191.08 174.86 278.16 211.39
['DontCare'] 0 562.06 172.35 581.4 195.04
['Truck'] 0 0.27240052819252014 192.32325744628906 100.04499053955078 372.1654052734375
['Truck'] 0 911.4066772460938 89.65616607666016 1110.2275390625 370.14385986328125
