['Car'] 0.9416124388713296 128.3 193.63 378.71 329.79 131.70907592773438 197.24514770507812 376.3328857421875 328.4877014160156
['Car'] 0.9084700482735367 915.45 193.81 1241.0 374.0 919.1987915039062 204.98167419433594 1240.5916748046875 370.7962646484375
['Car'] 0.8915659345297754 510.96 178.89 551.25 208.88 510.3277282714844 180.28201293945312 549.241455078125 208.9196319580078
['Car'] 0.8375727907161091 782.2 182.73 979.38 304.49 782.9959716796875 184.70550537109375 967.126220703125 293.9161376953125
['Car'] 0.7261874776813017 325.77 186.96 457.33 264.19 352.454345703125 189.53955078125 455.8581237792969 260.8941955566406
['Car'] 0.665828641144279 724.05 177.24 844.27 255.98 727.3427124023438 182.35702514648438 818.1939697265625 251.7321319580078
['Car'] 0.6542399951993975 706.21 176.48 783.27 233.61 705.3705444335938 178.3830108642578 762.6926879882812 229.87722778320312
['Car'] 0.567921280284119 400.88 184.88 498.38 239.16 434.9380798339844 186.94427490234375 494.4796447753906 237.4234619140625
['Car'] 0 697.35 175.2 753.53 219.69
['Car'] 0 685.22 176.43 733.92 212.58
['DontCare'] 0 569.0 171.05 631.33 188.08
['DontCare'] 0 654.35 169.81 683.56 191.73
