['Car'] 0.9200400339774101 773.24 171.55 840.29 215.18 773.6394653320312 170.91810607910156 838.233642578125 213.79885864257812
['Car'] 0.9012778475932205 1006.86 174.37 1093.85 237.63 1006.9725341796875 178.84213256835938 1092.294677734375 236.9714813232422
['Car'] 0.870962866276255 0.0 159.03 494.32 360.76 1.9750593900680542 175.00613403320312 472.9879455566406 359.39959716796875
['Car'] 0.8637481187549212 632.66 179.46 760.83 250.58 641.653564453125 179.6096649169922 757.065185546875 247.83029174804688
['Pedestrian'] 0 1075.07 174.07 1241.0 335.66
['Car'] 0 1035.01 158.14 1064.53 213.88
['Car'] 0 807.41 169.93 857.61 205.23
['DontCare'] 0 596.67 169.28 627.27 188.22
['DontCare'] 0 872.47 167.24 917.54 193.8
['DontCare'] 0 960.04 167.05 1014.05 193.56
['DontCare'] 0 934.35 169.15 954.4 174.56
['DontCare'] 0 1058.5 152.1 1165.83 183.39
['Car'] 0 1073.7779541015625 191.22657775878906 1240.8345947265625 330.25946044921875
['DontCare'] 0 0.6481994986534119 195.41615295410156 61.89088439941406 253.85409545898438
