['Car'] 0.870161332003471 236.28 189.45 408.55 278.63 240.5770263671875 191.79696655273438 405.9018859863281 272.65789794921875
['Car'] 0.8524394408952175 778.02 179.39 1039.21 326.67 781.6716918945312 182.02000427246094 1020.6522216796875 319.23492431640625
['Car'] 0.780268650059695 0.0 219.52 124.24 374.0 1.2977063655853271 227.24655151367188 104.65034484863281 372.14251708984375
['Car'] 0.776883550953429 672.89 174.42 744.46 225.55 674.223388671875 174.26602172851562 735.8191528320312 220.6938934326172
['Car'] 0.7062355746124398 440.52 177.48 499.12 218.69 442.4009704589844 175.79518127441406 513.5204467773438 215.93666076660156
['Car'] 0.6919299701996777 712.17 178.42 848.83 261.79 714.027587890625 178.9517822265625 815.6480712890625 256.52862548828125
['Car'] 0 663.39 174.1 718.81 215.12
['Car'] 0 471.97 178.16 513.17 210.58
['DontCare'] 0 0.0 170.85 212.54 236.52
['DontCare'] 0 711.65 159.4 732.52 185.48
['DontCare'] 0 788.73 158.35 839.81 181.31
