['Car'] 0.9394444952831547 558.01 178.56 614.19 229.78 559.0960083007812 180.46627807617188 614.2562255859375 229.98326110839844
['Car'] 0.9173941583834969 454.19 178.05 534.11 239.42 455.0382385253906 180.15675354003906 531.48291015625 239.8595428466797
['Car'] 0.5143659282503645 0.0 186.03 128.93 327.48 0.5709466934204102 197.14915466308594 83.2441177368164 310.6148376464844
['Car'] 0 31.62 178.32 420.85 375.0
['Car'] 0 263.31 177.47 378.26 244.03
['Car'] 0 394.37 182.41 450.55 216.99
['Car'] 0 230.76 183.77 318.35 225.31
['Car'] 0 499.06 182.23 542.92 215.13
['Car'] 0 525.88 181.92 555.9 204.04
['Car'] 0 360.37 181.18 408.75 209.12
['Car'] 0 0.0 188.19 166.72 258.02
