['Car'] 0.9791098684577999 201.99 187.07 346.47 237.15 203.8077850341797 187.1597137451172 345.54986572265625 237.15951538085938
['Car'] 0.8959578915539884 534.12 174.84 578.89 200.21 533.8432006835938 175.3568572998047 576.9485473632812 199.25608825683594
['Car'] 0.8837165022107254 572.33 178.98 626.23 206.3 571.8837890625 179.3486328125 622.7701416015625 205.35110473632812
['Car'] 0.8503878822061862 432.92 179.45 519.31 217.24 440.86810302734375 180.2769012451172 517.888671875 216.32237243652344
['Pedestrian'] 0.753912595043923 1021.06 153.07 1076.72 293.14 1010.97412109375 161.31898498535156 1073.889404296875 291.28375244140625
['Van'] 0 0.0 169.0 138.7 238.7
['Van'] 0 376.99 181.0 454.66 212.69
['Car'] 0 608.75 173.64 633.95 195.09
['Car'] 0 724.65 176.48 749.8 192.51
['DontCare'] 0 757.17 172.26 781.15 189.42
['DontCare'] 0 791.22 171.27 815.25 193.68
['DontCare'] 0 644.61 171.83 670.19 190.16
['DontCare'] 0 848.73 159.75 1028.06 182.44
['DontCare'] 0 1074.3 163.15 1231.98 179.49
['DontCare'] 0 691.85 175.02 721.06 185.48
['Car'] 0 378.9248046875 179.91998291015625 436.3368225097656 208.38548278808594
