['Car'] 0.8867924173364665 727.81 177.41 893.29 287.55 729.2238159179688 181.1881103515625 888.5825805664062 282.61114501953125
['Car'] 0.8527122412845228 317.05 189.17 432.98 261.68 322.73681640625 191.32508850097656 429.0472412109375 258.75
['Car'] 0.8335516428377322 933.46 184.83 1241.0 374.0 946.0719604492188 207.08433532714844 1240.40185546875 371.84442138671875
['Car'] 0.6966094342595516 396.59 189.0 467.44 240.34 414.6681213378906 189.8423614501953 466.7919616699219 238.45494079589844
['Car'] 0.6551708409268833 695.21 177.9 797.53 249.66 698.1672973632812 179.99388122558594 779.848876953125 238.88819885253906
['Pedestrian'] 0 747.96 159.11 764.14 214.75
['Pedestrian'] 0 760.78 158.74 778.68 214.17
['Car'] 0 687.62 180.27 751.84 228.76
['DontCare'] 0 0.0 189.83 223.79 245.71
['DontCare'] 0 847.06 160.44 911.68 197.98
['Car'] 0 0.25938260555267334 205.45814514160156 67.78755187988281 249.33352661132812
