['Car'] 0.9198853266150072 1033.93 174.11 1241.0 247.25 1041.6414794921875 172.4018096923828 1240.6854248046875 248.96249389648438
['Car'] 0.8645276462432395 650.83 173.9 724.99 222.66 649.4241333007812 171.0610809326172 723.622314453125 225.494384765625
['Car'] 0.8535407604332024 577.31 178.32 625.72 205.5 581.4664916992188 177.4989013671875 625.5850830078125 206.6989288330078
['Car'] 0.8483998397362758 959.99 200.24 1241.0 374.0 964.6712036132812 221.65863037109375 1239.6865234375 372.2899475097656
['Car'] 0.8270911502181466 824.41 174.87 1000.6 245.19 827.2929077148438 177.37136840820312 983.91845703125 248.08273315429688
['Car'] 0.6808111749477465 0.0 235.99 152.78 374.0 -0.15230412781238556 262.32293701171875 130.50396728515625 372.4071960449219
['Car'] 0 535.8 174.25 586.63 195.83
['Cyclist'] 0 465.03 175.99 483.17 211.02
['Car'] 0 618.17 171.81 672.48 194.76
['DontCare'] 0 724.15 165.65 818.98 189.65
['Pedestrian'] 0 467.4962463378906 173.07398986816406 481.7220764160156 210.6471405029297
