['Car'] 0.7937773980578248 267.05 175.3 337.17 211.82 269.2996520996094 176.4126739501953 335.8389587402344 217.94085693359375
['Car'] 0.7593025847408903 848.8 158.06 1003.94 205.86 854.9204711914062 162.84365844726562 990.9317016601562 207.9897918701172
['Cyclist'] 0 0.0 201.39 303.95 369.0
['Car'] 0 991.7 147.34 1029.65 217.32
['Misc'] 0 437.74 172.25 468.83 198.43
['Car'] 0 389.68 169.12 409.59 198.28
['DontCare'] 0 510.58 169.31 528.46 182.38
['Car'] 0 0.950194776058197 227.78016662597656 286.3032531738281 364.8127136230469
['DontCare'] 0 986.4822998046875 41.587120056152344 1015.7484130859375 105.5869369506836
['Car'] 0 436.55120849609375 174.30953979492188 469.9527893066406 201.236083984375
['DontCare'] 0 137.41452026367188 73.82035827636719 164.136962890625 136.1446990966797
