['Car'] 0.9236570355270842 0.0 178.26 179.28 276.98 -0.6098124980926514 180.72898864746094 172.21060180664062 275.9670715332031
['Car'] 0.8986861558509622 564.36 171.88 658.19 260.63 560.9594116210938 174.08436584472656 654.9945678710938 261.7637023925781
['Car'] 0.8984656792844211 966.13 163.57 1241.0 374.0 968.6109008789062 175.4705047607422 1240.198486328125 366.8196716308594
['Car'] 0.7856522168618718 735.72 165.34 945.13 263.03 745.0255737304688 164.3068084716797 921.5137329101562 257.218994140625
['Car'] 0.7564099642270445 811.09 175.89 1047.52 307.15 817.1255493164062 176.9561004638672 1010.8880615234375 298.1058349609375
['Car'] 0.7399657659399995 118.69 170.55 265.64 242.8 148.46461486816406 170.65780639648438 260.9500427246094 240.50079345703125
['Car'] 0 730.02 174.98 879.84 241.37
['Van'] 0 535.0 171.77 558.4 191.04
['Pedestrian'] 0 676.46 170.7 694.83 212.99
['Pedestrian'] 0 52.35 165.72 67.56 236.65
['Pedestrian'] 0 911.7 160.79 921.15 200.25
['Pedestrian'] 0 913.32 165.78 920.24 194.85
['DontCare'] 0 477.27 175.02 503.35 194.85
