['Car'] 0.9026301422116955 172.64 193.99 243.81 223.58 173.7510986328125 193.4198760986328 243.4579315185547 221.77406311035156
['Car'] 0.8838804847299923 15.32 203.53 117.08 234.22 15.857698440551758 202.987060546875 112.12570190429688 235.95811462402344
['Car'] 0 518.59 165.5 740.72 374.0
['Car'] 0 377.23 185.17 418.37 205.13
['Car'] 0 335.17 187.99 374.53 208.15
['Car'] 0 425.6 181.13 464.07 201.12
['DontCare'] 0 264.77 184.4 329.39 208.4
['DontCare'] 0 444.98 176.06 483.56 188.6
['DontCare'] 0 121.02 193.77 157.52 217.77
['DontCare'] 0 523.9909057617188 177.056884765625 734.82421875 370.37384033203125
['Car'] 0 599.3562622070312 -0.07211073487997055 630.8987426757812 31.545734405517578
['DontCare'] 0 732.8173217773438 88.41157531738281 753.00146484375 139.97247314453125
