['Pedestrian'] 0.4808639586632258 678.59 164.06 703.26 234.12 670.8157348632812 167.01092529296875 695.1813354492188 231.6742401123047
['Pedestrian'] 0.4571449829219421 476.02 162.09 502.68 234.17 467.8901672363281 165.5337371826172 492.8768615722656 232.38690185546875
['Pedestrian'] 0.4475405927878226 656.63 167.32 679.63 234.59 650.0046997070312 163.8478546142578 670.9134521484375 231.3690185546875
['DontCare'] 0 577.46 170.19 607.38 191.15
['DontCare'] 0 408.12 166.24 429.98 215.11
['DontCare'] 0 255.41 165.2 339.6 232.77
['DontCare'] 0 622.14 170.4 639.84 199.53
['DontCare'] 0 823.68 174.55 1236.0 372.0
['DontCare'] 0 710.44 168.32 735.41 204.72
['Pedestrian'] 0 963.2373657226562 214.78878784179688 1039.9188232421875 364.1617431640625
