Car 0.7000000000000001 489.26 183.55 519.59 221.06 
Car 0.7000000000000001 749.47 153.22 803.75 197.92 
Car 0.7000000000000001 1084.72 137.25 1141.39 176.36 
Car 0.7000000000000001 604.2 168.38 633.73 198.71 
Car 0.7000000000000001 521.19 179.56 556.31 210.69 
Car 0.7000000000000001 351.17 197.12 421.41 256.18 
Car 0.7000000000000001 166.79 181.15 376.71 304.08 
Car 0.7000000000000001 457.33 189.14 491.65 232.24 
Car 0.7000000000000001 807.74 160.4 938.65 202.7 
Car 0.7000000000000001 420.61 189.93 462.12 240.22 
