Car 0.7000000000000001 475.92 170.76 511.79 216.2 
Car 0.7000000000000001 372.29 189.89 449.61 240.91 
Car 0.7000000000000001 7.18 199.46 41.46 241.71 
Car 0.7000000000000001 39.86 205.04 126.76 235.33 
Van 0.7000000000000001 1140.76 113.36 1228.45 172.35 
Van 0.7000000000000001 1058.65 130.1 1163.88 175.54 
Car 0.7000000000000001 654.49 178.73 724.64 218.59 
Car 0.7000000000000001 536.5 173.95 571.58 198.66 
Car 0.7000000000000001 510.99 175.54 538.1 204.24 
Car 0.7000000000000001 432.07 180.33 482.3 231.35 
