Car 0.7000000000000001 277.74 189.14 332.81 256.98 
Van 0.7000000000000001 79.78 168.38 263.37 252.19 
Car 0.7000000000000001 628.94 174.77 658.48 201.91 
Car 0.7000000000000001 364.74 181.95 473.29 236.23 
Car 0.7000000000000001 327.22 186.74 417.42 252.19 
Car 0.7000000000000001 731.11 173.97 823.7 221.86 
Car 0.7000000000000001 688.01 185.14 752.66 241.82 
Car 0.7000000000000001 788.58 173.17 1127.02 367.93 
Car 0.7000000000000001 0.76 260.97 116.5 374.32 
Car 0.7000000000000001 3.95 196.32 255.39 308.87 
