Car 0.7000000000000001 842.81 174.1 1066.95 306.6 
Car 0.7000000000000001 722.25 180.85 821.32 233.48 
Car 0.7000000000000001 678.91 178.99 765.6 221.71 
Car 0.7000000000000001 592.85 181.47 659.1 241.53 
Car 0.7000000000000001 0.0 185.71 110.17 250.72 
Car 0.7000000000000001 164.35 191.9 303.15 248.66 
Car 0.7000000000000001 287.67 180.55 364.55 231.63 
Car 0.7000000000000001 356.29 186.74 446.07 241.95 
Car 0.7000000000000001 485.52 180.17 530.97 211.27 
Car 0.7000000000000001 556.71 179.79 586.16 198.66 
