Car 0.7000000000000001 312.3 196.14 419.42 258.06 
Car 0.7000000000000001 309.82 192.43 348.21 215.34 
Car 0.7000000000000001 482.57 183.76 516.63 209.15 
Car 0.7000000000000001 500.53 185.0 528.39 205.43 
Car 0.7000000000000001 515.57 177.78 539.63 200.38 
Car 0.7000000000000001 579.31 176.58 615.19 192.34 
Car 0.7000000000000001 638.39 175.27 672.81 198.7 
Car 0.7000000000000001 622.84 174.44 636.11 186.06 
Car 0.7000000000000001 785.28 183.89 1080.4 348.84 
Car 0.7000000000000001 713.06 178.54 820.94 253.43 
