Cyclist 0.7000000000000001 574.95 171.69 612.32 271.07 
Cyclist 0.7000000000000001 512.6 174.4 523.9 206.72 
Car 0.7000000000000001 114.99 177.2 329.0 296.46 
Car 0.7000000000000001 316.4 193.76 395.91 266.65 
Car 0.7000000000000001 368.75 184.5 427.72 238.82 
Car 0.7000000000000001 728.61 176.2 959.89 335.34 
Car 0.7000000000000001 665.64 183.06 778.99 273.51 
Car 0.7000000000000001 645.04 178.48 689.69 241.45 
Car 0.7000000000000001 560.3 163.6 586.64 203.67 
Pedestrian 0.7000000000000001 1091.6 156.73 1168.26 306.71 
Van 0.7000000000000001 408.83 150.93 509.87 205.04 
