Pedestrian 1.0 268.72 162.35 283.15 206.07 
Car 1.0 1110.75 155.13 1142.67 174.54 
Car 1.0 361.3 166.28 429.42 196.57 
Car 1.0 299.61 167.36 359.64 199.27 
Car 1.0 611.69 162.49 664.16 189.0 
Car 1.0 660.37 168.44 700.94 192.24 
Van 1.0 235.24 154.38 299.61 199.81 
Van 1.0 532.18 154.38 597.63 192.24 
Car 1.0 585.19 163.57 620.35 187.91 
Car 1.0 687.42 166.28 725.82 189.0 
Car 1.0 720.95 168.44 771.79 187.37 
Car 1.0 404.0 166.82 450.0 192.2 
Car 1.0 807.66 162.44 843.27 182.27 
Van 1.0 763.49 157.93 817.13 182.72 
