Car 0.0 0 -1 737.01 154.11 785.16 192.63 -1 -1 -1 -1 -1 -1 -1 1.0
Car 0.0 0 -1 0.0 195.73 332.58 375.0 -1 -1 -1 -1 -1 -1 -1 1.0
Car 0.0 0 -1 762.69 171.23 886.8 277.15 -1 -1 -1 -1 -1 -1 -1 1.0
Car 0.0 0 -1 855.77 190.49 1242.0 375.0 -1 -1 -1 -1 -1 -1 -1 1.0
Car 0.0 0 -1 313.32 162.67 486.65 282.5 -1 -1 -1 -1 -1 -1 -1 1.0
Car 0.0 0 -1 469.53 162.67 587.22 247.2 -1 -1 -1 -1 -1 -1 -1 1.0
Car 0.0 0 -1 637.51 172.3 702.77 221.52 -1 -1 -1 -1 -1 -1 -1 1.0
Car 0.0 0 -1 906.06 150.9 973.47 197.98 -1 -1 -1 -1 -1 -1 -1 1.0
Car 0.0 0 -1 700.63 165.88 740.22 202.26 -1 -1 -1 -1 -1 -1 -1 1.0
Car 0.0 0 -1 959.56 150.9 1008.77 192.63 -1 -1 -1 -1 -1 -1 -1 1.0
