Car 0.0 0 -1 69.23 166.31 274.35 271.41 -1 -1 -1 -1 -1 -1 -1 1.0
Car 0.0 0 -1 456.29 173.09 501.5 213.77 -1 -1 -1 -1 -1 -1 -1 1.0
Car 0.0 0 -1 276.04 167.44 374.93 239.2 -1 -1 -1 -1 -1 -1 -1 1.0
Cyclist 0.0 0 -1 758.04 168.57 775.55 189.47 -1 -1 -1 -1 -1 -1 -1 1.0
Cyclist 0.0 0 -1 814.54 162.92 838.84 195.69 -1 -1 -1 -1 -1 -1 -1 1.0
DontCare 0.0 0 -1 687.97 148.22 737.69 197.38 -1 -1 -1 -1 -1 -1 -1 1.0
Car 0.0 0 -1 481.72 175.91 520.71 204.73 -1 -1 -1 -1 -1 -1 -1 1.0
Car 0.0 0 -1 528.62 173.09 562.5 200.2 -1 -1 -1 -1 -1 -1 -1 1.0
Car 0.0 0 -1 400.92 174.22 460.25 226.77 -1 -1 -1 -1 -1 -1 -1 1.0
Car 0.0 0 -1 368.71 179.3 420.7 228.46 -1 -1 -1 -1 -1 -1 -1 1.0
