Car 0.0 0 -1 447.06 180.86 508.05 227.94 -1 -1 -1 -1 -1 -1 -1 1.0
Car 0.0 0 -1 143.2 189.42 342.21 296.41 -1 -1 -1 -1 -1 -1 -1 1.0
Car 0.0 0 -1 589.36 170.16 671.75 254.69 -1 -1 -1 -1 -1 -1 -1 1.0
Car 0.0 0 -1 762.69 165.88 980.96 282.5 -1 -1 -1 -1 -1 -1 -1 1.0
Car 0.0 0 -1 704.91 180.86 791.58 229.01 -1 -1 -1 -1 -1 -1 -1 1.0
Car 0.0 0 -1 65.09 174.44 204.18 242.92 -1 -1 -1 -1 -1 -1 -1 1.0
Car 0.0 0 -1 331.51 176.58 399.98 233.29 -1 -1 -1 -1 -1 -1 -1 1.0
Car 0.0 0 -1 523.02 178.72 562.61 208.68 -1 -1 -1 -1 -1 -1 -1 1.0
Car 0.0 0 -1 410.68 170.16 467.39 216.17 -1 -1 -1 -1 -1 -1 -1 1.0
Car 0.0 0 -1 672.82 173.37 733.8 223.66 -1 -1 -1 -1 -1 -1 -1 1.0
