Car 0.0 0 -1 561.4 166.1 594.2 192.5 -1 -1 -1 -1 -1 -1 -1 1.0
Car 0.0 0 -1 608.86 161.22 652.94 200.21 -1 -1 -1 -1 -1 -1 -1 1.0
Car 0.0 0 -1 356.84 149.92 498.7 257.85 -1 -1 -1 -1 -1 -1 -1 1.0
Car 0.0 0 -1 192.41 186.08 433.13 347.12 -1 -1 -1 -1 -1 -1 -1 1.0
Car 0.0 0 -1 704.36 173.65 777.81 241.46 -1 -1 -1 -1 -1 -1 -1 1.0
Van 0.0 0 -1 781.2 147.66 875.0 180.43 -1 -1 -1 -1 -1 -1 -1 1.0
Van 0.0 0 -1 661.98 151.61 703.23 184.95 -1 -1 -1 -1 -1 -1 -1 1.0
Van 0.0 0 -1 195.24 139.18 369.28 217.16 -1 -1 -1 -1 -1 -1 -1 1.0
Car 0.0 0 -1 778.94 179.87 1016.27 350.52 -1 -1 -1 -1 -1 -1 -1 1.0
Car 0.0 0 -1 494.72 169.7 540.49 204.73 -1 -1 -1 -1 -1 -1 -1 1.0
Car 0.0 0 -1 717.92 184.39 841.1 275.36 -1 -1 -1 -1 -1 -1 -1 1.0
