Pedestrian 0.0 0 -1 520.08 164.19 556.22 256.11 -1 -1 -1 -1 -1 -1 -1 1.0
Cyclist 0.0 0 -1 100.56 155.55 206.61 329.96 -1 -1 -1 -1 -1 -1 -1 1.0
Pedestrian 0.0 0 -1 394.38 168.9 430.52 251.4 -1 -1 -1 -1 -1 -1 -1 1.0
Cyclist 0.0 0 -1 681.92 157.12 783.26 269.46 -1 -1 -1 -1 -1 -1 -1 1.0
Pedestrian 0.0 0 -1 348.81 153.98 366.1 194.04 -1 -1 -1 -1 -1 -1 -1 1.0
Pedestrian 0.0 0 -1 298.53 157.12 312.67 201.9 -1 -1 -1 -1 -1 -1 -1 1.0
Pedestrian 0.0 0 -1 328.39 156.33 342.53 200.33 -1 -1 -1 -1 -1 -1 -1 1.0
Cyclist 0.0 0 -1 213.69 157.12 289.11 198.76 -1 -1 -1 -1 -1 -1 -1 1.0
Car 0.0 0 -1 1157.22 186.97 1224.0 228.61 -1 -1 -1 -1 -1 -1 -1 1.0
Car 0.0 0 -1 1057.44 186.19 1151.72 229.4 -1 -1 -1 -1 -1 -1 -1 1.0
Car 0.0 0 -1 959.24 182.26 1059.02 226.26 -1 -1 -1 -1 -1 -1 -1 1.0
Car 0.0 0 -1 597.07 167.33 656.78 216.83 -1 -1 -1 -1 -1 -1 -1 1.0
