Car 0.0 0 -1 0.0 208.48 412.77 375.0 -1 -1 -1 -1 -1 -1 -1 1.0
Car 0.0 0 -1 320.33 201.08 488.58 319.41 -1 -1 -1 -1 -1 -1 -1 1.0
Car 0.0 0 -1 732.62 201.08 980.37 354.54 -1 -1 -1 -1 -1 -1 -1 1.0
Car 0.0 0 -1 433.18 187.63 519.67 263.42 -1 -1 -1 -1 -1 -1 -1 1.0
Car 0.0 0 -1 516.1 184.96 562.47 218.84 -1 -1 -1 -1 -1 -1 -1 1.0
Car 0.0 0 -1 689.07 188.52 802.31 267.88 -1 -1 -1 -1 -1 -1 -1 1.0
Car 0.0 0 -1 656.98 186.74 723.85 241.13 -1 -1 -1 -1 -1 -1 -1 1.0
Car 0.0 0 -1 566.92 176.04 600.81 206.4 -1 -1 -1 -1 -1 -1 -1 1.0
Car 0.0 0 -1 607.05 181.39 635.58 200.12 -1 -1 -1 -1 -1 -1 -1 1.0
Van 0.0 0 -1 541.96 174.26 579.41 209.03 -1 -1 -1 -1 -1 -1 -1 1.0
