Car 0.0 0 -1 96.83 196.35 236.91999999999996 260.72 -1 -1 -1 -1 -1 -1 -1 1.0
Car 0.0 0 -1 391.07 192.02 494.38 249.9 -1 -1 -1 -1 -1 -1 -1 1.0
Car 0.0 0 -1 588.3 201.08 663.08 260.05 -1 -1 -1 -1 -1 -1 -1 1.0
Pedestrian 0.0 0 -1 386.7 184.94 419.68 301.23 -1 -1 -1 -1 -1 -1 -1 1.0
Car 0.0 0 -1 443.48 196.3 508.38 246.6 -1 -1 -1 -1 -1 -1 -1 1.0
Car 0.0 0 -1 477.01 195.22 529.48 237.95 -1 -1 -1 -1 -1 -1 -1 1.0
Car 0.0 0 -1 505.68 194.13 551.11 227.67 -1 -1 -1 -1 -1 -1 -1 1.0
Car 0.0 0 -1 528.4 193.05 568.96 215.23 -1 -1 -1 -1 -1 -1 -1 1.0
Van 0.0 0 -1 704.2 178.99 802.62 266.07 -1 -1 -1 -1 -1 -1 -1 1.0
Van 0.0 0 -1 261.96 188.04 345.8 235.82 -1 -1 -1 -1 -1 -1 -1 1.0
Car 0.0 0 -1 680.55 196.89 715.29 234.76 -1 -1 -1 -1 -1 -1 -1 1.0
Car 0.0 0 -1 665.8 190.0 705.9 224.12 -1 -1 -1 -1 -1 -1 -1 1.0
Cyclist 0.0 0 -1 1029.87 198.32 1154.28 322.72 -1 -1 -1 -1 -1 -1 -1 1.0
