Car 0.0 0 -1 0.0 227.01 395.51 375.0 -1 -1 -1 -1 -1 -1 -1 1.0
Car 0.0 0 -1 824.8 187.98 1240.72 375.0 -1 -1 -1 -1 -1 -1 -1 1.0
Car 0.0 0 -1 305.34 200.09 474.92 322.56 -1 -1 -1 -1 -1 -1 -1 1.0
Car 0.0 0 -1 569.34 181.46 625.42 225.39 -1 -1 -1 -1 -1 -1 -1 1.0
Car 0.0 0 -1 525.89 181.88 567.71 212.67 -1 -1 -1 -1 -1 -1 -1 1.0
Car 0.0 0 -1 656.37 182.88 713.43 228.16 -1 -1 -1 -1 -1 -1 -1 1.0
Car 0.0 0 -1 618.32 176.37 647.12 199.02 -1 -1 -1 -1 -1 -1 -1 1.0
Truck 0.0 0 -1 638.79 131.63 707.98 210.25 -1 -1 -1 -1 -1 -1 -1 1.0
Pedestrian 0.0 0 -1 737.17 169.56 751.78 212.86 -1 -1 -1 -1 -1 -1 -1 1.0
Car 0.0 0 -1 82.55 186.18 198.84 239.19 -1 -1 -1 -1 -1 -1 -1 1.0
Car 0.0 0 -1 381.12 176.45 473.61 224.59 -1 -1 -1 -1 -1 -1 -1 1.0
Car 0.0 0 -1 462.25 175.91 525.53 202.41 -1 -1 -1 -1 -1 -1 -1 1.0
Car 0.0 0 -1 299.98 179.69 346.5 204.57 -1 -1 -1 -1 -1 -1 -1 1.0
