Car 0.0 0 -1 153.27 205.22 319.94 306.47 -1 -1 -1 -1 -1 -1 -1 1.0
Car 0.0 0 -1 294.24 184.19 397.83 261.3 -1 -1 -1 -1 -1 -1 -1 1.0
Car 0.0 0 -1 583.2 174.06 636.16 216.12 -1 -1 -1 -1 -1 -1 -1 1.0
Car 0.0 0 -1 411.07 181.07 447.68 214.56 -1 -1 -1 -1 -1 -1 -1 1.0
Car 0.0 0 -1 749.26 183.24 1011.89 338.39 -1 -1 -1 -1 -1 -1 -1 1.0
Car 0.0 0 -1 560.53 175.27 591.57 204.48 -1 -1 -1 -1 -1 -1 -1 1.0
Car 0.0 0 -1 543.37 173.89 567.89 195.8 -1 -1 -1 -1 -1 -1 -1 1.0
Car 0.0 0 -1 529.22 174.94 544.31 186.56 -1 -1 -1 -1 -1 -1 -1 1.0
Car 0.0 0 -1 425.82 175.79 459.63 204.59 -1 -1 -1 -1 -1 -1 -1 1.0
Cyclist 0.0 0 -1 283.65 177.8 339.47 327.07 -1 -1 -1 -1 -1 -1 -1 1.0
Cyclist 0.0 0 -1 373.22 178.44 413.46 293.32 -1 -1 -1 -1 -1 -1 -1 1.0
Car 0.0 0 -1 647.93 170.47 764.37 252.48 -1 -1 -1 -1 -1 -1 -1 1.0
