Car 0.0 0 -1 0.0 208.64 161.78 366.99 -1 -1 -1 -1 -1 -1 -1 1.0
Car 0.0 0 -1 10.92 196.87 259.14 312.42 -1 -1 -1 -1 -1 -1 -1 1.0
Car 0.0 0 -1 68.69 184.03 329.76 283.53 -1 -1 -1 -1 -1 -1 -1 1.0
Car 0.0 0 -1 270.91 188.31 458.15 247.16 -1 -1 -1 -1 -1 -1 -1 1.0
Car 0.0 0 -1 699.95 186.17 837.97 270.7 -1 -1 -1 -1 -1 -1 -1 1.0
Car 0.0 0 -1 914.9 239.0 1242.0 375.0 -1 -1 -1 -1 -1 -1 -1 1.0
Van 0.0 0 -1 353.29 170.1 458.15 217.2 -1 -1 -1 -1 -1 -1 -1 1.0
Car 0.0 0 -1 673.2 180.82 729.91 222.55 -1 -1 -1 -1 -1 -1 -1 1.0
Car 0.0 0 -1 424.98 174.4 506.29 217.2 -1 -1 -1 -1 -1 -1 -1 1.0
Car 0.0 0 -1 645.04 171.13 681.58 201.47 -1 -1 -1 -1 -1 -1 -1 1.0
Car 0.0 0 -1 469.82 174.22 531.74 211.99 -1 -1 -1 -1 -1 -1 -1 1.0
Car 0.0 0 -1 497.06 171.13 547.83 206.42 -1 -1 -1 -1 -1 -1 -1 1.0
