Cyclist 0.0 0 -1 450.18 176.21 473.32 250.2 -1 -1 -1 -1 -1 -1 -1 1.0
Cyclist 0.0 0 -1 480.77 175.07 507.35 248.23 -1 -1 -1 -1 -1 -1 -1 1.0
Cyclist 0.0 0 -1 522.58 174.17 535.72 215.08 -1 -1 -1 -1 -1 -1 -1 1.0
Cyclist 0.0 0 -1 633.36 172.98 641.42 195.08 -1 -1 -1 -1 -1 -1 -1 1.0
Car 0.0 0 -1 405.23 170.9 485.25 230.31 -1 -1 -1 -1 -1 -1 -1 1.0
Car 0.0 0 -1 505.56 178.65 543.78 204.03 -1 -1 -1 -1 -1 -1 -1 1.0
Pedestrian 0.0 0 -1 704.8 164.07 719.99 209.86 -1 -1 -1 -1 -1 -1 -1 1.0
Car 0.0 0 -1 619.71 170.79 641.6 187.21 -1 -1 -1 -1 -1 -1 -1 1.0
Car 0.0 0 -1 639.86 176.26 670.72 201.4 -1 -1 -1 -1 -1 -1 -1 1.0
Car 0.0 0 -1 655.29 175.02 680.92 194.68 -1 -1 -1 -1 -1 -1 -1 1.0
Car 0.0 0 -1 1.24 193.19 296.55 367.8 -1 -1 -1 -1 -1 -1 -1 1.0
Car 0.0 0 -1 828.09 180.35 1242.0 375.0 -1 -1 -1 -1 -1 -1 -1 1.0
