Car 0.0 0 -1 842.81 174.1 1066.95 306.6 -1 -1 -1 -1 -1 -1 -1 1.0
Car 0.0 0 -1 722.25 180.85 821.32 233.48 -1 -1 -1 -1 -1 -1 -1 1.0
Car 0.0 0 -1 678.91 178.99 765.6 221.71 -1 -1 -1 -1 -1 -1 -1 1.0
Car 0.0 0 -1 592.85 181.47 659.1 241.53 -1 -1 -1 -1 -1 -1 -1 1.0
Car 0.0 0 -1 0.0 185.71 110.17 250.72 -1 -1 -1 -1 -1 -1 -1 1.0
Car 0.0 0 -1 164.35 191.9 303.15 248.66 -1 -1 -1 -1 -1 -1 -1 1.0
Car 0.0 0 -1 287.67 180.55 364.55 231.63 -1 -1 -1 -1 -1 -1 -1 1.0
Car 0.0 0 -1 356.29 186.74 446.07 241.95 -1 -1 -1 -1 -1 -1 -1 1.0
Car 0.0 0 -1 485.52 180.17 530.97 211.27 -1 -1 -1 -1 -1 -1 -1 1.0
Car 0.0 0 -1 556.71 179.79 586.16 198.66 -1 -1 -1 -1 -1 -1 -1 1.0
