Cyclist 0.0 0 -1 574.95 171.69 612.32 271.07 -1 -1 -1 -1 -1 -1 -1 1.0
Cyclist 0.0 0 -1 512.6 174.4 523.9 206.72 -1 -1 -1 -1 -1 -1 -1 1.0
Car 0.0 0 -1 114.99 177.2 329.0 296.46 -1 -1 -1 -1 -1 -1 -1 1.0
Car 0.0 0 -1 316.4 193.76 395.91 266.65 -1 -1 -1 -1 -1 -1 -1 1.0
Car 0.0 0 -1 368.75 184.5 427.72 238.82 -1 -1 -1 -1 -1 -1 -1 1.0
Car 0.0 0 -1 728.61 176.2 959.89 335.34 -1 -1 -1 -1 -1 -1 -1 1.0
Car 0.0 0 -1 665.64 183.06 778.99 273.51 -1 -1 -1 -1 -1 -1 -1 1.0
Car 0.0 0 -1 645.04 178.48 689.69 241.45 -1 -1 -1 -1 -1 -1 -1 1.0
Car 0.0 0 -1 560.3 163.6 586.64 203.67 -1 -1 -1 -1 -1 -1 -1 1.0
Pedestrian 0.0 0 -1 1091.6 156.73 1168.26 306.71 -1 -1 -1 -1 -1 -1 -1 1.0
Van 0.0 0 -1 408.83 150.93 509.87 205.04 -1 -1 -1 -1 -1 -1 -1 1.0
