Car 0.0 0 -1 696.95 191.12 795.79 254.89 -1 -1 -1 -1 -1 -1 -1 1.0
Car 0.0 0 -1 0.0 214.74 292.79 375.44 -1 -1 -1 -1 -1 -1 -1 1.0
Car 0.0 0 -1 163.09 190.64 311.16 259.51 -1 -1 -1 -1 -1 -1 -1 1.0
Car 0.0 0 -1 380.03 182.61 485.62 264.1 -1 -1 -1 -1 -1 -1 -1 1.0
Car 0.0 0 -1 339.43 184.5 388.79 228.7 -1 -1 -1 -1 -1 -1 -1 1.0
Car 0.0 0 -1 527.04 184.86 550.88 205.23 -1 -1 -1 -1 -1 -1 -1 1.0
Car 0.0 0 -1 578.17 181.78 590.85 197.92 -1 -1 -1 -1 -1 -1 -1 1.0
Car 0.0 0 -1 643.13 182.16 688.11 214.07 -1 -1 -1 -1 -1 -1 -1 1.0
Car 0.0 0 -1 503.21 181.01 532.43 216.38 -1 -1 -1 -1 -1 -1 -1 1.0
Car 0.0 0 -1 588.16 179.86 611.61 203.31 -1 -1 -1 -1 -1 -1 -1 1.0
Car 0.0 0 -1 464.72 183.88 522.51 233.7 -1 -1 -1 -1 -1 -1 -1 1.0
