Car 0.0 0 -1 147.61 210.1 357.69 355.7 -1 -1 -1 -1 -1 -1 -1 1.0
Car 0.0 0 -1 0.0 208.48 175.73 375.0 -1 -1 -1 -1 -1 -1 -1 1.0
Car 0.0 0 -1 316.33 196.9 443.7 284.57 -1 -1 -1 -1 -1 -1 -1 1.0
Car 0.0 0 -1 735.54 179.9 836.91 258.01 -1 -1 -1 -1 -1 -1 -1 1.0
Car 0.0 0 -1 719.31 189.37 745.34 230.92 -1 -1 -1 -1 -1 -1 -1 1.0
Car 0.0 0 -1 703.79 184.94 723.18 222.06 -1 -1 -1 -1 -1 -1 -1 1.0
Car 0.0 0 -1 538.16 186.05 576.93 214.3 -1 -1 -1 -1 -1 -1 -1 1.0
Car 0.0 0 -1 568.07 186.6 585.8 211.53 -1 -1 -1 -1 -1 -1 -1 1.0
Car 0.0 0 -1 581.37 182.72 594.66 209.87 -1 -1 -1 -1 -1 -1 -1 1.0
Car 0.0 0 -1 599.94 182.92 621.09 199.46 -1 -1 -1 -1 -1 -1 -1 1.0
