Car 0.0 0 -1 938.68 208.23 1242.0 375.0 -1 -1 -1 -1 -1 -1 -1 1.0
Car 0.0 0 -1 0.0 166.74 140.55 341.94 -1 -1 -1 -1 -1 -1 -1 1.0
Car 0.0 0 -1 118.49 182.04 344.56 307.48 -1 -1 -1 -1 -1 -1 -1 1.0
Car 0.0 0 -1 214.73 186.09 359.92 262.67 -1 -1 -1 -1 -1 -1 -1 1.0
Car 0.0 0 -1 314.01 176.53 415.05 249.66 -1 -1 -1 -1 -1 -1 -1 1.0
Car 0.0 0 -1 401.76 183.84 442.97 231.04 -1 -1 -1 -1 -1 -1 -1 1.0
Car 0.0 0 -1 349.9 163.9 482.86 228.38 -1 -1 -1 -1 -1 -1 -1 1.0
Car 0.0 0 -1 725.62 171.17 809.86 217.12 -1 -1 -1 -1 -1 -1 -1 1.0
Car 0.0 0 -1 633.73 176.92 658.62 200.85 -1 -1 -1 -1 -1 -1 -1 1.0
Car 0.0 0 -1 612.67 170.22 637.56 199.89 -1 -1 -1 -1 -1 -1 -1 1.0
Car 0.0 0 -1 478.1 172.2 506.91 207.65 -1 -1 -1 -1 -1 -1 -1 1.0
Car 0.0 0 -1 496.94 167.77 532.39 201.01 -1 -1 -1 -1 -1 -1 -1 1.0
