Person 0.888512233494259 188.38725417852402 159.6141904592514 247.0022997558117 348.4262153506279 
Person 0.8862468956255548 236.0064253807068 174.73247274756432 301.26483061909676 360.88038235902786 
Person 0.8477434076770346 750.135614991188 168.27836260199547 793.8351373672485 286.98132187128067 
Don't Care 0.7075263438925652 42.28125 231.02163696289062 121.13798522949219 373.5261535644531 
Don't Care 0.6376056571033096 1169.5474853515625 218.8799743652344 1241.16796875 315.83233642578125 
Person 0.5443154906610399 454.2736591100693 169.3139299750328 479.37118220329285 237.7445250749588 
Person 0.5418719031858142 497.4037506580353 169.8954775929451 516.1229377985001 223.20154309272766 
Person 0.42828210041502074 534.070113837719 175.34023895859718 550.9804031252861 217.61354058980942 
Don't Care 0.325993593009779 178.49093627929688 265.6398010253906 216.8189239501953 316.5662536621094 
Person 0.29600869136702085 736.2947998046875 170.360595703125 758.5128173828125 216.05233764648438 
Person 0.13620414007518777 545.49 176.58 569.03 221.52 
