Vehicle 0.8466295913320695 306.2114463150501 178.4944273531437 487.2104798555374 266.5807753801346 
Vehicle 0.844706100860829 823.879054069519 190.0920644402504 1034.0643231868744 321.4946687221527 
Vehicle 0.8162518996280738 593.1492285132408 177.27436870336533 658.6232986450195 229.89461570978165 
Vehicle 0.8087176090143523 757.0414073467255 182.75249004364014 869.2771711349487 262.10857182741165 
Vehicle 0.8068155877303391 12.027431041002274 179.07483503222466 235.51032024621964 276.2969881296158 
Person 0.8027581901649895 971.4114600419998 195.90452313423157 1109.0253907442093 372.8538081049919 
Vehicle 0.7879597861118747 222.6681633889675 173.95289987325668 335.6311692595482 243.057020008564 
Vehicle 0.7216044726433375 1080.7742919921875 241.81256103515622 1240.7703857421875 372.60015869140625 
Vehicle 0.6173073345384708 0.1703280806541443 226.19480895996097 68.95369720458984 373.10858154296875 
Vehicle 0.5349333324113665 446.8087629675865 171.320591121912 516.9968127608299 216.7218178510666 
Vehicle 0.48324710062344106 722.572927236557 164.4844450056553 806.5441346168518 234.75636541843414 
Vehicle 0.4321859147707562 1.2339874505996704 174.7515411376953 93.63182830810547 218.90292358398435 
Person 0.12474223080766658 685.71 166.31 715.09 206.42999999999998 
