Person 0.8865009139639752 142.7976649403572 194.4269598722458 265.25354424118996 371.802485704422 
Person 0.8329919474029014 955.4002712965012 159.80468499660492 1014.4150755405426 284.8178309202194 
Person 0.8319263631928685 423.47393226623535 175.01549071073532 486.00537276268005 286.5520477294922 
Person 0.7467822084547552 229.42932051420212 176.31038522720337 281.22305530309677 331.2669985294342 
Don't Care 0.6730148847791206 876.046142578125 220.19827270507812 954.1475830078125 362.0875549316406 
Don't Care 0.6684586313027373 786.79736328125 232.79803466796875 854.6505126953125 360.8337097167969 
Person 0.6486141971246243 577.7710058689117 164.4589488506317 609.3546527028084 235.36979126930237 
Person 0.59275010700312 519.4214234352112 166.46432721614838 545.0941151380539 230.64597594738007 
Don't Care 0.5896538931525656 692.1783447265625 194.01870727539062 739.8958740234375 245.46534729003903 
Don't Care 0.527091390468286 264.25006103515625 210.836669921875 354.7731018066407 303.12139892578125 
Person 0.3778666200767329 554.5758666992188 166.60133361816406 572.8229370117188 222.45733642578125 
Don't Care 0.3030226761594215 424.455810546875 217.8264007568359 461.4891357421875 287.64190673828125 
Person 0.24414944809974992 621.12890625 170.45211791992188 635.1100463867188 211.08212280273435 
Person 0.13309165425580186 863.7100000000002 214.96000000000004 962.89 365.3 
Person 0.13309165425580186 782.66 220.3 857.31 360.01 
