Vehicle 0.9026538892637334 1.5153481224551797 193.51619482040405 387.6863783597946 371.0167855024338 
Vehicle 0.9021308868177487 350.8153250813484 180.00319227576256 613.8915903568268 350.57850927114487 
Vehicle 0.9017650379516657 948.142008304596 210.21026372909546 1227.3652871847153 372.7160096168518 
Vehicle 0.8516833234387845 604.0028007030487 177.42883041501045 719.3146902322769 261.84171438217163 
Vehicle 0.8128970711055863 889.762245297432 179.80097606778145 954.2231919765472 236.9769662618637 
Vehicle 0.700690095795318 739.3005130290985 169.81548070907593 786.7655929327011 208.5399180650711 
Vehicle 0.5086396201660213 860.3185554742813 170.72776705026627 887.7773805856705 193.94932687282562 
Vehicle 0.3784516155684622 804.1262744665146 165.3299555182457 825.9332839250565 184.18941646814346 
Vehicle 0.2856444372571619 779.127685546875 171.9852294921875 802.4454345703125 201.8118438720703 
Person 0.13052473045462404 821.5800000000002 166.81 834.04 191.74 
