Vehicle 0.9285438428849111 0.773822063812986 82.23799802362919 438.0138993859291 260.82783937454224 
Vehicle 0.9184882516415005 83.21355789899826 188.5649487376213 382.8876355290413 301.73731595277786 
Vehicle 0.9076279088447216 428.65049332380295 180.87270855903625 605.4699808359146 282.80018270015717 
Vehicle 0.556412526092307 704.5728574991226 170.01597583293915 743.3795092105865 201.5708014369011 
Vehicle 0.5171188671589088 1170.26220703125 155.86920166015625 1203.5223388671875 176.8540802001953 
Vehicle 0.5067354059230305 1137.369384765625 157.40408325195312 1172.7867431640625 179.34898376464844 
Vehicle 0.47347524681583086 669.2925016880035 170.758455991745 699.6107697486877 199.73044842481613 
Vehicle 0.4505958131921049 1202.8592529296875 157.14288330078125 1241.2432861328125 174.0413360595703 
Vehicle 0.406071179111152 1103.5738525390625 157.90969848632812 1141.3875732421875 178.4507598876953 
Vehicle 0.2815486576294367 1044.921875 158.9843292236328 1087.424072265625 178.5497589111328 
