Vehicle 0.7645541436900883 183.85779172182083 188.31031769514084 224.42205771803856 216.34541451931 
Vehicle 0.707346499806791 386.18925350904465 163.46224397420883 471.40433263778687 217.0061096549034 
Vehicle 0.6183627989337714 1103.6053466796875 196.24525451660153 1150.2796630859375 222.65881347656247 
Vehicle 0.6095943452426972 521.887536585331 193.94007325172424 550.4190044403076 219.6662575006485 
Vehicle 0.5681732041648971 1204.166259765625 194.25576782226565 1241.987060546875 226.49647521972653 
Vehicle 0.3956050041523983 686.3956364393234 182.96124413609505 717.7899895906448 201.28704607486725 
Vehicle 0.3315488971911171 1047.3089599609375 191.3371276855469 1086.351318359375 218.24932861328128 
Vehicle 0.25491040096157697 769.755859375 185.34365844726562 804.0850830078125 202.04902648925778 
Vehicle 0.24766480497787302 285.9926452636719 185.29978942871094 308.0340576171875 203.10864257812497 
Don't Care 0.24195994243843774 387.5944519042969 164.2200469970703 471.6009826660156 216.10574340820312 
Vehicle 0.15321978267548658 500.88 184.94 526.37 207.6 
Vehicle 0.15321978267548658 479.35 194.57 499.18000000000006 210.43 
Vehicle 0.15321978267548658 567.17 184.94 611.36 220.07 
Vehicle 0.15321978267548658 828.37 179.27 877.67 211.0 
Vehicle 0.15321978267548658 725.82 179.84 804.01 207.03 
Vehicle 0.15321978267548658 637.9999999999999 174.74 679.36 203.64 
Vehicle 0.15321978267548658 926.4 186.07 1150.77 228.0 
