Vehicle 0.940322160528009 1.0826168458443135 198.07583838701248 331.97624802589417 370.7488104701042 
Vehicle 0.9289669477761854 905.7798932790756 234.07579958438873 1241.3824503421783 371.56688421964645 
Vehicle 0.8950115691313285 354.4759835600853 185.66180393099785 533.8567253351212 308.16663801670074 
Vehicle 0.801155289951198 728.4070022106171 182.4750043451786 802.9043523073196 250.3008171916008 
Vehicle 0.6260419028397944 562.2901048064232 174.13238435983658 613.2935843467712 218.51565688848495 
Vehicle 0.545901288001595 682.9515126943588 179.64163050055504 710.2459194660187 199.03459399938583 
Vehicle 0.4517974591970804 627.5021864175797 170.24284601211548 647.5045176744461 189.70106542110443 
Vehicle 0.3268174799829716 607.0419311523438 178.59898376464844 628.0516357421875 208.96994018554688 
Vehicle 0.21796177854571192 714.1048583984375 182.61875915527344 743.0927124023438 223.54029846191406 
Person 0.13664630126296873 646.7199999999999 173.65 658.58 208.09999999999997 
