Vehicle 0.8694719341031913 75.25230677425861 189.48894739151 269.97502487897873 274.3991017341614 
Vehicle 0.8346748805626685 274.907389998436 178.17464098334312 373.6207262277603 239.33295160531998 
Vehicle 0.7779330522084391 368.44998782873154 186.17329001426697 420.90624886751175 226.32844001054764 
Vehicle 0.7384338582730327 404.8598776459694 179.73937466740608 455.8060957789421 221.62366658449173 
Vehicle 0.6940887777751421 487.3719370365143 179.32100594043732 517.6732524633408 204.58019524812698 
Vehicle 0.6484892609601305 455.4021567106247 180.16017973423004 495.5779001712799 208.03720504045486 
Don't Care 0.47908207605698866 691.6902623176575 151.50580555200577 734.8594411611557 191.05743616819382 
Vehicle 0.474008938313017 530.5465199947357 176.73759162425995 559.5029881596565 196.307972073555 
Person 0.13147041924387692 758.04 168.57 775.5499999999998 189.47 
Person 0.13147041924387692 814.54 162.92 838.84 195.69 
