Vehicle 0.889248962759161 249.73581942915916 199.6128335595131 374.8826610445976 264.8395523428917 
Vehicle 0.8684940779221052 710.9016680717468 181.65869638323784 802.5091856718063 235.4048565030098 
Vehicle 0.8490914603924808 109.21342934668064 192.6976963877678 184.85405507683754 235.0074201822281 
Vehicle 0.7668950033438187 633.3885998725891 178.40205878019333 693.2200709581375 225.9588986635208 
Vehicle 0.6428685474910817 392.81865870952606 172.0067895948887 640.8254020214081 303.5460188984871 
Vehicle 0.6387583587940294 90.7258529663086 192.3900604248047 140.2864227294922 226.5092315673828 
Vehicle 0.47774823509854664 47.306329406797886 184.89834666252136 83.69457037746906 211.70713752508163 
Vehicle 0.40998118206246964 783.9204711914062 174.9171600341797 901.6603393554688 208.109375 
Vehicle 0.38674409286586275 321.293701171875 180.57994079589844 405.40753173828125 218.80047607421875 
Vehicle 0.28295221360514655 683.95458984375 188.9767303466797 721.8375244140624 220.56646728515625 
