Vehicle 0.887869770421912 916.2095385789871 210.68499237298965 1237.5385701656342 371.80472910404205 
Vehicle 0.8857609620863195 245.53776615858078 176.91832780838013 561.8489661812782 367.82102286815643 
Vehicle 0.8683902831854583 1.9846342387609184 228.24662178754807 282.27976843714714 372.0996826887131 
Vehicle 0.8500477796420675 550.6569335460663 176.02458223700523 672.5647301673889 263.7798562645912 
Vehicle 0.7713194717539291 840.5705137252808 178.35300788283348 905.3816174268723 235.3971228003502 
Vehicle 0.5900000721623834 692.5011756420135 166.22048243880272 737.9819830656052 206.69813454151154 
Vehicle 0.5887456115185256 809.4814560413361 168.58860477805138 835.3023902177811 191.86703860759735 
Vehicle 0.2566673055923437 732.4185180664064 169.55194091796875 753.3472290039062 198.59194946289062 
Person 0.1271059204197404 770.23 165.19 790.98 201.11 
Vehicle 0.1271059204197404 753.46 161.2 774.22 183.55 
