Vehicle 0.9354046137070485 524.2296651005745 176.62619054317474 736.0615975856781 369.84892934560776 
Vehicle 0.8338784619926125 206.40844067931175 190.36763906478882 305.0816161930561 225.96361488103867 
Vehicle 0.8125870386240819 328.901380777359 183.95471200346947 399.31562608480453 215.54790437221527 
Vehicle 0.7541112170458077 56.21788115054369 199.81777667999268 144.2642953544855 235.14801263809204 
Don't Care 0.6132915118690918 599.342041015625 0.0 630.9004516601562 31.600086212158207 
Vehicle 0.5519152529411587 420.1587413549423 180.81337586045265 463.63861978054047 204.0577009320259 
Don't Care 0.50792922370115 732.8211669921875 88.47057342529297 753.038330078125 140.6616973876953 
Don't Care 0.4408848503795301 933.4443359374999 84.75562286376953 954.7565307617189 138.28688049316406 
Don't Care 0.4194955267846536 392.92822265625 96.43785858154297 404.49176025390625 121.15396118164061 
Vehicle 0.4166672514365152 382.00305175781244 181.12535095214844 418.3603820800781 204.28613281249997 
Person 0.2327893029171739 634.376708984375 200.1671142578125 697.6649780273438 256.2132568359375 
