Vehicle 0.8551142062122229 839.621166229248 179.4857494533062 1240.9080727100372 370.5024719238281 
Vehicle 0.8260603225863354 726.9312347173691 164.19872269034386 902.9025353193283 296.1171269416809 
Vehicle 0.8056001152236942 247.010998159647 187.80474364757538 391.9440804719925 286.59722954034805 
Vehicle 0.8025504881094639 0.7040173730347306 201.95885002613068 270.9992341697216 365.0655224919319 
Vehicle 0.7989090120168347 370.7231583595276 178.49059402942657 450.2199808359146 249.52959269285202 
Vehicle 0.7749018934620919 442.03804010152817 179.22906205058098 497.4469095468521 221.41358256340027 
Person 0.6689214587566064 67.9713363647461 176.83238220214844 198.00634765625 371.15960693359375 
Vehicle 0.6681763104376555 686.7061139345169 161.63833066821098 765.7455854415894 244.88908052444458 
Don't Care 0.6436674201299215 63.881977081298835 276.6864929199219 221.35479736328125 373.91864013671875 
Vehicle 0.3840770696744176 530.002685546875 168.8587188720703 560.6373901367188 196.08380126953122 
