Person 0.8773779911198374 81.04660968482494 168.3395951986313 160.31056478619576 298.15397411584854 
Don't Care 0.7665856315135849 54.763160705566406 221.58436584472656 173.27484130859375 330.7286682128906 
Person 0.704521315306945 929.5471898317337 169.05304044485092 952.8943719863892 236.6640642285347 
Person 0.7038940849573035 1020.7342969179153 167.3576608300209 1046.5343549251556 246.37021869421005 
Vehicle 0.6324245282070976 375.50775146484375 181.06898498535156 427.48040771484375 211.2084045410156 
Vehicle 0.5216496108695885 423.1573217511177 145.24343982338905 539.2330791950226 234.63043570518494 
Person 0.4950933812620744 826.0450676679611 182.83116817474365 867.634394288063 232.08750039339066 
Don't Care 0.4517463428521212 1135.1314697265625 119.94261932373045 1241.2967529296875 185.3313751220703 
Person 0.4380785556190626 306.8775034546852 168.37018355727196 323.39010912179947 217.5002172589302 
Person 0.34322687209709185 49.749717712402344 194.42263793945312 87.78651428222656 267.442626953125 
Don't Care 0.23190826100937012 2.6503303050994877 273.8188171386719 42.69913864135742 321.3800354003906 
Person 0.14218110532261624 640.12 174.77 680.03 229.84 
Person 0.14218110532261624 2.36 215.48 39.86999999999999 350.37 
Person 0.14218110532261624 852.44 181.95 885.1700000000001 240.22 
Person 0.14218110532261624 338.4 177.96 383.1 215.48 
