Vehicle 0.9119047132191069 82.4564451277256 205.96584677696228 388.4985501766205 367.76451766490936 
Vehicle 0.8723216707723791 372.01481580734253 187.90972977876663 482.65018433332443 275.4277065396309 
Vehicle 0.8648892405928174 0.42460189817938954 259.84273105859756 89.59351323544979 372.8465661406517 
Vehicle 0.8491210241919778 815.8966584205627 171.01367935538292 985.9248393774033 263.3574977517128 
Vehicle 0.7972736873231093 471.7091839313507 190.16656279563904 527.5366131663322 244.76802349090576 
Vehicle 0.7661978644467757 666.4299495220184 182.51264467835426 724.4491174221039 226.09924525022507 
Vehicle 0.5646464294834357 740.4315276145935 176.91148817539215 780.2104758024216 210.55573225021362 
Vehicle 0.5614829068260389 540.2986151576042 184.50849875807762 566.8930410146713 211.84028685092926 
Vehicle 0.5573781782685191 498.36480712890625 186.50047302246094 549.2529907226562 231.82135009765625 
Vehicle 0.43150659264113267 710.2479248046876 182.43711853027344 740.6231079101562 216.0951843261719 
Vehicle 0.26231063077027683 783.5175170898438 171.39500427246094 846.611572265625 221.64909362792966 
