Vehicle 0.9322466125621205 880.9518356323242 191.56432896852493 1240.9646308422089 371.1856082081795 
Vehicle 0.9244440351232146 1.6258302857168019 239.06079679727554 330.6355834007263 371.60805612802505 
Vehicle 0.9077878006166882 217.61420568823814 202.33069360256195 462.0603591799736 359.2010512948036 
Vehicle 0.8988410582644282 570.2849373221397 181.5452054142952 629.0815204381943 227.99628227949142 
Vehicle 0.8797060008270989 662.222216963768 182.19779804348946 727.4066487550735 233.26852172613144 
Vehicle 0.7899521842419317 523.7272675037384 180.32314628362656 568.7747093439102 215.6956046819687 
Vehicle 0.6140192354096566 643.3016357421875 128.564208984375 719.9445190429688 211.9879150390625 
Vehicle 0.539339620166025 37.556026458740234 185.62060546875 177.92436218261716 235.9900665283203 
Vehicle 0.5348657837466146 79.2732642441988 199.5030641555786 236.77219954133034 261.0578164458275 
Vehicle 0.4635408534288793 442.5746765136719 181.07290649414062 494.2347412109375 213.37274169921872 
Vehicle 0.41726803244181276 389.5016056895256 178.41406166553497 471.42313599586487 226.08154267072678 
Vehicle 0.3545282437064287 488.3682861328125 181.22463989257812 527.1058959960938 201.7407989501953 
Vehicle 0.22916470963381408 626.3080444335938 174.4396209716797 648.7966308593751 198.1837158203125 
Person 0.13492111678764365 742.18 164.38 764.5 216.20000000000002 
Vehicle 0.13492111678764365 283.8 173.95 326.84999999999997 201.85 
