Person 0.9210834633423433 807.9793782234192 156.36731535196304 865.308051109314 300.42133390903473 
Don't Care 0.24510439382843607 282.4225158691406 207.46694946289062 337.5075378417969 282.7230224609375 
Person 0.14112353850036377 255.92 187.50000000000003 278.57 278.12 
Person 0.14112353850036377 280.84 193.16 306.89 281.52 
Person 0.14112353850036377 308.0199999999999 196.56 338.61 282.65 
Person 0.14112353850036377 339.74 192.03 363.53 282.65 
Person 0.14112353850036377 365.79 193.16 419.03 287.18 
Person 0.14112353850036377 868.73 176.17 893.65 279.25 
Person 0.14112353850036377 897.05 188.63 923.11 288.31 
Person 0.14112353850036377 919.71 185.23 957.09 280.38 
Person 0.14112353850036377 965.02 180.7 1052.24 276.99 
