Vehicle 0.9480918843676792 371.5295559167862 192.30524450540543 449.0634262561798 243.66094172000885 
Vehicle 0.8751967073605749 433.27534210681915 188.49366903305054 480.4697721004486 228.86712849140167 
Vehicle 0.7233444191898181 470.29996848106384 177.8930425643921 509.10587990283966 215.91299772262573 
Vehicle 0.6079483146999226 659.2176032066345 176.69277638196945 723.8717654943466 221.78976237773895 
Vehicle 0.6057935339552067 28.961872279644012 204.04165238142014 125.54142527282238 242.20939725637436 
Vehicle 0.4873092069726934 1054.7493495941162 134.25634056329727 1163.7907633781433 179.53475564718246 
Vehicle 0.46799043381480054 2.2618709919042885 207.40268379449844 38.09296387061477 242.9976537823677 
Vehicle 0.437702978682038 1136.9510425329208 115.23623764514923 1230.6457328796387 174.76032301783562 
Vehicle 0.284469510000843 627.3942871093751 174.19003295898438 649.1160888671875 193.7137451171875 
Vehicle 0.147428136766022 510.99 175.54 538.1 204.24 
Vehicle 0.147428136766022 536.5 173.95 571.58 198.66 
