Vehicle 0.8771112340321231 175.85144770145416 199.53922927379608 366.2217528820038 301.7786890268326 
Vehicle 0.8639691734160673 811.4160550832748 157.76650607585907 942.0345443487167 204.00986820459366 
Vehicle 0.8180390711276222 346.964486181736 197.55837321281433 425.2361292243004 259.11227613687515 
Vehicle 0.7909309871050986 449.53206664323807 190.00943005084991 491.57385832071304 228.46287488937378 
Vehicle 0.7559078950545878 412.1407747864723 193.82773339748383 461.95879143476486 241.26776307821274 
Vehicle 0.6895790635174522 484.7914352416992 186.91155686974525 521.4052378535271 218.12937408685684 
Vehicle 0.6660243901195423 1091.9856988191605 142.45500415563583 1157.6821149587631 179.4624924659729 
Vehicle 0.5499667014881323 750.062770485878 161.1289232969284 824.1975266933441 198.9463046193123 
Vehicle 0.24873704299850866 658.8486328125 178.64224243164062 706.3401489257812 211.2796783447266 
Vehicle 0.13275363265788317 604.2 168.38 633.73 198.71 
Vehicle 0.13275363265788317 521.19 179.56 556.31 210.69 
