Vehicle 0.9421281866466948 208.74342539906502 182.5411207973957 323.6224490404129 240.7163679599762 
Vehicle 0.8658682935618609 439.9002315402031 174.17599260807037 527.2609663009644 217.22812950611115 
Vehicle 0.5056379732445411 571.7015556693077 172.64201492071152 627.133003950119 204.03007417917252 
Vehicle 0.4783045426066384 712.1617151498795 170.43499276041985 737.6626961231232 190.34316390752792 
Vehicle 0.3899873545281626 987.6193624734879 160.55812686681747 1020.2692469358444 177.67586186528206 
Vehicle 0.14186398243884 1084.16 156.41 1100.11 178.73 
Vehicle 0.14186398243884 559.62 167.57 593.1 185.91 
Vehicle 0.14186398243884 1040.32 157.21 1073.0 182.72 
Vehicle 0.14186398243884 1103.3 154.02 1120.83 177.93 
Vehicle 0.14186398243884 1120.83 156.41 1152.72 177.93 
Vehicle 0.14186398243884 1180.62 156.41 1206.13 176.34 
