Person 0.8427580305627227 656.0310401916504 147.79560834169388 700.9748339653015 262.6379108428955 
Person 0.8067301154176251 588.7337572574615 146.0250586271286 620.0033555030823 225.4936707019806 
Person 0.7824376253251006 551.58247590065 132.48255372047424 579.4029657840729 227.02916085720062 
Vehicle 0.6872528588111807 0.8562089800834656 96.32685089111328 262.0947570800781 363.9032897949219 
Person 0.46604532116056724 506.3858528137207 142.8948751091957 520.8402771949768 180.5400875210762 
Don't Care 0.3407269455472326 252.70468139648438 221.671630859375 319.7825927734375 299.2077331542969 
Don't Care 0.3261668605035687 308.39709472656256 193.1865692138672 406.0919494628906 290.6534118652344 
Person 0.13568582262667747 407.14 137.64 428.38 194.28 
Person 0.13568582262667747 356.01 143.15 387.48 177.76 
Person 0.13568582262667747 304.09 217.88 414.22 294.18 
Person 0.13568582262667747 289.93 145.51 334.77 207.65 
Person 0.13568582262667747 437.82 137.64 462.21 202.93 
Person 0.13568582262667747 371.74 187.2 486.59 272.16 
Person 0.13568582262667747 655.72 154.16 668.3099999999998 211.59 
