Vehicle 0.9538004451713868 750.7308819293976 180.43530732393265 1013.564813375473 339.46819603443146 
Vehicle 0.8543355747132448 582.521481692791 174.26621541380882 640.7411570549011 217.7647054195404 
Person 0.8461215915774829 278.2752268910408 176.57427862286568 340.1200638413429 302.8041422367096 
Person 0.7703846457047996 370.17493683099747 177.89113149046898 411.7563053369522 274.80918914079666 
Don't Care 0.6630591508809529 275.822021484375 233.87692260742188 337.1233215332031 327.76336669921875 
Vehicle 0.5668483159697284 153.10360407829285 201.5206664800644 330.40513122081757 307.89926648139954 
Vehicle 0.5607802707540306 311.11758667230606 186.76763400435448 384.1737778186798 261.14168018102646 
Vehicle 0.5523402269042245 413.26190650463104 178.76331880688667 451.2698226571083 213.59369158744812 
Don't Care 0.4891476479884401 371.3784790039063 217.22047424316406 412.5612487792969 293.4806213378906 
Vehicle 0.4848954174635495 652.2459990978241 170.1098531484604 766.6504415273666 253.75409424304962 
Vehicle 0.46488033780907023 542.0364452004433 173.84586855769157 566.089863717556 195.52478939294815 
Vehicle 0.46485109434107763 560.3665730953217 174.5387725532055 591.5750395059586 203.86898517608643 
Vehicle 0.13747782251500043 529.22 174.94 544.31 186.56 
