Vehicle 0.9140237030419132 763.6156979799271 182.03045055270195 1088.699034690857 372.077576816082 
Vehicle 0.907669496508451 959.4930181503296 243.3939278125763 1240.8303422927856 372.8308975696564 
Vehicle 0.8890517173968971 411.48291635513306 187.90121376514435 516.4991160035133 262.7372369170189 
Vehicle 0.8208627241288422 720.102876663208 176.42642185091972 844.2955033779144 289.4226908683777 
Vehicle 0.5859269092088019 658.8644850254059 179.5458197593689 731.2917630672455 232.24832117557526 
Vehicle 0.504412191204709 588.7818524837494 176.2087047100067 614.9914387464523 198.0941891670227 
Vehicle 0.45796666216068166 638.1914513111115 178.90595644712448 665.451508641243 207.0184126496315 
Person 0.37371960792418446 829.4978528022766 158.43159332871437 864.2578589916229 193.83604824543 
Vehicle 0.13145195890258096 349.81 185.88 422.67 211.56 
Vehicle 0.13145195890258096 245.3 187.07 325.32 211.86 
