Vehicle 0.9497611307449397 523.6810734272003 177.33019217848778 735.0367405414581 370.6280216574669 
Vehicle 0.786909760333236 344.2028355002403 182.504341006279 446.95996713638306 219.19021010398865 
Vehicle 0.7684327058403725 445.8648936152458 179.39765006303787 498.13819205760956 208.3776220679283 
Vehicle 0.7646196930510901 176.77729099988937 193.24569404125214 258.5019227564335 226.3631522655487 
Don't Care 0.6273689210915225 599.3381958007812 0.0 630.9559936523438 31.56665229797363 
Don't Care 0.5140690033199387 732.7709350585938 88.59471130371094 753.0377807617188 140.3797607421875 
Don't Care 0.444610694928041 933.213623046875 84.60395050048828 954.7607421875 138.46083068847656 
Don't Care 0.4340374820748756 392.8927001953125 96.4111557006836 404.45709228515625 121.17416381835938 
Person 0.24203085815545056 635.1298828125 200.01068115234375 697.6220092773438 256.3431701660156 
Don't Care 0.22344556768251508 469.92431640625 99.27729034423828 517.5686645507812 122.27108001708983 
Vehicle 0.1372305562471276 333.15 187.17 372.92 208.67000000000002 
