Vehicle 0.9082848097954634 729.6888138055801 198.57792556285858 979.2811836004257 360.70407181978226 
Vehicle 0.8843600268316645 0.6743043571477756 198.90043884515762 413.98250448703766 370.56150287389755 
Vehicle 0.8570003549249625 333.67909938097 190.9569650888443 488.18414586782455 321.9699561595917 
Vehicle 0.8472346777376387 687.9919230937958 185.16045436263084 793.4080642461777 267.0833542943001 
Vehicle 0.8152918875986386 444.9485260248184 189.90299105644226 522.4695893526077 267.07765460014343 
Vehicle 0.7746106011464093 657.0484063625336 186.7556981742382 714.6273239850998 241.32589995861053 
Vehicle 0.7478811324076883 978.5704345703125 252.4481201171875 1239.992431640625 372.7247009277344 
Vehicle 0.6842002563964363 516.3060854673386 183.79558995366096 561.6542699933052 221.03530168533325 
Vehicle 0.4215560544967987 605.2784308791161 183.53049829602242 631.7399747371674 200.2166211605072 
Vehicle 0.3728108375478972 572.6975414156914 175.9539507329464 600.4303847551346 207.38723874092102 
Vehicle 0.3481397274838839 542.7126628160477 174.32977259159088 581.3406456112862 211.02822571992874 
