Vehicle 0.9164972580204467 0.6369832019554451 210.48838645219803 398.00749719142914 370.92818319797516 
Vehicle 0.9016588651339384 567.4013979434967 181.68682605028152 625.9633462429047 228.32226008176804 
Vehicle 0.8890837321977917 654.7478821277618 181.62723630666733 715.0743849277496 227.76686400175095 
Vehicle 0.8674884055957918 821.1307286024094 183.8347725570202 1241.8004919290543 371.4802712202072 
Vehicle 0.8343273098195078 524.044962823391 180.9747777879238 568.8334883451462 213.5431319475174 
Vehicle 0.7733766201190364 302.51268142461777 197.64845073223114 476.6652013063431 327.2217661142349 
Vehicle 0.4915453410395985 80.35965786874294 185.36237999796867 199.22009825706482 223.46918284893036 
Vehicle 0.4885767959691493 379.30848294496536 179.72970753908157 473.38057297468185 229.31883484125137 
Vehicle 0.42805296370815615 458.26812744140625 177.06414794921875 495.5272521972656 212.11831665039062 
Vehicle 0.3777954455465951 479.9673745036125 179.0890172123909 525.417496919632 201.62766426801682 
Vehicle 0.3500977401980534 639.1752963066101 130.71145489811897 708.1234349012375 210.20805090665817 
Person 0.1352310948719711 737.17 169.56 751.7799999999999 212.86 
Vehicle 0.1352310948719711 618.32 176.37 647.12 199.02000000000004 
Vehicle 0.1352310948719711 299.98 179.69 346.5 204.57 
