Vehicle 0.9106335683490597 783.4132651090622 182.54730105400085 1081.2048600912094 348.37547689676285 
Vehicle 0.8799064783291157 311.87878954410553 194.80148702859879 421.00759452581406 260.84060221910477 
Vehicle 0.8626025997177813 720.0041220188141 179.3171837925911 821.0417457818985 260.6118321418762 
Vehicle 0.6335247266459418 481.3506057858467 184.14754047989845 516.5075182914734 210.11319011449814 
Vehicle 0.4668367393722843 579.6132906675339 175.22960901260376 613.3659846782684 192.53846257925034 
Vehicle 0.36836227996661813 638.5852113962173 174.20195415616035 674.1087523698807 199.69810545444489 
Vehicle 0.1337753525295698 309.82 192.42999999999998 348.21 215.34 
Vehicle 0.1337753525295698 500.53 185.0 528.39 205.43 
Vehicle 0.1337753525295698 515.57 177.78 539.63 200.38 
Vehicle 0.1337753525295698 622.84 174.44 636.11 186.06 
