Vehicle 0.8953711087062807 586.0307139158249 201.27680897712708 663.2438167333603 261.7042511701584 
Vehicle 0.8823758268503258 98.15169695019722 195.81842422485352 236.87580308318138 264.45939391851425 
Person 0.867439563880059 1060.7980345487595 193.51471960544586 1143.243800997734 322.2685754299164 
Person 0.7463294116129968 393.15475022792816 184.54954773187637 422.4434604048729 301.6980215907097 
Don't Care 0.7031054177323318 1030.67919921875 235.70555114746094 1158.266845703125 322.8774108886719 
Vehicle 0.5807025930202071 702.540244102478 176.6931228339672 805.0346839427948 266.5703594684601 
Vehicle 0.533385622499018 428.6334666609764 196.38347625732422 499.47859758138657 251.66069716215134 
Vehicle 0.5163499484203662 487.58732432127 196.38347625732422 532.1895189285278 235.87556183338165 
Vehicle 0.5073108912815296 677.2959215641022 193.9101666212082 708.0606583356857 232.15419799089432 
Vehicle 0.4012243873638832 510.84596782922745 193.87945532798767 552.0833977460861 226.97947919368744 
Don't Care 0.24277416877713487 71.83892059326172 60.667118072509766 109.48188018798828 104.29613494873047 
Vehicle 0.13496739988283668 528.4 193.05 568.96 215.23 
Vehicle 0.13496739988283668 261.96 188.04 345.79999999999995 235.81999999999996 
