Vehicle 0.90879973696532 728.000361084938 175.61109736561775 961.1584478616714 327.3158669471741 
Vehicle 0.8603098387066904 94.03567703068256 177.6004247367382 330.5558171868324 321.8140974640846 
Vehicle 0.8510548224140096 368.1532056927681 185.03663688898087 428.43258905410767 240.17883092164993 
Vehicle 0.8460843317041273 318.4654430150986 193.35602223873138 395.8154253959656 268.45747232437134 
Vehicle 0.8426354077284882 666.8522847890854 180.38702756166458 766.8501716852188 264.6837383508682 
Person 0.8314077494701781 1090.71306681633 156.95630013942719 1165.5309623479843 306.8903982639313 
Vehicle 0.7689028937205167 0.7703221440315245 220.29460144042966 127.64373016357422 372.1546325683594 
Person 0.6918978197385668 575.7129263877869 174.788486212492 609.5625613331795 259.86749678850174 
Vehicle 0.4733261267507585 645.6198881864548 180.089570581913 697.3034348487854 243.55655908584595 
Vehicle 0.3666638528495555 418.3739318847656 178.5205535888672 473.43872070312494 213.11773681640625 
Vehicle 0.3434223422034792 559.2226404547691 165.60309380292892 588.3121386766434 202.1295502781868 
Vehicle 0.21351696262634987 630.3643188476562 177.804443359375 663.2567138671875 228.51838684082028 
Vehicle 0.13213071303733612 408.83 150.93 509.87 205.04 
Person 0.13213071303733612 512.6 174.4 523.9 206.72000000000003 
