Person 0.8365069104757585 867.3417278528214 169.62360233068466 909.0533121824265 283.2080488204956 
Person 0.8277209981075965 740.9787311553955 181.6212082505226 787.8499721288681 313.11105597019196 
Person 0.8181751060481814 374.47475630044937 172.55930960178375 413.2016604542732 284.9016716480255 
Vehicle 0.811920655568262 551.9220654368401 181.10730761289597 598.412916123867 217.17965257167816 
Person 0.7936499781991849 296.1771161556244 174.8848922252655 334.4985781311989 252.55228078365326 
Person 0.7861242352149036 915.2169630527496 173.75847053527832 954.0870946645737 288.87424194812775 
Don't Care 0.7813809758918856 42.144084580242634 220.54685759544373 151.17774412035942 296.6911358833313 
Person 0.7651131115633185 688.0769574642181 182.88957512378693 721.7087717056274 273.69918167591095 
Person 0.6874266828114697 644.0546220541 171.59348046779633 664.6975284814835 245.15452361106873 
Person 0.6819059073459897 717.1686605215073 181.54490226507187 746.2982181310654 283.99244225025177 
Don't Care 0.5971537017173879 0.593638002872467 232.31616210937503 51.3940315246582 321.4106750488281 
Don't Care 0.5320523256197983 291.23956298828125 244.75564575195312 357.68878173828125 288.071044921875 
Don't Care 0.21551270045322915 265.287841796875 222.550537109375 302.07122802734375 277.0833740234375 
Person 0.21160599453460557 775.553466796875 173.27154541015625 811.4810180664062 256.6634216308594 
