Vehicle 0.9214974955683185 857.1863898038864 173.9383488893509 1241.1226826906204 371.5096637606621 
Vehicle 0.9164673870023027 696.9121177196503 183.7811954319477 817.236360669136 266.65274798870087 
Vehicle 0.9115535768561489 0.40476777346339077 231.05549812316895 319.5839837193489 371.1317852139473 
Vehicle 0.7737054737028792 677.7486087083817 179.69568818807602 747.4428112506866 238.26802521944046 
Person 0.7080069618297251 992.8746049404144 146.8585766851902 1042.293753504753 184.82526764273643 
Vehicle 0.6023407615709331 596.3358054757118 177.95995250344276 623.1152297258377 201.30137354135513 
Vehicle 0.5738548700340057 654.3360595703125 179.0775909423828 693.7652587890625 217.07864379882812 
Vehicle 0.3873491677435424 313.4127502441406 193.4513397216797 368.76959228515625 225.57286071777344 
Vehicle 0.3259290230756527 637.385009765625 182.4136962890625 657.908203125 201.8417663574219 
Vehicle 0.3230162851403068 361.040283203125 194.5450439453125 398.58004760742193 221.96495056152344 
Vehicle 0.24503908104199862 489.147705078125 181.749267578125 517.2197875976562 207.57373046875 
