Person 0.8978883771388667 871.2237011194229 161.91508162021637 945.6763739585876 351.3810155391693 
Person 0.8557381763785574 774.3416526317596 173.7918307185173 829.699249625206 359.4537340402603 
Person 0.8281115164334435 547.6493712067604 168.37401658296585 582.4427593946457 258.3391412496567 
Person 0.7363615174042285 211.09008127450943 167.08994489908218 275.41963145136833 337.92178106307983 
Person 0.7258646175072712 719.6198350191116 166.26971685886383 745.9625449180603 238.85119891166687 
Person 0.6847152604274075 995.0476684570311 164.98870849609375 1042.4683837890625 267.37432861328125 
Person 0.5591108255056254 1135.6036376953125 148.62612915039062 1194.71826171875 262.7613830566406 
Person 0.48888469015943326 952.0695190429688 158.35728454589844 988.9735717773438 247.86009216308594 
Person 0.4177534652950016 491.1036725640297 176.1354699730873 507.8559353351593 227.22934925556183 
Person 0.39027394382048897 139.539784476161 175.8469762802124 209.95955470204353 288.5917559862137 
Don't Care 0.37840579413174447 1.0822539329528809 238.24357604980466 127.40627288818361 340.37548828125 
Don't Care 0.2484258882634941 126.61186981201172 231.0488433837891 215.92388916015625 327.9310607910156 
Person 0.13721446048638758 507.29 175.07 532.65 233.71 
