Vehicle 0.9599973249005613 893.0614943504333 241.87959730625153 1241.558861374855 372.4755048751831 
Vehicle 0.9227841038993985 659.7609758377075 175.79226940870285 735.4615927934647 236.6553246974945 
Don't Care 0.8388223338391818 793.1053466796875 199.3609161376953 998.4790649414062 328.87567138671875 
Don't Care 0.6417544486250925 266.8795775771141 207.15873688459396 376.6165305376053 282.75250643491745 
Vehicle 0.5936727544475422 393.2521353363991 180.20084872841835 469.6095373034477 233.57141017913818 
Don't Care 0.4730674972016606 185.3178253173828 212.86927795410156 282.7320556640625 331.89959716796875 
Don't Care 0.4448252007688255 118.3809585571289 202.64064025878903 186.0640869140625 310.0552978515625 
Vehicle 0.4081806683380288 311.5069420337677 185.44146046042442 424.79243659973145 243.68689209222794 
Person 0.3129382754605547 100.94160461425781 168.6515655517578 129.86639404296875 211.02938842773435 
Vehicle 0.2752527240155324 513.58544921875 177.94097900390625 545.327880859375 202.88200378417966 
