Person 0.8909836072974194 1060.4840369224548 172.67870873212814 1223.6811089515686 367.27116107940674 
Person 0.86002472395488 617.0680403709412 156.51241779327393 691.486165523529 346.3166880607605 
Person 0.8555356568153879 756.9606771469116 161.8614810705185 820.3149390220642 332.03833878040314 
Person 0.8523250987762051 911.0421051979065 143.51197123527527 989.5483975410461 330.13230204582214 
Vehicle 0.7505561714741799 0.3621930854860693 98.39027255773544 264.02396857738495 365.1930171251297 
Person 0.7501207365135716 821.2618360519409 173.03159028291702 899.0364518165588 368.20345997810364 
Person 0.5813611187010262 831.1080622673035 143.95165622234344 877.2778100967407 220.1233696937561 
Person 0.41804865084554815 538.1598329544067 147.22759276628494 555.7165324687958 205.0206744670868 
Don't Care 0.2786770723294745 293.8438720703125 203.3331604003906 409.0735168457031 294.68853759765625 
Person 0.1299890816383873 525.4 145.8 539.1 207.50000000000003 
