Vehicle 0.900571643070499 770.705008149147 194.37474757432938 1163.4749557971954 370.9820955991745 
Vehicle 0.8838216396463364 235.0492493212223 191.87215715646744 488.9236582517624 342.2772288322449 
Vehicle 0.881236929129489 1.57960439985618 205.02622425556183 345.82717913389206 370.3644722700119 
Vehicle 0.8339229678286448 662.0095317363739 181.65110796689987 729.3753011226654 233.0469936132431 
Vehicle 0.7806716545468854 532.3330610990524 179.65826019644737 572.9434286355972 213.39384466409683 
Vehicle 0.7083060749820274 393.6385295391083 190.395288169384 484.324349462986 247.93841689825058 
Person 0.5510325690207628 1005.5693969726562 94.16445922851562 1092.8480224609375 239.95228576660153 
Person 0.502039314705184 311.7728271484375 171.80430603027344 340.9590759277344 197.68406677246094 
Vehicle 0.4548270528562633 646.4504191875458 181.18274956941605 671.9946330785751 211.42541617155075 
Person 0.28271065399501427 354.6551208496094 174.4488525390625 378.45513916015625 197.89915466308594 
