Vehicle 0.9254257051011149 919.5655678510666 204.8448845744133 1240.794142127037 371.40049785375595 
Vehicle 0.9187402255298471 131.27772648632526 197.37466424703598 375.8271226286888 327.05457508563995 
Vehicle 0.8897413681574642 783.1312147378922 185.1891092956066 967.212092757225 293.01365464925766 
Vehicle 0.8271603950017606 726.6474816799164 181.77853524684906 817.8523557186127 251.4503449201584 
Vehicle 0.8079150112504739 352.67100924253464 189.2218440771103 455.3364560008049 261.30513846874237 
Vehicle 0.7872173009238775 434.83698320388794 186.11213564872742 494.4273049235344 237.63243108987808 
Vehicle 0.6648679798353498 510.8664368391037 179.64135110378265 549.1991550922394 208.46150815486908 
Vehicle 0.47730899911862634 705.3705444335938 178.3830108642578 762.6926879882812 229.87722778320312 
Vehicle 0.3872846171432138 538.3368104696274 177.412748336792 563.1669409275055 204.3614387512207 
Vehicle 0.30151213638311736 571.1118774414062 174.5535125732422 609.9630737304688 188.6537170410156 
Vehicle 0.2191884899382396 1070.4395751953125 173.8121337890625 1171.0958251953125 206.5109558105469 
