Vehicle 0.9577329308629854 800.2869840860367 196.4646577835083 1138.8837908506393 371.93622440099716 
Vehicle 0.9558892074094959 0.926443699398078 200.81057399511337 303.2266908288002 372.5583180785179 
Vehicle 0.9378028720715833 743.165417432785 184.2181496322155 871.3154847621918 289.5279675722122 
Vehicle 0.8899073079631947 441.5973456501961 178.36135625839233 503.47549563646317 224.4565486907959 
Vehicle 0.7998082911739013 677.3649905920029 178.03697660565376 750.8906364440918 240.12670665979385 
Vehicle 0.7581634687710043 256.056930989027 176.2412264943123 351.8335935473442 232.2288081049919 
Vehicle 0.5212442277548441 482.09493005275726 172.6631261408329 520.3198251128197 212.2722566127777 
Vehicle 0.37969039318900993 661.1486488580704 175.82857981324196 693.6774959564209 224.5856523513794 
Vehicle 0.36666916754599305 645.1016113758087 173.73688146471977 673.1011440753937 209.18601751327515 
Vehicle 0.3170782186082609 534.23388671875 175.2873077392578 556.8931274414062 189.36857604980466 
Vehicle 0.29851010221793955 583.8932495117188 172.67010498046875 601.4824829101562 186.3677520751953 
Vehicle 0.2822455808046145 511.2359008789062 172.2076416015625 538.6290283203125 207.71592712402344 
