Vehicle 0.8944982417458195 71.04951564967632 189.066544175148 302.8878787457943 330.29352128505707 
Vehicle 0.882030513368107 0.41160305467201397 192.0689195394516 104.52773800492287 372.22541123628616 
Vehicle 0.8698616194402891 284.1546075940132 175.91038718819618 412.2822441458702 242.97326803207397 
Vehicle 0.8431698395483955 587.6717140674591 174.31341111660004 651.2315061092377 225.6149724125862 
Vehicle 0.8225586528950531 431.1354977488518 188.04392963647842 537.4374695420265 262.52277195453644 
Person 0.7954830614700595 883.6085872650146 181.94349110126495 945.9184741973877 340.0958552956581 
Vehicle 0.6093318827643304 0.8753483295440674 143.6195526123047 138.44322204589844 226.5576171875 
Vehicle 0.595714134187517 912.3592178821564 70.08036598563194 1139.1930838823318 370.97398191690445 
Vehicle 0.5869932512655596 740.18767619133 153.41521427035332 958.1051230430603 305.85895478725433 
Vehicle 0.49493440205315614 712.6386108398438 182.4622039794922 770.6118164062501 259.260498046875 
Vehicle 0.4726980129748987 682.9513549804688 172.50961303710938 749.6259155273438 231.87069702148435 
Vehicle 0.45900368866470975 643.2744750976562 175.99720764160156 678.6531982421875 203.76593017578125 
Vehicle 0.42360658835292964 484.58990478515625 176.68023681640625 557.8255615234375 234.95643615722656 
Vehicle 0.21288798726716068 553.5535278320312 172.28369140625 587.6107788085938 196.2156982421875 
