Vehicle 0.9650733567202534 773.2325052022934 170.89711502194405 967.528270483017 275.36239475011826 
Vehicle 0.9474319033557521 145.04090550541878 194.5611611008644 337.91388952732086 291.30032658576965 
Vehicle 0.9448336180757875 593.3973736166954 177.12102457880974 668.7705234289169 250.26829540729523 
Vehicle 0.8722218883499078 68.94508027285337 180.8462105691433 200.5522865653038 242.71061271429062 
Vehicle 0.8138957984649694 335.84973978996277 179.23076078295708 398.532325565815 229.37623411417007 
Vehicle 0.7943649682389405 448.6368713378906 182.3364906013012 507.83454340696335 224.94971752166748 
Vehicle 0.7929125723251873 525.2134730815887 179.9735650420189 561.7672381997108 207.5549215078354 
Vehicle 0.770639240410007 673.7609642744064 178.35329845547676 723.9559364318848 221.53736650943756 
Vehicle 0.7698519876035652 411.01716309785843 176.78125575184822 459.9579364657402 214.3145576119423 
Vehicle 0.7570455555308038 705.2576994895935 181.0600943863392 791.5199553966522 228.75604033470154 
Vehicle 0.29036289684812 273.3600158691406 189.18716430664062 350.212158203125 233.56822204589844 
Vehicle 0.1608346544798222 587.9700927734375 180.29698181152344 606.8980712890625 202.83544921875 
