Vehicle 1.0 779.8358892202377 185.96864864230156 1011.2383049726486 340.99280834198 
Vehicle 1.0 193.90459620952606 189.54449146986008 428.05141389369965 341.3189649581909 
Vehicle 0.8471495625705555 495.3686943054199 173.43071848154068 536.5007069706917 202.51735299825668 
Vehicle 0.7771486713809677 712.6679252386093 177.85217240452766 812.663369178772 258.93518328666687 
Vehicle 0.7015156681915483 610.275756418705 162.73727640509605 649.5997595787048 199.53053444623947 
Vehicle 0.6286601648430825 356.6334468126297 152.04529836773872 495.15156733989716 262.26168125867844 
Vehicle 0.5926247584961828 781.1757395267487 147.84567430615425 867.737072467804 183.4603026509285 
Vehicle 0.41152445775977187 195.24 139.18 369.28000000000003 217.16 
Vehicle 0.41152445775977187 561.4 166.1 594.2 192.5 
Vehicle 0.41152445775977187 661.98 151.61 703.2300000000001 184.95 
