Vehicle 1.0 1012.9546666145325 205.583855509758 1204.9256261587143 372.56625294685364 
Vehicle 0.9805263802257367 367.9547710418701 185.063224285841 543.3722239136696 292.80220717191696 
Vehicle 0.9697054358534232 823.0819101333618 181.69235810637474 924.493750333786 256.1231330037117 
Vehicle 0.949142635916469 560.7036269903183 178.38766425848007 630.9568963050842 230.2662581205368 
Vehicle 0.7717619047176204 784.4637361764908 174.4873747229576 824.0969953536987 222.85714745521545 
Vehicle 0.6781526643881561 665.6091903448105 171.81958258152008 704.5508708953857 204.47655022144318 
Vehicle 0.6363362970192138 744.1441544294357 169.8463037610054 785.9491274356842 196.92914932966232 
Vehicle 0.605311533353085 626.2718249559402 173.18596690893173 658.5983508825302 218.3133065700531 
Vehicle 0.41409186045969437 805.7529296875 181.92942810058594 853.8486328125 233.5222625732422 
Vehicle 0.328641270271775 911.1519165039062 2.0269970893859863 1240.469482421875 203.30506896972656 
