Vehicle 1.0 0.7539347307756543 195.12004405260086 336.0942204594612 372.0395117998123 
Vehicle 0.9979801330623583 906.7351630926132 228.7251502275467 1241.5715203285217 372.61801958084106 
Vehicle 0.9726708158715421 354.15366142988205 185.08321791887283 535.2305549383163 309.57817286252975 
Vehicle 0.902713170428542 729.0646755695343 182.54777044057846 803.9758476018906 249.79280680418015 
Vehicle 0.7721888846157098 561.7123827338219 172.37847670912743 614.0004869699478 219.32067722082138 
Vehicle 0.7124544825340461 682.1960470676422 178.77031490206718 711.3542071580887 199.77888464927673 
Vehicle 0.6423123589950729 627.2347197532654 169.44704577326775 646.5937392711639 190.12869894504547 
Person 0.40740815972495514 646.7199999999999 173.65 658.58 208.09999999999997 
Vehicle 0.24359991242934045 607.0419311523438 178.59898376464844 628.0516357421875 208.96994018554688 
Vehicle 0.16246214911590773 714.1048583984375 182.61875915527344 743.0927124023438 223.54029846191406 
