Vehicle 1.0 356.77521228790283 178.9066046476364 570.5603621006012 309.8305016756058 
Vehicle 1.0 2.0037971867714077 192.7102580666542 328.8551126718521 325.6802335381508 
Vehicle 0.9974745061557709 13.544817851856351 82.88310281932354 457.1296226978302 236.56252026557922 
Vehicle 0.7616765466947248 698.7480361461639 168.8115857541561 745.3477174043655 202.03088968992233 
Vehicle 0.702274610154147 664.1965695619583 168.11251267790794 701.6195458173752 201.0939046740532 
Vehicle 0.4046480888436332 1170.1561279296875 155.85299682617188 1203.7081298828125 176.6896514892578 
Vehicle 0.383035040611531 1137.4969482421875 157.12380981445312 1172.7642822265625 179.25340270996094 
Vehicle 0.3587275899725225 1202.74609375 157.1761932373047 1241.28466796875 173.99069213867188 
Vehicle 0.29650277170893036 1103.6842041015625 157.8299560546875 1141.359375 178.58616638183594 
Vehicle 0.19055873854140679 1044.8406982421875 159.03427124023438 1087.112060546875 178.2629852294922 
Vehicle 0.1666660323213009 891.6981811523436 157.93453979492188 917.9144897460938 173.36082458496094 
