Vehicle 0.9761182482560528 102.13921183347702 192.15410202741623 440.05565536022186 373.0323985219002 
Vehicle 0.9507827185632001 0.9567331146681681 214.68595415353775 184.4781359732151 372.93360382318497 
Vehicle 0.856624305316136 397.42396384477615 165.97722843289375 530.4055688381195 291.709341108799 
Vehicle 0.8482308856387092 666.154339671135 182.15708434581757 770.8939300775528 228.92508655786514 
Vehicle 0.8244226691773802 639.6269470453262 179.59489300847054 688.2537635564804 213.5363146662712 
Vehicle 0.7939321390014531 532.9311411380768 189.20481204986572 574.2177633047104 228.48102450370789 
Vehicle 0.5452203734329965 546.46108263731 167.245801538229 587.4315270781517 211.2678363919258 
Vehicle 0.5020748529653484 518.716552734375 189.76333618164062 551.7523193359375 243.67445373535153 
Don't Care 0.43759177344450145 907.0822143554686 212.18161010742188 1025.35302734375 298.6401062011719 
Person 0.3906293399636671 731.6600000000001 194.77 1038.73 312.46 
Don't Care 0.3846921938431642 807.6800537109375 216.56492614746094 907.5598754882812 292.9895935058594 
