Vehicle 0.9848835580419488 0.06537226628279313 204.16585958003998 402.4526278972626 371.60656011104584 
Person 0.9440287696831591 1014.2170954942703 155.79255729913712 1099.6967329978943 312.50562381744385 
Person 0.7599469598423889 666.4242273569107 173.71235924959183 699.2353430986404 226.4366854429245 
Person 0.6844743490848304 537.6530760526657 172.2224977016449 561.5884061455727 226.77534759044647 
Don't Care 0.4699086171209189 829.3595581054689 215.80578613281247 986.5092773437499 366.3053283691406 
Don't Care 0.39743689725575215 751.72 201.11999999999998 807.0700000000002 273.41 
Person 0.39743689725575215 831.36 243.48 993.45 371.68 
Person 0.39743689725575215 609.96 173.44 628.04 207.9 
Person 0.3894415994850639 928.7780151367188 182.598876953125 967.717041015625 253.03057861328128 
Person 0.26701367996402414 688.1392822265625 174.0984344482422 704.8363647460938 225.39996337890622 
