Vehicle 0.967282269776325 249.21062090992928 197.10416346788406 375.36780989170074 267.0079171657562 
Vehicle 0.9517391842833941 710.3597019910812 180.7282492518425 808.873456120491 239.81691151857376 
Vehicle 0.9372087207971116 101.90732534229755 190.61176478862762 187.28668400645256 238.2395714521408 
Vehicle 0.8756528127525743 632.2293802499771 174.09290000796318 696.8746590614319 231.42743110656738 
Vehicle 0.7827708805308878 394.3397689461708 170.88394984602928 652.3181773424149 305.7418316602707 
Vehicle 0.6591142497046616 49.57105600833893 181.58455565571785 85.46177141368389 213.2583037018776 
Vehicle 0.4783585097197914 90.7258529663086 192.3900604248047 140.2864227294922 226.5092315673828 
Vehicle 0.3070300130942014 783.9204711914062 174.9171600341797 901.6603393554688 208.109375 
Vehicle 0.2896280343877293 321.293701171875 180.57994079589844 405.40753173828125 218.80047607421875 
Vehicle 0.21189953502544936 683.95458984375 188.9767303466797 721.8375244140624 220.56646728515625 
