Vehicle 0.9974664694738863 0.5374554464360699 83.2771472632885 440.12339186668396 262.5604346394539 
Vehicle 0.9899639890017496 84.22194349765778 188.82811814546585 387.81881618499756 305.6960329413414 
Vehicle 0.9818610830878942 424.0701729655266 177.54845693707466 617.4044499993324 287.0234102010727 
Vehicle 0.7198191517056184 703.8097668886185 167.35953837633133 742.4950851202011 202.31540501117706 
Vehicle 0.6579396159208221 666.9620697498322 166.51734709739685 700.5782543420792 204.37031239271164 
Vehicle 0.38582258454225793 1170.26220703125 155.86920166015625 1203.5223388671875 176.8540802001953 
Vehicle 0.37807548014335796 1137.369384765625 157.40408325195312 1172.7867431640625 179.34898376464844 
Vehicle 0.3361897085380852 1202.8592529296875 157.14288330078125 1241.2432861328125 174.0413360595703 
Vehicle 0.30296986202331355 1103.5738525390625 157.90969848632812 1141.3875732421875 178.4507598876953 
Vehicle 0.21006356112628863 1044.921875 158.9843292236328 1087.424072265625 178.5497589111328 
