Vehicle 0.9512350352860234 73.37297035753727 182.25564435124397 271.34030413627625 273.4662964940071 
Vehicle 0.9250456932390103 275.27087223529816 174.72992464900017 374.04091465473175 239.29030448198318 
Vehicle 0.8823401899235798 368.5374530553818 183.8609240949154 420.8368837237358 227.04559564590454 
Vehicle 0.8526119548194685 403.4881578683853 177.81776189804077 457.35333824157715 223.41542690992355 
Vehicle 0.8192366022762865 485.3239996433258 178.08504402637482 518.7735820412636 204.63448762893677 
Vehicle 0.7849170878394257 455.73795211315155 177.4863302707672 497.81753557920456 210.20527929067612 
Don't Care 0.6574163068020125 690.0104709863663 150.02216398715973 736.1375513076782 193.9123123884201 
Vehicle 0.65359815355492 529.6715345978737 175.08095875382423 560.8640847802162 198.07561486959457 
Person 0.3957937510228168 758.04 168.57 775.5499999999998 189.47 
Person 0.3957937510228168 814.54 162.92 838.84 195.69 
