Person 0.967634953191324 186.96110460162163 156.8690948188305 249.35473680496216 345.8600342273712 
Person 0.9659450461582403 235.75509703159332 173.96486923098564 305.069012761116 361.47037893533707 
Person 0.9372220014737159 746.5626808404922 169.58635300397873 796.9296963214874 287.95988112688065 
Person 0.7108694656850536 450.721675157547 166.9238582253456 482.4923545718193 239.96376246213913 
Person 0.7090466250520909 495.54066359996796 166.3292571902275 519.0879460573196 225.2386137843132 
Person 0.6243103880250023 532.3318766355515 172.81100526452065 551.4342747330666 221.08814120292664 
Don't Care 0.527803715796267 42.28125 231.02163696289062 121.13798522949219 373.5261535644531 
Don't Care 0.4756439642662238 1169.5474853515625 218.8799743652344 1241.16796875 315.83233642578125 
Person 0.40642473235984766 545.49 176.58 569.03 221.52 
Don't Care 0.2431861812660137 178.49093627929688 265.6398010253906 216.8189239501953 316.5662536621094 
Person 0.22081790813887703 736.2947998046875 170.360595703125 758.5128173828125 216.05233764648438 
