Person 0.8807500123848431 880.4293391704559 152.00604870915413 937.7585570812225 259.83430445194244 
Person 0.8795855384297386 240.20446014404297 192.94660538434982 270.7160733640194 258.82890075445175 
Vehicle 0.790386346704025 443.14939999580383 170.16783356666565 506.57938224077225 225.74101388454437 
Person 0.7189998672533616 645.7836402654648 169.35216262936592 665.6211830377579 205.36483079195023 
Don't Care 0.39595426833691183 959.26 247.26 999.49 375.0 
Don't Care 0.39595426833691183 830.07 210.43 858.97 313.56 
Don't Care 0.39595426833691183 873.7 234.79999999999998 901.47 340.19 
Person 0.39595426833691183 0.0 232.52999999999997 84.99 374.18 
Person 0.39595426833691183 163.18 210.43 226.07000000000002 267.09 
Vehicle 0.38740840701262763 1.1289427280426025 251.81622314453125 79.28192138671875 373.8161315917969 
