Person 0.9167303409308811 655.0066893100739 165.84048175811768 681.4926266670227 239.09389340877533 
Person 0.8931819805196501 680.4143991470337 164.15161830186844 711.432256937027 238.16159164905548 
Person 0.808698413037804 446.04395270347595 165.02015340328217 478.0363991856575 244.6747076511383 
Person 0.40648677500208186 294.31 193.21 399.64 283.89 
Person 0.40648677500208186 526.93 166.18 552.84 207.29 
Person 0.40648677500208186 557.34 165.61 593.96 205.6 
Person 0.40648677500208186 1010.75 232.07 1141.99 370.63 
Person 0.40648677500208186 599.59 163.92 628.31 208.42 
Vehicle 0.40648677500208186 735.89 205.04 774.76 294.59 
Don't Care 0.2859974130851794 738.2716674804689 206.31324768066406 780.051513671875 286.8430480957031 
Don't Care 0.2551612605469517 854.4694213867188 185.74026489257812 1010.3482055664062 373.118408203125 
