Vehicle 0.975809813863568 1.0568731273524463 194.6912705898285 385.2398319840431 372.2219243645668 
Vehicle 0.975415412121701 352.8386478424072 179.61179092526436 611.2396876215935 351.72007977962494 
Vehicle 0.9751396461891556 948.9346364736557 209.5925509929657 1204.1751945018768 373.4075278043747 
Vehicle 0.9373795105061578 604.3483679294586 174.9756708741188 720.6643863916397 263.30888271331787 
Vehicle 0.9081357835083892 889.8818761110306 180.18102273344994 954.7553862333298 237.18926310539246 
Vehicle 0.8235350334441165 738.5296493768692 168.7380149960518 787.4626497030258 209.21751111745834 
Vehicle 0.6787346756244377 860.4713512659073 171.97712883353233 888.3091306686401 193.7277764081955 
Vehicle 0.5805767414613141 804.3569487333298 164.3536202609539 824.2942085266113 184.28125977516174 
Person 0.3936471887906846 821.5800000000002 166.81 834.04 191.74 
Vehicle 0.21536748118217508 779.127685546875 171.9852294921875 802.4454345703125 201.8118438720703 
