Person 0.9647691028981429 138.14972731471062 191.53065395355225 270.2706559896469 372.48489260673523 
Person 0.9246191841110836 950.5723031759262 159.01579970121384 1017.7636907100677 286.02711248397827 
Person 0.9238195592341717 420.28806215524673 176.55737096071243 491.938280582428 291.00401043891907 
Person 0.8599325300692001 228.95923781394958 173.42905962467194 286.85895615816116 329.0174766778946 
Person 0.7862732173522047 575.3776831626892 165.01182729005814 613.6203737258911 234.09722232818604 
Person 0.7443561179145888 515.484513103962 167.52916687726974 547.5637003779411 230.34572315216064 
Don't Care 0.50498999892891 876.046142578125 220.19827270507812 954.1475830078125 362.0875549316406 
Don't Care 0.5015712596258205 786.79736328125 232.79803466796875 854.6505126953125 360.8337097167969 
Don't Care 0.4424409111980751 692.1783447265625 194.01870727539062 739.8958740234375 245.46534729003903 
Person 0.39945597555181644 863.7100000000002 214.96000000000004 962.89 365.3 
Person 0.39945597555181644 782.66 220.3 857.31 360.01 
Don't Care 0.39549776197799064 264.25006103515625 210.836669921875 354.7731018066407 303.12139892578125 
Person 0.28352844548222106 554.5758666992188 166.60133361816406 572.8229370117188 222.45733642578125 
Don't Care 0.2273700394596816 424.455810546875 217.8264007568359 461.4891357421875 287.64190673828125 
Person 0.18319510061779792 621.12890625 170.45211791992188 635.1100463867188 211.08212280273435 
