Vehicle 0.9306331581099532 306.315216422081 178.22332307696342 489.68400979042053 268.23272556066513 
Vehicle 0.9291669216545568 823.7871841192245 187.64761090278625 1036.755498290062 325.3738582134247 
Vehicle 0.9074768806689405 591.8700449466705 176.13504454493523 660.7440805435181 231.21971637010574 
Vehicle 0.9017336489095107 755.7470848560333 182.3752373456955 869.300194144249 264.69361782073975 
Vehicle 0.9002837779653821 9.921116022393107 177.17846855521202 236.7142903804779 276.1806920170784 
Person 0.8971909088748921 971.8401618003845 192.96200573444366 1108.8169251680374 373.53620678186417 
Vehicle 0.8859103957510769 221.29377856850624 171.67218402028084 336.2747771143913 243.63434314727783 
Vehicle 0.6930336354331144 448.3857650756836 167.62813925743103 524.3413748145103 217.60191768407822 
Vehicle 0.6536342692502373 722.7593321800232 162.56658732891083 806.5684901475906 236.44696176052094 
Vehicle 0.5500639592377894 1080.7742919921875 241.81256103515622 1240.7703857421875 372.60015869140625 
Vehicle 0.4705604377130698 0.1703280806541443 226.19480895996097 68.95369720458984 373.10858154296875 
Person 0.3803535480364667 685.71 166.31 715.09 206.42999999999998 
Vehicle 0.3294462609617292 1.2339874505996704 174.7515411376953 93.63182830810547 218.90292358398435 
