Vehicle 1.0 123.17670866847038 95.63225135207176 470.6457948088646 221.66448086500168 
Vehicle 1.0 0.49719409772660583 205.30816912651062 391.58615040779114 372.45918810367584 
Vehicle 0.766168348772807 491.6628781557083 177.06014961004257 526.9169166684151 204.30182665586472 
Vehicle 0.7375443867316529 660.0064558982849 171.81861028075218 692.0086609125137 198.56898486614227 
Vehicle 0.729199506469706 686.6002525091171 170.7664467394352 735.6247526407242 206.5882757306099 
Vehicle 0.4175519340847415 887.87 153.21 944.53 177.57 
Vehicle 0.4175519340847415 826.67 159.44 889.0 176.44 
Vehicle 0.4175519340847415 575.67 161.14 653.86 189.47 
Vehicle 0.4175519340847415 1046.52 156.61 1153.61 183.24 
Vehicle 0.3863609928790148 1170.262939453125 155.8037567138672 1203.5526123046875 176.81033325195312 
Vehicle 0.380912047497777 1137.327392578125 157.53173828125 1172.560302734375 179.252685546875 
Vehicle 0.3530967319487392 1202.8563232421875 157.0814971923828 1241.1597900390625 174.1502227783203 
Vehicle 0.2970259587872669 1103.573974609375 158.12107849121094 1141.33203125 178.46923828125 
Vehicle 0.19469513686895265 1044.9539794921875 159.0622100830078 1085.7025146484375 178.1414031982422 
Vehicle 0.16387383227841554 475.7015380859375 174.76470947265625 501.6329650878906 192.4257659912109 
