Person 1.0 809.8209357261658 144.75013315677643 872.1011381149292 321.62210285663605 
Vehicle 0.9933381307600158 2.606418840587139 124.98946100473404 132.77420210838318 278.76140654087067 
Person 0.4325756769564787 371.27 197.19 428.7 271.92 
Person 0.4325756769564787 336.66 199.54999999999998 367.34 267.99 
Person 0.4325756769564787 303.62 189.32 341.38 279.79 
Person 0.4325756769564787 244.62 197.19 301.26 285.29 
Don't Care 0.22839440991991525 943.7080078125 193.80760192871094 1002.4338989257812 278.61041259765625 
Don't Care 0.2252284224536505 870.6453247070312 207.1318359375 919.828125 279.25018310546875 
Don't Care 0.2065741047807326 283.1978454589844 209.29603576660156 334.14984130859375 283.5278015136719 
Don't Care 0.1764478958753874 343.87176513671875 208.8162078857422 390.8975524902344 282.4459228515625 
