Vehicle 0.983576706170358 86.94960562884808 206.16743713617325 386.96622455120087 365.5565679073334 
Vehicle 0.9538410829624844 374.84264838695526 185.5374164879322 480.79413002729416 272.8588655591011 
Vehicle 0.9482576833631303 0.7946456753415987 257.0934668183327 89.99853497743607 372.1676096320152 
Vehicle 0.9364121897544406 815.266597867012 171.43971472978592 986.4940481185913 264.8439332842827 
Vehicle 0.8974634048509195 473.1098860502243 186.8945024907589 529.460440993309 244.81194466352463 
Vehicle 0.8741185858878774 666.7066698074341 182.31023848056793 731.0476895570755 224.6241196990013 
Vehicle 0.7227088620107389 740.8232889175415 174.70092326402664 781.2925572395325 210.58228611946106 
Vehicle 0.6208208831625559 540.1034747958183 183.1689588725567 566.8632073402405 211.7055505514145 
Vehicle 0.4187143400002535 498.36480712890625 186.50047302246094 549.2529907226562 231.82135009765625 
Vehicle 0.32415692825428083 710.2479248046876 182.43711853027344 740.6231079101562 216.0951843261719 
Vehicle 0.19705332379394672 783.5175170898438 171.39500427246094 846.611572265625 221.64909362792966 
