Vehicle 0.9575698564901775 173.02183842658997 193.7968209385872 369.4969425201416 302.49734222888947 
Vehicle 0.9477025859092219 810.2562432289124 158.5974432528019 940.9667505025864 203.5965844988823 
Vehicle 0.9132175631757531 348.34153604507446 197.4148526787758 423.98337399959564 258.1521347165108 
Vehicle 0.8928644146236158 452.14358657598495 189.71825391054153 491.59936130046844 229.7278270125389 
Vehicle 0.8665684764201621 415.06321638822556 192.48278439044952 462.01442420482635 240.906223654747 
Vehicle 0.8316055739080491 1083.3419283628464 140.1398554444313 1144.9946601390839 178.16846072673798 
Vehicle 0.8167677595284595 486.4274014234543 185.68088114261627 520.740642786026 219.20228004455566 
Vehicle 0.7119445515981444 749.8138110637665 157.8071303665638 815.6093519926071 198.51525127887726 
Vehicle 0.3986942542145237 521.19 179.56 556.31 210.69 
Vehicle 0.3986942542145237 604.2 168.38 633.73 198.71 
Vehicle 0.21750789300765092 1115.0455322265625 144.15097045898438 1183.793212890625 180.1448974609375 
Vehicle 0.18675577433987345 658.8486328125 178.64224243164062 706.3401489257812 211.2796783447266 
