Vehicle 1.0 832.4985430240631 191.28913432359695 1220.9072960615158 372.7091923356056 
Vehicle 0.996727470842465 6.12700008507818 188.7791007757187 293.5643928050995 301.0479658842087 
Vehicle 0.9684444755070762 679.6186544895172 181.64270371198654 744.7351276874542 227.95651853084564 
Vehicle 0.9476123103850697 751.4975259304047 178.21745574474335 895.586548447609 282.57519006729126 
Vehicle 0.9369073637022924 251.23753407597542 182.2945922613144 396.2522333264351 251.4914944767952 
Vehicle 0.7262425940380054 381.83883011341095 190.62678515911102 457.41500437259674 235.78932881355286 
Vehicle 0.6952755569415386 428.98114371299744 175.48274248838425 500.82955223321915 222.96039015054703 
Vehicle 0.6564428074001284 632.9458326101303 161.3006629049778 677.9624783992767 202.5223821401596 
Vehicle 0.629860677658988 521.54296875 171.45566269755363 558.2876915931702 197.90726155042648 
Vehicle 0.3214363092194155 735.5338134765624 181.14305114746094 780.039306640625 211.77647399902347 
Vehicle 0.16548732336453062 462.81005859375 176.22952270507812 540.6693725585938 211.94100952148435 
