Vehicle 1.0 371.77144557237625 191.53694808483124 449.2372832894325 242.78587102890015 
Vehicle 0.9626696924552228 432.87069976329803 185.75308844447136 481.0841755270958 229.70062494277954 
Vehicle 0.8517127774606095 472.4324099421501 175.18649250268936 510.1243704557419 216.02189540863037 
Vehicle 0.7673940136551034 657.2266681194305 177.55070328712463 724.1953461170197 220.4422429203987 
Vehicle 0.7658195379568352 33.560836371034384 204.4629603624344 126.05565825104713 239.30633068084717 
Vehicle 0.6651282574870445 4.651491982396692 203.54347676038742 39.72894161939621 242.372028529644 
Vehicle 0.6429975516369159 1138.8654316663742 114.29324001073837 1229.5421830415726 173.5488921403885 
Vehicle 0.5715201512703793 1056.219712972641 132.6894946396351 1163.8242985010147 178.02882939577103 
Vehicle 0.43089677527199444 536.5 173.95 571.58 198.66 
Vehicle 0.43089677527199444 510.99 175.54 538.1 204.24 
Vehicle 0.20785888842423822 627.3942871093751 174.19003295898438 649.1160888671875 193.7137451171875 
