Vehicle 0.9382414365075588 64.62238997966051 209.09222960472107 219.52270951867104 265.7029330730438 
Vehicle 0.9257569694237943 209.2881120443344 202.3712620139122 277.49205592274666 240.54745584726334 
Vehicle 0.888286180861778 568.1509412527084 183.71019512414932 650.2059828042984 256.5005421638489 
Vehicle 0.856483655595294 0.19236577555420808 211.49294078350067 82.59751658141613 256.1899200081825 
Vehicle 0.7530745905953579 311.67702358961105 192.10048019886017 360.17924934625626 227.34327614307404 
Vehicle 0.707177230884194 274.8055076301098 194.43818181753159 309.3058757185936 224.69189018011093 
Don't Care 0.3749346577789291 1166.849853515625 53.588882446289055 1216.6138916015625 143.16322326660156 
Don't Care 0.3726994909686737 933.4711303710938 0.0 962.1105346679688 33.582027435302734 
Don't Care 0.32672977895078814 251.1552276611328 59.12135696411133 271.0706481933594 97.49102783203126 
Don't Care 0.19154216223304943 859.2083129882812 124.62171173095705 876.9242553710938 167.11692810058594 
