Vehicle 0.989549514730012 592.1708986759186 188.46029788255692 666.6974161863327 246.62746489048004 
Vehicle 0.9841935344246012 185.50225272774696 185.2845847606659 298.8561315536499 237.2957468032837 
Vehicle 0.8921102887948372 685.6007133722305 167.5724722445011 760.8744052648544 236.90318316221237 
Person 0.8541248361652494 920.2018468379974 175.69297179579735 990.7825462818146 262.03320175409317 
Person 0.8428940667839934 450.42215394973755 172.18486592173576 474.97996884584427 254.14972007274628 
Vehicle 0.8350122083979865 471.7206584215164 180.96580356359482 518.0414725542068 230.0746589899063 
Vehicle 0.6786668279006233 329.26112455129623 174.59461838006973 388.5443000793457 213.48432451486588 
Don't Care 0.5143032896179073 905.5833129882812 204.63595581054688 992.572509765625 263.9503173828125 
Vehicle 0.35275929887336605 510.2440490722657 181.84449768066406 547.4487915039062 214.72329711914062 
Don't Care 0.30169114360821053 1201.59423828125 97.37696838378906 1230.468017578125 136.68930053710938 
Vehicle 0.259485202798553 577.7619018554688 182.12716674804688 618.8419189453125 220.9986572265625 
Vehicle 0.18455645525691947 552.24462890625 182.2011260986328 571.154052734375 200.6876220703125 
Vehicle 0.1631777338647826 663.4193725585938 177.1633758544922 687.5236816406249 213.66148376464847 
