Vehicle 1.0 754.1452460289001 180.14492467045784 901.0855683088303 271.5431973338127 
Vehicle 0.8931870207493606 383.1607283949852 178.12058329582214 445.14603531360626 204.3873891234398 
Vehicle 0.7306000350030629 1173.201325893402 151.86507627367973 1238.1564899682999 176.56471207737923 
Vehicle 0.6515020617300635 609.4038062095642 172.02075943350792 677.5273361206055 199.7813656926155 
Vehicle 0.41922380454400926 555.64 171.56 601.87 194.66999999999996 
Vehicle 0.41922380454400926 710.29 169.17 731.81 187.5 
Vehicle 0.41922380454400926 972.56 168.37 1034.74 181.12 
Don't Care 0.40993563172625136 636.9459838867186 33.78778076171875 645.5684814453125 62.635562896728516 
Vehicle 0.30852110676927225 253.40728759765625 182.96728515625 303.3222961425781 204.02134704589844 
Vehicle 0.17466871862429129 587.0186157226562 174.09324645996094 608.6771850585938 189.185791015625 
