Person 0.9332451308436897 659.2616086006165 147.8198343515396 701.0937523841858 263.94463777542114 
Person 0.9063428581880956 589.3026323318481 144.79594975709915 619.0531754493713 226.63603127002716 
Person 0.8882035395654737 552.4918735027313 133.17294538021088 578.8680882453918 228.74390363693237 
Person 0.6519514001206491 506.3271961212158 143.01382184028625 521.7445678710938 182.17647343873978 
Vehicle 0.5131760668530003 0.8562089800834656 96.32685089111328 262.0947570800781 363.9032897949219 
Person 0.40526985601032106 407.14 137.64 428.38 194.28 
Person 0.40526985601032106 356.01 143.15 387.48 177.76 
Person 0.40526985601032106 304.09 217.88 414.22 294.18 
Person 0.40526985601032106 289.93 145.51 334.77 207.65 
Person 0.40526985601032106 437.82 137.64 462.21 202.93 
Person 0.40526985601032106 371.74 187.2 486.59 272.16 
Person 0.40526985601032106 655.72 154.16 668.3099999999998 211.59 
Don't Care 0.2544229704467555 252.70468139648438 221.671630859375 319.7825927734375 299.2077331542969 
Don't Care 0.24355086263380635 308.39709472656256 193.1865692138672 406.0919494628906 290.6534118652344 
