Vehicle 0.9709553328145308 96.78345653414726 178.56189608573914 311.6324581503868 270.400732755661 
Vehicle 0.8720904603009092 400.5033468604088 175.95543712377548 469.5691915154457 209.49583500623703 
Vehicle 0.8623296179430577 546.9443067312241 176.81847140192986 661.0204306840897 213.56572955846786 
Person 0.8554372791635324 352.3251829147339 168.77927631139755 383.8577111363411 253.22317332029343 
Vehicle 0.8088132067424945 828.7465327978134 157.86996111273766 935.074044585228 203.4035101532936 
Vehicle 0.7287461310139902 697.1424218416214 170.1291985809803 731.5898777246475 194.53167915344238 
Person 0.7118498113831293 1141.2083745002747 168.55773702263832 1235.8974219560623 277.0928665995598 
Don't Care 0.4292736604719569 1120.080322265625 207.14880371093747 1233.9522705078125 301.45086669921875 
Vehicle 0.39567743176465714 521.19 173.97 553.11 195.52 
Don't Care 0.2891439510978679 358.3996887207031 104.86551666259766 372.15203857421875 145.33018493652344 
