Vehicle 0.981720439002383 50.45351370424032 200.76146721839905 435.21353155374527 371.5366870164871 
Vehicle 0.9750499406284304 761.7082675695419 155.66327422857285 1108.0994364023209 365.4540404677391 
Vehicle 0.9285613063058202 665.5083628892899 183.07990953326225 742.3646460771561 253.44295799732208 
Vehicle 0.9010650930928626 461.0300239920616 182.23712593317032 535.3271257281303 243.05583536624908 
Vehicle 0.8612636632755527 718.4919322729111 188.0681812763214 789.5131040811539 280.262790620327 
Vehicle 0.7418292285377244 533.7153670191765 177.97469347715378 562.365207195282 208.71984958648682 
Vehicle 0.7271205565034935 627.6154507398605 174.18980598449707 656.8592623472214 201.16453617811203 
Vehicle 0.39862382100407057 559.5 174.77 581.85 200.31 
Vehicle 0.2497606998131571 407.681396484375 209.24061584472653 503.1887512207031 261.0202941894531 
Vehicle 0.17891155943796277 601.4083251953125 174.86972045898438 623.21630859375 190.9633483886719 
