Vehicle 0.9997810421379769 876.1043447256088 186.71316280961037 1241.0388078689575 372.2919076681137 
Vehicle 0.9939464791012714 3.8013357860036194 237.68111318349838 324.62580066919327 372.6409524679184 
Vehicle 0.9814913832123284 223.5214397907257 203.1661793589592 464.860319852829 353.6992371082306 
Vehicle 0.9748012436224108 569.9449592828751 180.6710958480835 628.3048084974289 226.80824249982834 
Vehicle 0.9604925488733675 662.7981623411179 181.60920962691307 728.0411510467529 233.6660474538803 
Vehicle 0.8933769957434669 524.2736383080482 177.89291962981224 568.1057095527649 214.78573232889175 
Vehicle 0.737289373852124 66.36361147463322 194.4287270307541 212.03819569945335 249.2375671863556 
Vehicle 0.5138030362165815 380.8611295223236 172.90259152650833 474.1277103424072 224.70641881227493 
Vehicle 0.4591475012966548 643.3016357421875 128.564208984375 719.9445190429688 211.9879150390625 
Person 0.40356190863545366 742.18 164.38 764.5 216.20000000000002 
Vehicle 0.40356190863545366 283.8 173.95 326.84999999999997 201.85 
Vehicle 0.34662370871621334 442.5746765136719 181.07290649414062 494.2347412109375 213.37274169921872 
Vehicle 0.26510693452184025 488.3682861328125 181.22463989257812 527.1058959960938 201.7407989501953 
Vehicle 0.17136336737649438 626.3080444335938 174.4396209716797 648.7966308593751 198.1837158203125 
