Vehicle 0.9580615563158841 930.7973170280457 150.0825472176075 1241.970240354538 365.73853343725204 
Vehicle 0.9182078169629975 693.4091409444809 169.7925701737404 766.693378329277 216.0278856754303 
Vehicle 0.9134891828420489 28.369753886014223 182.45891109108925 165.30629870295525 237.52480745315552 
Vehicle 0.8757339307972724 763.1811479330063 164.0268936753273 825.2662088871002 211.59401535987854 
Vehicle 0.8754169804850348 318.7802512049675 182.21106380224228 394.31726413965225 226.34802013635635 
Vehicle 0.7059707637762489 839.8741232156754 132.23251327872276 1030.4443066120148 211.67050302028656 
Vehicle 0.4135177116931559 456.63116455078125 172.5290985107422 498.8378601074219 205.7272796630859 
Vehicle 0.39027844768263315 217.23999999999998 164.26 311.49 233.22 
Vehicle 0.39027844768263315 534.48 164.26 587.35 224.02000000000004 
Vehicle 0.19815471992416356 1185.5076904296875 133.9864501953125 1241.4224853515625 204.49078369140625 
