Vehicle 0.9631365560237918 918.1535392999649 210.2057933807373 1231.6744394302368 372.7647364139557 
Vehicle 0.9615363359901236 244.65667337179184 172.6665124297142 560.9013213515282 363.05078119039536 
Vehicle 0.9483544093769458 3.560718792490661 228.24764996767044 279.4330214560032 372.9846328496933 
Vehicle 0.9344350031757903 552.1597586274147 174.15275797247887 675.1242077350616 263.4052187204361 
Vehicle 0.8746911795242206 838.6879570484161 177.16767266392708 904.5043741464615 233.82335901260376 
Vehicle 0.7370949659982527 694.8130263090134 163.93548622727394 738.7310081720352 207.63713121414185 
Vehicle 0.7361430409717127 809.7403353452682 168.50659623742104 836.7047209739685 192.67402589321136 
Person 0.38582278208834997 770.23 165.19 790.98 201.11 
Vehicle 0.38582278208834997 753.46 161.2 774.22 183.55 
Vehicle 0.19477474689561944 732.4185180664064 169.55194091796875 753.3472290039062 198.59194946289062 
