Person 0.9619821209085603 76.45490274578333 168.35280507802963 166.86921679973602 301.9178509712219 
Person 0.8344552306381686 929.3672254085541 169.70431432127953 953.2396430969238 234.99566316604614 
Person 0.8339924846343083 1023.192724943161 168.34713891148567 1046.483719110489 246.4606761932373 
Vehicle 0.6995396442098724 423.09106582403183 143.80237832665443 541.8857962489128 234.99011993408203 
Person 0.6799474582680171 826.4407525062561 181.31722882390022 863.1893988847733 232.52832144498825 
Person 0.6378841903918732 305.8871624171734 167.59063303470612 322.91643476486206 216.89332276582718 
Don't Care 0.5655568768354187 54.763160705566406 221.58436584472656 173.27484130859375 330.7286682128906 
Vehicle 0.46657806551984765 375.50775146484375 181.06898498535156 427.48040771484375 211.2084045410156 
Person 0.4195826196872387 640.12 174.77 680.03 229.84 
Person 0.4195826196872387 2.36 215.48 39.86999999999999 350.37 
Person 0.4195826196872387 852.44 181.95 885.1700000000001 240.22 
Person 0.4195826196872387 338.4 177.96 383.1 215.48 
Don't Care 0.3332807716221072 1135.1314697265625 119.94261932373045 1241.2967529296875 185.3313751220703 
Person 0.25321935325862027 49.749717712402344 194.42263793945312 87.78651428222656 267.442626953125 
Don't Care 0.1710928387084805 2.6503303050994877 273.8188171386719 42.69913864135742 321.3800354003906 
