Person 0.9938241455122119 809.6327819824219 157.60886251926422 864.9591021537781 301.95764005184174 
Person 0.4172756229129187 255.92 187.50000000000003 278.57 278.12 
Person 0.4172756229129187 280.84 193.16 306.89 281.52 
Person 0.4172756229129187 308.0199999999999 196.56 338.61 282.65 
Person 0.4172756229129187 339.74 192.03 363.53 282.65 
Person 0.4172756229129187 365.79 193.16 419.03 287.18 
Person 0.4172756229129187 868.73 176.17 893.65 279.25 
Person 0.4172756229129187 897.05 188.63 923.11 288.31 
Person 0.4172756229129187 919.71 185.23 957.09 280.38 
Person 0.4172756229129187 965.02 180.7 1052.24 276.99 
Don't Care 0.1811818384450273 282.4225158691406 207.46694946289062 337.5075378417969 282.7230224609375 
