Person 0.9601739709040753 513.6975116729736 163.01239848136902 556.5484507083893 255.02922356128693 
Vehicle 0.9233250741544392 1055.7892398834229 186.3638460636139 1153.1055808067322 225.8237487077713 
Person 0.8974239151795566 399.7541506290436 169.33356761932373 432.6986746788025 254.26779687404633 
Person 0.8635359036599451 101.50143027305603 156.11431509256363 199.50835525989532 314.00397658348083 
Vehicle 0.8433434468778046 961.6148986816406 183.9872932434082 1062.807834148407 223.45917105674744 
Person 0.8399547450049645 698.6433033943176 157.23033249378204 770.826783657074 262.0072627067566 
Person 0.6686464070874079 327.6292541027069 157.4709716439247 343.396924495697 201.22611165046692 
Vehicle 0.6497987241830498 1149.7566776275635 187.12531685829163 1223.2624869346619 227.39324569702148 
Vehicle 0.5918980334907447 597.5101554393768 169.08762454986572 649.7810382843018 212.41513192653656 
Don't Care 0.5461078170636131 691.87353515625 199.5881805419922 768.4053344726562 269.95587158203125 
Don't Care 0.5457977575226445 97.45726776123047 228.40184020996094 199.37139892578125 334.0970764160156 
Person 0.41000055551074066 348.81 153.98 366.09999999999997 194.04 
Person 0.41000055551074066 298.53 157.12 312.67 201.9 
Person 0.41000055551074066 213.69 157.12 289.11 198.75999999999996 
Don't Care 0.1917788652361392 838.8297119140625 216.33042907714844 1222.56982421875 300.7727966308594 
Don't Care 0.18812067558601264 80.71488189697266 170.01988220214844 123.76004028320312 203.40487670898438 
