Vehicle 1.0 524.8074612021446 175.81671103835106 738.1512132883072 368.7059059739113 
Vehicle 0.9263720839489001 205.126110881567 189.16739523410797 308.02961629629135 226.94092243909836 
Vehicle 0.9104594941654452 329.0141268968582 184.86883118748665 399.86980694532394 215.4986634850502 
Vehicle 0.8667565090673212 54.95948584377766 199.1330087184906 145.9486302137375 235.49146950244904 
Vehicle 0.7156414536369221 418.79098212718964 181.2821812927723 466.1385410428047 206.1598151922226 
Don't Care 0.4583551315386534 599.342041015625 0.0 630.9004516601562 31.600086212158207 
Don't Care 0.37961061197853474 732.8211669921875 88.47057342529297 753.038330078125 140.6616973876953 
Don't Care 0.3295037183430704 933.4443359374999 84.75562286376953 954.7565307617189 138.28688049316406 
Don't Care 0.31351799859949586 392.92822265625 96.43785858154297 404.49176025390625 121.15396118164061 
Vehicle 0.31140423296906555 382.00305175781244 181.12535095214844 418.3603820800781 204.28613281249997 
Person 0.17397953419281634 634.376708984375 200.1671142578125 697.6649780273438 256.2132568359375 
