Vehicle 1.0 210.2701988518238 184.0841844677925 324.87261325120926 240.5276969075203 
Vehicle 0.9533464482929733 440.73720306158066 173.57423901557922 527.9428101181984 216.88932180404663 
Vehicle 0.687427118613572 573.1038494110107 172.1475049853325 627.6114531755447 205.58390021324158 
Vehicle 0.6672497814782419 713.1543695926666 170.2113412320614 741.6635177135468 191.2550926208496 
Vehicle 0.6020546253406059 988.0789343118668 159.22321379184723 1019.5026029348373 179.89057302474976 
Vehicle 0.4188917869767501 1084.16 156.41 1100.11 178.73 
Vehicle 0.4188917869767501 559.62 167.57 593.1 185.91 
Vehicle 0.4188917869767501 1040.32 157.21 1073.0 182.72 
Vehicle 0.4188917869767501 1103.3 154.02 1120.83 177.93 
Vehicle 0.4188917869767501 1120.83 156.41 1152.72 177.93 
Vehicle 0.4188917869767501 1180.62 156.41 1206.13 176.34 
