Vehicle 1.0 340.81413316726685 178.7325868010521 487.371600151062 273.4511798620224 
Person 0.8948658238820242 568.3148810863495 160.09297132492065 595.2643482685089 224.00466978549957 
Person 0.8702234003314209 244.97845423221588 174.72210705280304 272.79923593997955 241.58304929733276 
Person 0.850557363878262 213.69295156002045 169.3231362104416 244.774742603302 246.01950764656067 
Vehicle 0.7365315821229547 473.87906527519226 167.6441866159439 499.798939704895 192.701798081398 
Person 0.6518087985337953 1095.6968021392822 132.11496233940125 1179.1721334457397 212.95374989509583 
Don't Care 0.5073983704017464 1088.7855224609375 162.19830322265625 1190.5042724609375 213.37144470214847 
Person 0.41885013631047563 794.26 153.98 831.97 196.4 
Vehicle 0.41885013631047563 619.07 157.12 643.42 178.33 
Person 0.41885013631047563 194.83000000000004 179.9 220.76 235.67999999999998 
Person 0.41885013631047563 280.46 165.76 349.6 237.24999999999997 
Person 0.41885013631047563 997.74 134.34 1064.51 201.9 
Don't Care 0.4035648291886034 286.388671875 201.49349975585938 346.2757873535156 239.93719482421872 
Don't Care 0.33012353389775884 555.2937622070312 0.0 566.4840698242188 25.98958969116211 
Don't Care 0.21114077225298974 999.4119262695312 163.53164672851562 1064.4052734375 207.6781463623047 
Don't Care 0.19665000536118055 41.666526794433594 126.09947967529297 62.554893493652344 161.0509796142578 
Vehicle 0.16870562542684864 1161.810546875 143.29872131347656 1223.522705078125 186.25643920898438 
