Vehicle 1.0 757.7936897277832 185.35219877958298 1004.7758721113205 321.4564919471741 
Vehicle 1.0 895.6329646110535 215.1920422911644 1226.8920940160751 371.2698519229889 
Vehicle 0.9601397819778197 692.9030789136887 181.96919560432434 770.642749786377 238.38718235492706 
Vehicle 0.8425575565143688 183.8836833536625 193.88043880462646 297.40212857723236 240.6475469470024 
Vehicle 0.8062517351963372 6.282187937758863 194.8178932070732 160.07389417290688 242.02023446559906 
Vehicle 0.7776316735078518 655.7631154060364 178.31794917583466 693.5705981254578 207.23231881856918 
Vehicle 0.7409575613673203 599.8399296998978 173.95992949604988 634.8025531768799 204.42348718643188 
Vehicle 0.6649574158242434 502.4021866321564 175.3268502652645 524.7568994164467 205.55144548416138 
Vehicle 0.579613671490338 464.2917403578758 182.19609931111336 501.2913449406624 211.52957528829575 
Vehicle 0.2160800529521695 258.609619140625 197.32858276367188 319.9750671386718 237.5655975341797 
