Vehicle 1.0 795.4510416984558 187.26204335689545 1081.7940566539764 299.05030131340027 
Vehicle 0.9886741566704463 2.7762297615408897 181.48110061883926 245.17400631308556 290.7876446843147 
Vehicle 0.9569365561188976 745.5720992088318 184.94325131177902 828.8419561386108 274.17055517435074 
Vehicle 0.757248089664295 221.73254826664925 174.44459348917007 301.0600109696388 254.7706514596939 
Vehicle 0.6558030755353083 1110.9965600967407 189.69713151454926 1166.835278749466 227.65597701072693 
Vehicle 0.41073059768689296 321.84 197.58999999999997 355.17 234.37 
Vehicle 0.41073059768689296 271.27 176.9 318.39 244.71 
Vehicle 0.32012333324998016 1012.7863159179688 181.91017150878906 1077.741455078125 207.95651245117188 
Vehicle 0.25024958959213633 454.4523010253906 178.88861083984375 491.44439697265625 203.20375061035156 
Vehicle 0.1910419921584854 431.5752868652344 178.7123260498047 458.52508544921875 198.22930908203125 
