Vehicle 0.9908209640804329 237.7145874351263 188.9312138557434 360.0419597029686 250.84923696517944 
Vehicle 0.9761082886608432 23.129785604774952 190.8724398612976 113.87823089212179 262.3174591064453 
Vehicle 0.9398662066134916 24.92234761826694 291.89996576309204 163.07877779006958 374.9837350845337 
Vehicle 0.9264041895606744 384.9623124599457 190.1949896812439 497.75986018776894 263.3130383491516 
Vehicle 0.9152017558184231 577.8923147916794 178.76795959472656 614.8772557675838 214.46484184265137 
Vehicle 0.8373633666395471 200.9611150920391 185.75233244895935 270.7341787368059 226.77165174484253 
Vehicle 0.6815013728140481 362.4156365990639 178.83589959144592 409.06367641687393 219.22391366958618 
Vehicle 0.6503841906536713 471.63968735933304 182.38517332077026 517.3350757360458 220.64113998413086 
Vehicle 0.5911034758580985 512.6420894265175 160.91786003112793 560.789192378521 205.04367208480835 
Vehicle 0.3074878589121552 293.6884765625 180.6157989501953 360.2115173339844 214.9749908447266 
Don't Care 0.2043380489824181 665.3426513671876 138.24459838867188 691.71142578125 164.19351196289062 
