Vehicle 1.0 750.286856174469 181.28198012709618 1013.0592695474625 339.14270997047424 
Vehicle 0.9427507559060452 582.7423841357231 174.19908195734024 639.2496213912964 217.2292247414589 
Person 0.9366377720457425 280.03656113147736 176.97595059871674 339.9070454835892 310.7561767101288 
Person 0.880273029974883 371.23673433065414 178.08251827955246 412.35038781166077 281.26367926597595 
Vehicle 0.8203140741543568 415.8477383852005 178.59703302383423 452.4598013162613 211.5887850522995 
Vehicle 0.7242819425882631 303.9651297926903 185.6752708554268 389.9611405134201 261.20878010988235 
Vehicle 0.6678072015685006 650.2622448205948 170.27537897229195 765.6022653579712 253.1685009598732 
Vehicle 0.6529116058579255 542.6633965373039 173.8666221499443 566.9361258745193 195.65418362617493 
Vehicle 0.6528898804937971 560.4434151649475 174.88251999020576 591.5726705789566 204.15622740983963 
Vehicle 0.6264846442440721 153.15795059502125 202.72895693778992 326.98695462942123 307.4324056506157 
Don't Care 0.49345972846159447 275.822021484375 233.87692260742188 337.1233215332031 327.76336669921875 
Vehicle 0.40925319484761014 529.22 174.94 544.31 186.56 
Don't Care 0.36403187443127555 371.3784790039063 217.22047424316406 412.5612487792969 293.4806213378906 
