Vehicle 0.9968354515807012 40.93128311634064 210.19738912582397 295.57598197460175 334.3099281191826 
Vehicle 0.9862462573216281 388.67081558704376 194.80618089437485 497.0408606529236 271.81555330753326 
Vehicle 0.9796110344665292 266.04530811309814 200.06579160690308 380.60454511642456 281.693659722805 
Vehicle 0.9445659525743091 1121.6880458593369 157.144445925951 1241.560045838356 260.05739718675613 
Person 0.9133446576707392 821.4846611022949 180.96886575222015 913.8010060787201 284.4785749912262 
Vehicle 0.7874523738528667 459.3607447743416 172.89870232343674 533.7008573412895 239.40720409154892 
Vehicle 0.7380644217122977 546.2917413711548 182.63744562864304 567.9333330988884 201.1558637022972 
Vehicle 0.7152421507814908 371.5086797475815 192.3229917883873 444.95059883594513 241.60795658826828 
Vehicle 0.704172749406313 615.4178085923195 179.51957881450653 663.0976835489273 205.2416056394577 
Vehicle 0.6658320703320086 518.4467441439629 185.09262800216675 544.7628580927849 225.69403052330017 
Vehicle 0.6524165359159474 637.7402447462082 180.06521835923195 704.754894733429 212.1366709470749 
Don't Care 0.5102540853404897 819.8068237304688 223.88302612304688 938.9158325195312 286.57305908203125 
Don't Care 0.33020899136405063 786.598388671875 208.6070556640625 843.9407348632812 273.3191223144531 
Person 0.20644126507634647 231.1766357421875 182.29360961914062 255.30003356933594 209.99313354492188 
Person 0.16325933331381035 819.404052734375 184.71253967285156 847.2904052734374 228.0547332763672 
