Vehicle 0.9176032543953684 264.48355597257614 181.80229514837265 360.42950427532196 245.78404426574707 
Vehicle 0.9092097928459909 145.52568420767784 197.16493785381317 281.1805863082409 267.4461901187897 
Vehicle 0.8913875164058488 378.4882049560547 182.8506477177143 445.1356712579727 220.94520181417465 
Vehicle 0.8890878977846679 0.29248693760018796 184.04874578118324 144.4453887194395 305.5076077580452 
Vehicle 0.8325387924261928 433.29610723257065 181.74530938267708 471.60546934604645 210.60211211442947 
Vehicle 0.7494218318063273 498.33266615867615 177.8949312865734 530.2609902620316 198.2828602194786 
Person 0.3834513608117341 830.82 162.48 845.21 194.04 
Person 0.3834513608117341 765.51 162.92 774.32 183.48 
Vehicle 0.3834513608117341 681.8000000000001 149.97 725.44 185.42 
Don't Care 0.30687273852756897 680.852294921875 149.11671447753906 725.9354248046875 185.7042694091797 
