Vehicle 0.9847585080854212 764.1957149505615 182.72053822875023 1089.2720189094543 372.4038228392601 
Vehicle 0.9799759824576423 958.6955780982971 243.69259178638458 1241.1845709085464 373.4878599643707 
Vehicle 0.9659632170140838 411.53732764720917 188.53075057268143 516.2535619139671 262.74727284908295 
Vehicle 0.9146404269663351 720.5887287855148 177.17720568180084 846.8671216964722 289.0583574771881 
Vehicle 0.8367527596376354 659.3849827051163 179.27584424614906 727.039020895958 230.12077063322067 
Vehicle 0.6764623357028567 589.0618300437927 176.2750893831253 615.0170897841454 198.05726408958435 
Vehicle 0.6415048369218903 638.5377588272095 178.4220188856125 668.2685329914093 207.1116864681244 
Person 0.578095884642834 827.4914456605911 159.64247658848763 865.7068279981613 197.2164586186409 
Vehicle 0.3957519221086986 349.81 185.88 422.67 211.56 
Vehicle 0.3957519221086986 245.3 187.07 325.32 211.86 
