Vehicle 1.0 826.6156829595566 178.87087538838387 1241.924786567688 372.64810502529144 
Vehicle 1.0 0.8985811185557395 193.02767515182495 297.70999655127525 367.2976791858673 
Vehicle 0.8384077958294641 407.5479805469513 178.09157073497772 479.58175760507584 231.7221388220787 
Vehicle 0.7436587037724111 619.2015032172203 170.74646428227425 641.5029151439667 187.668576836586 
Vehicle 0.6748776124941842 504.72247660160065 178.50981652736664 540.3829711675644 205.86664974689484 
Vehicle 0.6661952390876954 638.5384250879288 175.7867932319641 671.1467052698135 201.04312151670456 
Person 0.6549624762790405 482.753195643425 175.1285009086132 506.9783983826637 244.28687989711761 
Vehicle 0.406867109706736 655.2899999999998 175.02 680.92 194.67999999999998 
Person 0.406867109706736 450.18 176.21 473.32 250.20000000000002 
Person 0.406867109706736 522.58 174.17 535.72 215.07999999999998 
Person 0.406867109706736 633.36 172.98 641.42 195.08000000000004 
Person 0.406867109706736 704.8 164.07 719.99 209.86 
