Vehicle 0.9801961852521309 730.573459982872 199.33301210403442 979.6097241640091 358.8437810540199 
Vehicle 0.9621691540234953 0.4669924111221917 201.84563845396042 413.6097316145897 371.92609906196594 
Vehicle 0.9415539760043831 329.485099196434 194.13739442825317 488.3085145354271 321.16565108299255 
Vehicle 0.9341956577328635 688.3332706689835 186.22425198554993 796.2268652915955 267.3356160521507 
Vehicle 0.9101271194698286 441.12348622083664 189.16422128677368 521.5596622824669 265.88883250951767 
Vehicle 0.8794743046220794 657.0253833532333 186.7504119873047 717.7294338941574 241.26000702381134 
Vehicle 0.8113512160797256 516.230909049511 184.22012776136398 561.9516443610191 220.23488581180573 
Vehicle 0.6134519868301859 606.132688164711 182.49833956360817 633.5917353630066 200.17004013061523 
Vehicle 0.5767230990203948 569.7340877652168 175.99807307124138 600.6250439286232 206.8808376789093 
Vehicle 0.5635192824787895 978.5704345703125 252.4481201171875 1239.992431640625 372.7247009277344 
Vehicle 0.5581337194535235 542.3137577176094 174.29278045892715 580.3173431754112 209.96913313865662 
