Vehicle 0.9722262139554161 586.7373204231262 201.21552050113678 663.1927367448807 261.1891105771065 
Vehicle 0.9625095232869372 97.73596876859665 195.9856152534485 236.88970202207565 263.2832005620003 
Person 0.9513414681627654 1050.9558091163635 195.04393637180328 1146.755957365036 322.41225242614746 
Person 0.8607863412415272 390.88454085588455 184.68688800930977 421.4715340733528 301.53342336416245 
Vehicle 0.802482738557652 422.9199478626251 195.2650174498558 500.43505185842514 249.9450221657753 
Vehicle 0.7829864244097625 675.1713641881943 193.670354783535 709.3671956062317 230.75491189956665 
Vehicle 0.736945697232349 703.2220509052277 177.63672396540642 804.0426957607269 266.36479049921036 
Vehicle 0.68882863842545 482.9384531378746 195.87211310863495 530.9986519217491 236.78728938102722 
Vehicle 0.6027482072951069 508.25114142894745 194.00529563426971 551.5944364070892 227.32631117105484 
Don't Care 0.5257183281720113 1030.67919921875 235.70555114746094 1158.266845703125 322.8774108886719 
Vehicle 0.4036654193504753 528.4 193.05 568.96 215.23 
Vehicle 0.4036654193504753 261.96 188.04 345.79999999999995 235.81999999999996 
Don't Care 0.1815244583728316 71.83892059326172 60.667118072509766 109.48188018798828 104.29613494873047 
