Vehicle 1.0 523.5628121495247 177.6234470307827 735.0649455785751 370.7042187452316 
Vehicle 0.8924297997376381 344.85447549819946 182.38262459635735 447.5988741517067 219.25541013479233 
Vehicle 0.8786725372156128 440.4280580878258 179.25893515348434 498.22602742910385 208.57031643390656 
Vehicle 0.8758335231312923 176.57524743676186 193.29971820116043 258.66924673318863 225.6130948662758 
Don't Care 0.46711335667432224 599.3381958007812 0.0 630.9559936523438 31.56665229797363 
Vehicle 0.40870514054379636 333.15 187.17 372.92 208.67000000000002 
Don't Care 0.3827548506630107 732.7709350585938 88.59471130371094 753.0377807617188 140.3797607421875 
Don't Care 0.33103902207939107 933.213623046875 84.60395050048828 954.7607421875 138.46083068847656 
Don't Care 0.3231666382544459 392.8927001953125 96.4111557006836 404.45709228515625 121.17416381835938 
Person 0.18020632321897617 635.1298828125 200.01068115234375 697.6220092773438 256.3431701660156 
Don't Care 0.16636847259278342 469.92431640625 99.27729034423828 517.5686645507812 122.27108001708983 
