Vehicle 1.0 640.6244133710861 176.09136924147606 726.4337600469589 239.4462525844574 
Vehicle 0.9759566801671999 0.9396979934535921 197.5982040166855 148.42656487226486 361.9735389947891 
Vehicle 0.8519920938655976 305.2400011718273 176.269993185997 455.92498630285263 230.70500046014786 
Vehicle 0.7233017817764406 407.352803170681 175.3021851181984 480.42387413978577 211.6660550236702 
Vehicle 0.6324772233630502 582.9620651006699 176.57743021845818 606.3310487866402 194.65689361095428 
Person 0.42599605645455274 431.69999999999993 179.46 444.5 233.21000000000004 
Person 0.42599605645455274 419.71 182.74 434.64 235.9 
Person 0.42599605645455274 395.52 185.4 407.17 238.88 
Person 0.42599605645455274 406.57 184.83 417.92 237.97999999999996 
Vehicle 0.42599605645455274 569.28 175.09 592.09 191.26 
Vehicle 0.42599605645455274 562.89 172.33 577.58 185.72 
Vehicle 0.27049722951141275 490.3013610839843 171.66664123535156 513.6959228515625 191.51347351074222 
Vehicle 0.23066820053896997 447.0318603515625 170.59742736816406 492.7171630859375 202.2125701904297 
