Person 0.9570995281946346 1052.7975758314133 204.7748565673828 1121.9779433012009 307.7058345079422 
Person 0.9384286479808134 849.9137098789215 164.8314893245697 902.1201971769333 273.33690226078033 
Person 0.9085712217696787 943.8466254472733 168.07867214083672 969.8606271743774 256.21499866247177 
Person 0.9075890457420874 915.8834409713745 166.84502363204956 944.1504403352737 247.41652607917786 
Person 0.8977025846302087 302.1708156466484 166.7281910777092 324.4440595507622 240.6574934720993 
Person 0.7598154098809812 750.4908800125122 160.1359136402607 774.4077891111374 242.36098676919937 
Vehicle 0.698846653681531 557.7801119685173 155.19443526864052 614.0207338929176 200.85462927818298 
Person 0.6706218793811407 1192.0536171197891 186.55229732394218 1225.4429029226303 270.82139253616333 
Person 0.6069836817484404 271.81677308678627 189.74483013153076 299.3679493367672 227.88123786449432 
Person 0.5965624733497752 1134.4952055215836 156.3102900981903 1192.5750031471252 282.9779013991356 
Person 0.4230937492396938 539.63 169.67 561.73 207.53 
Person 0.4230937492396938 583.1 169.8 602.6 201.66 
Person 0.4230937492396938 785.15 182.18 827.3 230.85999999999999 
Person 0.4230937492396938 523.51 169.13 544.88 209.52 
Don't Care 0.2844402793320919 861.7926635742186 206.06500244140625 903.4044189453125 276.2065734863281 
Don't Care 0.19487988741437992 1015.0892333984375 216.35997009277344 1092.8934326171875 312.49395751953125 
