Vehicle 0.8788148696183579 299.78489899635315 166.56606271862984 359.94502168893814 200.11896640062332 
Vehicle 0.8405133609789538 360.8149361014366 165.74516147375107 438.46621638536453 196.9447284936905 
Vehicle 0.6668434457731197 762.8402445316315 158.34813192486763 814.7759338617325 183.19515511393547 
Vehicle 0.6437900225385633 717.4077039957047 168.27083006501198 769.7457407712936 187.47900053858757 
Vehicle 0.6363321983587366 612.8112486004829 162.24772855639458 664.8757113218307 188.5988563299179 
Vehicle 0.4484316071252986 807.66 162.44 843.27 182.27 
Vehicle 0.4484316071252986 404.0 166.82 450.0 192.2 
Vehicle 0.4484316071252986 1110.75 155.13 1142.67 174.54 
Vehicle 0.4484316071252986 532.18 154.38 597.63 192.23999999999998 
Vehicle 0.4484316071252986 235.24 154.38 299.61 199.81 
Vehicle 0.4484316071252986 660.37 168.44 700.94 192.23999999999998 
Vehicle 0.4484316071252986 585.19 163.57 620.35 187.90999999999997 
Vehicle 0.4484316071252986 687.42 166.28 725.82 189.0 
Person 0.4484316071252986 268.72 162.35 283.15 206.07 
