Vehicle 0.9881268643956006 0.44153497653314844 215.5577838420868 397.2411863207817 372.1775561571121 
Vehicle 0.9770375289450454 568.0029943585396 181.61644041538239 625.7947082519531 227.41234302520752 
Vehicle 0.9676396198499807 655.2561650276184 182.01975524425507 714.5591433048248 227.8900444507599 
Vehicle 0.9515005525880791 822.2999421358109 185.15562638640404 1241.4561831951141 372.60181456804276 
Vehicle 0.9267179148870941 524.6486320495605 181.27092719078064 568.4659345149994 213.25745433568954 
Vehicle 0.8811669439798006 303.4855146110058 198.4885409474373 476.06471532583237 325.6177827715874 
Vehicle 0.7241562245391749 460.49098205566406 176.41986161470413 512.276059448719 206.6987156867981 
Vehicle 0.6705429862896413 81.35003592073917 185.73205545544624 199.0482214987278 230.57746142148972 
Vehicle 0.6683244716339042 380.13027852773666 178.24183031916618 473.48465770483017 227.1735593676567 
Vehicle 0.5648334322695185 638.9684593677521 131.2045119702816 708.0463707447052 210.23058146238327 
Person 0.40425482351116027 737.17 169.56 751.7799999999999 212.86 
Vehicle 0.40425482351116027 618.32 176.37 647.12 199.02000000000004 
Vehicle 0.40425482351116027 299.98 179.69 346.5 204.57 
Vehicle 0.18127821938134925 489.8449401855469 180.86134338378906 525.3547973632812 201.19151306152347 
