Vehicle 0.9831549063984587 783.9843245744705 182.95802548527718 1080.958639740944 348.5175669193268 
Vehicle 0.9601286727034574 312.0107091665268 195.2207386493683 420.5103049278259 259.96964424848557 
Vehicle 0.9471615107471542 717.7991691827774 179.07040938735008 821.0093951225281 258.33144038915634 
Vehicle 0.7754953804275462 481.8235028386116 183.9972361922264 516.5550448894501 209.73964780569077 
Vehicle 0.6505829156734353 579.4730798006058 175.85385963320732 614.2091006040573 192.446731030941 
Vehicle 0.5767882311200971 638.4834215641022 174.75883662700653 673.4315353631973 199.17768985033035 
Vehicle 0.4009937196106378 309.82 192.42999999999998 348.21 215.34 
Vehicle 0.4009937196106378 500.53 185.0 528.39 205.43 
Vehicle 0.4009937196106378 515.57 177.78 539.63 200.38 
Vehicle 0.4009937196106378 622.84 174.44 636.11 186.06 
