Vehicle 0.9800642612056802 841.6183197498322 172.20453545451164 1067.4737448692322 307.5612634420395 
Vehicle 0.971521719838728 164.8578867316246 190.49620628356934 304.1244401335716 250.0782161951065 
Vehicle 0.9463249329380835 355.1171854734421 184.99497324228287 446.3698081970215 242.20915138721466 
Vehicle 0.9317703389370849 592.4755648970604 179.96349558234215 659.3291648626328 242.51921474933624 
Vehicle 0.755007662324585 678.7233481407166 180.32532557845116 747.8279839754105 221.54628485441208 
Vehicle 0.7024491744300997 290.12082427740097 179.91214245557785 367.54453951120377 231.5109595656395 
Vehicle 0.6959919804729916 484.33745259046555 180.0997629761696 530.6725172996521 211.64967119693756 
Vehicle 0.6737825202287697 556.0075993537903 180.0859160721302 585.8714035749435 199.0267038345337 
Vehicle 0.6434851960225573 720.6453609466553 180.2590861916542 821.9196553230286 234.45631563663483 
Vehicle 0.3999722645706854 0.0 185.71 110.17 250.72 
