Vehicle 0.9652491759329702 0.862992848502472 208.91880244016647 338.6801263689995 372.2374141216278 
Vehicle 0.9121759199023756 329.7540464401245 194.41216439008713 457.7407318353653 279.2890593409538 
Person 0.8992726001831919 1095.3108580112457 134.90571454167366 1211.170043706894 304.1798025369644 
Vehicle 0.8741201376904733 476.2695164680481 186.25394627451897 523.7409628629684 222.40839153528214 
Person 0.8464129132611471 1006.2606711387634 144.79083940386772 1131.8147646188736 332.70813524723053 
Vehicle 0.8181293763739772 561.1169307231903 179.28332090377808 593.9267177581787 206.90873265266418 
Vehicle 0.5829019111954981 539.6240631937981 178.0320703983307 559.8094310760498 200.7901892066002 
Don't Care 0.5413322635373321 997.5180053710939 222.0743103027344 1140.101806640625 357.0859680175781 
Vehicle 0.38670840499870135 503.50000000000006 159.34 545.85 211.35 
Don't Care 0.3230041298411032 1094.0166015625 218.2792510986328 1234.7161865234375 319.8437194824219 
