Vehicle 1.0 0.763974403613247 203.97763699293137 190.64065897464752 326.74384117126465 
Vehicle 0.887476192317988 223.04095476865768 160.89899092912674 532.2381559610367 322.67893105745316 
Vehicle 0.8032398092341266 1170.9611352682114 155.56663647294044 1202.6361322402954 175.85795000195503 
Vehicle 0.7900064033471255 1137.9100878238678 157.80334174633026 1172.9901212453842 177.22389847040176 
Vehicle 0.7863461275658229 685.0198820829391 165.81740230321884 738.4300063848495 208.0535665154457 
Vehicle 0.7735585968822871 1204.8941638469696 158.53919461369514 1241.131492137909 174.09296706318855 
Vehicle 0.7229567498319895 1103.8045717477798 158.66145864129066 1136.9085499048233 177.66651883721352 
Vehicle 0.6247172944106001 1045.8039110898972 159.56170856952667 1077.762661099434 178.81659418344498 
Vehicle 0.6204751379539684 889.7353727817535 158.17314013838768 918.755246758461 173.72657731175423 
Vehicle 0.41522537228572903 973.45 164.24 1003.17 179.1 
Vehicle 0.41522537228572903 860.52 159.78 882.81 172.42 
Vehicle 0.41522537228572903 526.84 180.32 553.72 198.24 
Vehicle 0.41522537228572903 843.43 161.27 863.49 174.57 
