Vehicle 0.9801555398487005 939.3726106882095 206.4708173274994 1240.7115998268127 372.78465181589127 
Vehicle 0.9769298983751066 0.7147890217602253 169.0152995288372 146.4438192397356 355.8807447552681 
Vehicle 0.9316281882886873 726.4955742359161 174.52628910541534 813.2303570508957 216.1840796470642 
Vehicle 0.9012058028293362 149.16155223548412 185.3560097515583 349.0548051595688 294.99218612909317 
Vehicle 0.7637209907230119 631.6185672283173 176.54438316822052 661.0676611661911 201.94101333618164 
Vehicle 0.7284766203432692 311.63057041168213 176.39195546507835 416.0045317411423 240.19800871610641 
Vehicle 0.6475613306228903 478.4795032739639 172.53510653972626 507.9402567744255 206.8268582224846 
Vehicle 0.5960308362971958 350.87047666311264 163.5848544538021 483.056418299675 225.77273100614548 
Vehicle 0.3958021346452682 496.93999999999994 167.77 532.39 201.01 
Vehicle 0.3958021346452682 401.76 183.84 442.97 231.04000000000002 
Vehicle 0.3958021346452682 612.67 170.22 637.56 199.89 
