Vehicle 0.9811062281135123 728.1854335069656 175.7899448275566 960.7732011079788 329.7528102993965 
Vehicle 0.9446565397075135 100.64514993131161 177.47413739562035 330.0651161670685 313.8168677687645 
Vehicle 0.9376996641723261 368.34279388189316 184.86610427498817 428.2061344385147 239.7470623254776 
Vehicle 0.9339633711239423 317.80647414922714 193.48490238189697 395.8455922007561 267.880842089653 
Vehicle 0.9313708321923305 666.4644470214844 181.2421716749668 770.7338794469833 267.5074562430382 
Person 0.9229310575405545 1090.9993368387222 156.88324347138405 1166.4120551347733 306.8321496248245 
Person 0.8180621399505089 575.4350586533546 173.65990206599236 610.5669123530388 263.94782960414886 
Vehicle 0.6537628526849766 645.3556787967682 179.35597524046898 693.8334749937057 242.59644001722336 
Vehicle 0.5779804659886774 0.7703221440315245 220.29460144042966 127.64373016357422 372.1546325683594 
Vehicle 0.5561148449655638 559.7998813390732 164.52984139323235 587.4162030816078 202.95493304729462 
Vehicle 0.39728798898496315 408.83 150.93 509.87 205.04 
Person 0.39728798898496315 512.6 174.4 523.9 206.72000000000003 
Vehicle 0.2756193873920065 418.3739318847656 178.5205535888672 473.43872070312494 213.11773681640625 
Vehicle 0.1604996346913498 630.3643188476562 177.804443359375 663.2567138671875 228.51838684082028 
