Person 0.9251926259267936 381.1182482242584 166.92358136177063 420.2300419807434 244.0411788225174 
Person 0.9171849036245857 1011.5913491249084 160.59374511241913 1075.6555466651917 313.1416982412338 
Person 0.915373060230484 331.49300837516785 160.53276658058167 362.07437539100647 243.26940894126892 
Person 0.9153275126198709 629.6610631942749 159.0104314684868 671.5473403930664 279.409344792366 
Person 0.8878197195238853 223.64355969429016 156.19435906410217 249.92303466796875 235.3114128112793 
Person 0.7151818744949004 303.6008938550949 165.33071845769882 324.3833284378052 235.1396805047989 
Person 0.6394888429717939 266.593737244606 158.7063217163086 290.1504546403885 234.5475161075592 
Vehicle 0.523722417086684 1065.2470703125 186.826904296875 1153.587890625 225.1259460449219 
Person 0.4187189597488243 284.25 165.3 302.1 228.70000000000002 
Don't Care 0.1915317311627166 626.97119140625 208.26388549804688 649.48876953125 241.468994140625 
Vehicle 0.1813303282518583 594.704345703125 172.55767822265625 634.9129638671875 203.74417114257812 
Vehicle 0.180556562656953 1131.9920654296875 187.83474731445312 1198.3624267578125 225.23623657226565 
Don't Care 0.17585185737299683 840.864990234375 217.4442138671875 1005.9307861328125 286.8838806152344 
