Vehicle 0.9789945082631066 792.2273021936417 190.2875304222107 1057.9049084186554 353.07374596595764 
Vehicle 0.9567393183588654 43.14870520681143 183.75786021351814 349.51471012830734 282.1143865585327 
Vehicle 0.9528458419000049 0.29019968464854173 278.12911570072174 80.09754905104637 373.7745210528374 
Vehicle 0.8598296893065238 403.06782138347626 186.73400580883026 475.42677068710327 237.16691136360168 
Vehicle 0.8120602670488706 298.8850213587284 180.0292432308197 425.2832116484642 244.92502212524414 
Vehicle 0.8023444960998308 734.0834695100784 179.12987619638443 854.8431508541107 274.6814489364624 
Vehicle 0.5262471411377341 678.5930786132812 182.81817626953125 734.0272827148438 223.53076171875 
Vehicle 0.396240902046833 447.50048828125 177.54627990722656 506.68310546875 226.19784545898438 
Vehicle 0.3663991324828865 473.9324951171875 176.7484130859375 549.0350341796875 212.07159423828122 
Vehicle 0.22638359738170716 711.4091796875 176.87582397460938 760.927978515625 206.39712524414062 
Vehicle 0.16454417246864647 636.70947265625 163.24278259277344 675.32373046875 198.01589965820312 
