Vehicle 0.9632537818408841 0.2972340071282815 216.14528942108154 291.7329531908035 373.72887897491455 
Vehicle 0.9379960874423651 377.22367456555367 183.4298222064972 487.3808488547802 265.52147483825684 
Vehicle 0.9368563678307836 697.0055517554283 190.9360432624817 796.530517578125 258.36813163757324 
Vehicle 0.9205299006117201 162.6206670254469 189.5824203491211 311.7548327445984 261.03586626052856 
Vehicle 0.8630799021448723 339.5878771543503 185.40820622444153 392.7906382083893 228.5387191772461 
Vehicle 0.855695689557397 644.2719783782959 182.5530230998993 687.8184827566147 214.19328355789185 
Vehicle 0.8109057827375177 465.6723198592663 184.0844464302063 520.610069334507 233.4965796470642 
Vehicle 0.6950704704683707 585.2476064562798 180.20560264587402 611.9319066405296 203.41062450408936 
Vehicle 0.5648182060329291 502.79865327477455 181.9219195842743 531.9988364577293 215.7074613571167 
Vehicle 0.3869489074141775 578.17 181.78 590.85 197.92 
Vehicle 0.3869489074141775 527.04 184.86 550.88 205.22999999999996 
