Person 0.9279738341580718 866.9669456481934 167.10712099075317 908.9188657999039 286.065700173378 
Person 0.9213987870109407 741.395352602005 182.24020516872406 786.8209629058838 313.27456879615784 
Person 0.9142549213432225 375.40459102392197 173.1011980175972 412.20368015766144 284.980385184288 
Vehicle 0.9095743360902337 552.0243022441864 181.00527650117874 597.9903176426888 217.3789665699005 
Person 0.8959011687332035 296.28593876957893 175.12592595815659 334.15191012620926 262.6156871318817 
Person 0.8902691529501306 915.3129645586014 174.3796855211258 954.9292662143707 287.1531774997711 
Person 0.8745450892317274 689.5350587368011 185.10293912887573 720.0553468465805 276.2199765443802 
Person 0.8164071868893957 643.6867761611938 169.6836907863617 664.2915328741074 246.40299475193024 
Person 0.8122756221227904 718.5928919315338 184.42782175540924 744.5405272245407 282.3967487812042 
Don't Care 0.5847595377635966 42.144084580242634 220.54685759544373 151.17774412035942 296.6911358833313 
Don't Care 0.44688997219506865 0.593638002872467 232.31616210937503 51.3940315246582 321.4106750488281 
Don't Care 0.39817026725069354 291.23956298828125 244.75564575195312 357.68878173828125 288.071044921875 
Don't Care 0.16128253820790703 265.287841796875 222.550537109375 302.07122802734375 277.0833740234375 
Person 0.1583588894147622 775.553466796875 173.27154541015625 811.4810180664062 256.6634216308594 
