Vehicle 1.0 0.5771491794730537 208.7414190173149 169.07033863663673 372.9991838335991 
Vehicle 0.9937354490162641 147.82870692014694 210.6190100312233 360.4567469358444 349.89362955093384 
Vehicle 0.9658303665525914 327.38763642311096 196.03711366653442 444.16378194093704 284.0195596218109 
Vehicle 0.888989131495839 538.1286039948463 186.10556423664093 577.2415875792503 213.63122016191483 
Vehicle 0.7533254072002209 577.2417726516724 184.07972529530525 596.2098821997643 209.43604409694672 
Vehicle 0.7280703753694612 718.9199677705765 189.4342079758644 746.6132426261902 232.2119101881981 
Vehicle 0.7162918496872875 599.5872688293457 183.35868045687675 621.5934162139893 198.63653182983398 
Vehicle 0.6871420396812826 734.5507403612137 179.8091009259224 838.1695321798325 257.80751556158066 
Vehicle 0.5714939734765173 703.2663202285767 185.2208934724331 723.3007060289383 221.4425727725029 
Vehicle 0.40101896954117944 568.07 186.6 585.8 211.53 
