Vehicle 1.0 895.7038843631744 242.80281364917755 1241.698331952095 373.2229918241501 
Vehicle 0.997625282256092 659.1533460617065 175.1517914235592 735.6364492177963 237.88435757160187 
Vehicle 0.6219515251322592 312.16483747959137 185.65427139401436 422.1189914345741 241.81850999593735 
Don't Care 0.6123618675346901 793.1053466796875 199.3609161376953 998.4790649414062 328.87567138671875 
Don't Care 0.468497245251102 266.8795775771141 207.15873688459396 376.6165305376053 282.75250643491745 
Vehicle 0.43339637245240353 393.2521353363991 180.20084872841835 469.6095373034477 233.57141017913818 
Don't Care 0.34535143423101733 185.3178253173828 212.86927795410156 282.7320556640625 331.89959716796875 
Don't Care 0.3247338318027123 118.3809585571289 202.64064025878903 186.0640869140625 310.0552978515625 
Person 0.22845298587489676 100.94160461425781 168.6515655517578 129.86639404296875 211.02938842773435 
Vehicle 0.20094156452739032 513.58544921875 177.94097900390625 545.327880859375 202.88200378417966 
