Person 0.9827440624064498 31.90740629285574 171.56198993325233 190.83143162727356 372.56037443876266 
Person 0.9536200220448244 1099.7189869880676 138.22371885180473 1191.1965837478638 373.5688626766205 
Person 0.9337600386250552 353.9193227291107 179.4767864048481 402.54861921072006 302.52503603696823 
Person 0.8052647471863716 445.8204392194748 177.19467356801033 463.2764700651169 230.6542620062828 
Person 0.6093771516174082 426.3578531742096 173.43119904398918 443.0982459783554 231.5867766737938 
Person 0.5743545083717115 612.4086790680885 173.04187640547752 625.8900575637817 222.49017655849457 
Don't Care 0.5461524337325744 129.26783752441406 221.05015563964844 192.01747131347656 372.9632873535156 
Person 0.40526071893439575 516.82 176.3 523.39 205.48000000000002 
Person 0.40526071893439575 525.78 174.3 533.6 204.8 
Person 0.3889028610022115 1200.9669189453125 151.30184936523438 1242.0 371.3554382324219 
Don't Care 0.24516496986563943 170.87750244140625 243.1871337890625 254.6193389892578 343.25286865234375 
