Vehicle 1.0 788.0550295114517 211.20256930589676 1085.6770241260529 373.32914024591446 
Vehicle 0.9879279725832535 4.72058963868767 186.761274933815 220.8172540962696 364.51712250709534 
Vehicle 0.9802301818006425 132.8463540673256 184.61481481790543 343.6526522040367 283.83951634168625 
Vehicle 0.9051201556183918 723.0779528617859 176.22872069478035 832.4539775848389 231.8761870265007 
Vehicle 0.8312385066989765 1.0987250144826248 241.59926176071167 58.55100589245558 370.245561003685 
Vehicle 0.7965719304929201 638.745558142662 160.87041422724724 689.4306020736694 215.85414558649063 
Vehicle 0.656878271984342 799.5693472623825 187.2582547366619 912.5337781906128 237.93091624975204 
Vehicle 0.4943493260769334 434.7423095703125 182.9780731201172 504.7296752929688 217.43447875976562 
Vehicle 0.4033023614104923 301.44 169.42 449.02 246.0 
Vehicle 0.33050475307723837 488.3152770996094 177.91285705566406 525.8428344726562 210.4790802001953 
Vehicle 0.2807940799995956 395.65606689453125 184.36224365234375 449.1392517089844 215.1709747314453 
Vehicle 0.23884900330568062 899.3171997070312 193.7753143310547 1042.9871826171875 230.42179870605466 
Vehicle 0.16727338651023696 514.5051879882812 180.1468505859375 551.8507690429688 202.30296325683594 
