Vehicle 0.975948530798707 0.7728006230900064 192.15472787618637 395.15371745824814 372.0316216349602 
Vehicle 0.9745174149962686 886.6737567186356 221.89926356077194 1241.377120256424 372.56066501140594 
Vehicle 0.9602579086176896 406.8048037290573 183.94741415977478 561.4964402318001 292.9180786013603 
Vehicle 0.9202099951034373 749.7357845306396 182.58139863610268 816.5784652233124 242.69632995128632 
Vehicle 0.8987990090496351 587.1476629972458 171.27612233161926 637.3796496391296 213.22569251060486 
Vehicle 0.6950366948877557 708.1353535652161 173.7227886915207 732.9978346824646 195.31986862421036 
Vehicle 0.6788202395737658 631.5859204530716 173.99008199572563 659.09834253788 204.95375990867615 
Person 0.4001481412596672 672.45 172.4 681.43 199.65 
Vehicle 0.2608598993846917 650.6740112304688 167.664306640625 671.1650390625 187.28343200683594 
Vehicle 0.17211437779380656 733.5853271484375 180.15740966796875 763.1263427734375 222.6736602783203 
