Vehicle 1.0 744.3184926509857 184.30186808109283 870.7010443210602 282.14429318904877 
Vehicle 1.0 0.6449155794689432 201.38170570135117 302.8357253372669 373.30032885074615 
Vehicle 1.0 801.1558620929718 196.34489715099335 1141.4135828018188 372.78100848197937 
Vehicle 0.9699152687493767 442.4185860157013 178.17896604537964 503.42904245853424 224.41613674163818 
Vehicle 0.9030629703729308 677.1850261688232 179.09399047493935 751.9395529031754 241.09125137329102 
Vehicle 0.8721630154527302 256.2213123142719 175.78640207648277 351.4382788538933 232.69783705472946 
Vehicle 0.6963720206567073 483.55111688375473 171.76362499594688 520.515557706356 212.9203900694847 
Vehicle 0.5913409553030756 660.7618474960327 175.53087696433067 692.9772559404373 222.32604771852493 
Vehicle 0.5816793560431719 646.0854563713074 172.90819063782692 671.2588591575623 208.73569697141647 
Vehicle 0.23526791339625744 534.23388671875 175.2873077392578 556.8931274414062 189.36857604980466 
Vehicle 0.22149061258378233 583.8932495117188 172.67010498046875 601.4824829101562 186.3677520751953 
Vehicle 0.2094225492772035 511.2359008789062 172.2076416015625 538.6290283203125 207.71592712402344 
