Vehicle 0.9809480953153812 167.34025436639786 185.54792362451553 355.2388142943382 306.1325024366379 
Person 0.9295293691153186 22.17617029324174 181.97690159082413 99.2807302325964 368.55048644542694 
Person 0.9222271719797897 372.5691891312599 161.9509385228157 423.3272735476494 266.0850124359131 
Person 0.9086790552906848 94.66367395222187 167.20334500074387 191.04187133908272 371.5789178609848 
Person 0.7727785105206257 476.3654490709305 169.07620775699615 492.6957774758339 215.5982037782669 
Person 0.7314564847778616 491.4967179298401 166.63543051481247 507.70145481824875 214.44420671463013 
Person 0.45898553826354616 633.4034423828125 162.1949462890625 660.5339355468751 228.27587890625 
Don't Care 0.42594178188785964 382.4486999511719 206.0048828125 417.8840026855469 280.6899108886719 
Person 0.29483857978646777 0.6011284589767456 170.617919921875 46.7910270690918 360.0311584472656 
Person 0.2527041876269677 353.5611877441406 167.6335906982422 376.7163391113281 217.96290588378906 
Don't Care 0.1739320222700107 560.0596313476562 196.14381408691406 591.0410766601562 253.83758544921875 
