Vehicle 1.0 524.518970310688 176.34416744112968 734.2618052959442 370.63848227262497 
Don't Care 0.46833891734953825 599.3562622070312 0.0 630.8987426757812 31.545734405517578 
Vehicle 0.44996113179688046 15.857690811157225 202.987060546875 112.1257095336914 235.95811462402344 
Vehicle 0.39596690001535423 173.75111389160156 193.4198760986328 243.4579315185547 221.77406311035156 
Don't Care 0.39313826341951463 732.8173217773438 88.41157531738281 753.00146484375 139.97247314453125 
Don't Care 0.3343333597878513 392.8876037597656 96.41204833984375 404.4281005859375 121.190673828125 
Don't Care 0.3215122427817345 933.1701660156249 84.7062759399414 954.7027587890625 138.37173461914062 
Vehicle 0.2587380158012013 422.3421936035156 180.3494873046875 460.9248962402343 202.3985595703125 
Vehicle 0.24342650268887406 376.8807373046875 182.6309814453125 415.9692077636719 205.52209472656247 
Person 0.21223768939230697 634.6532592773438 200.11907958984372 697.8140258789064 256.17523193359375 
