Vehicle 0.9733406738639718 771.5963909626007 194.64299082756042 1162.7424391508102 372.18593806028366 
Vehicle 0.9606613647900601 238.29164412617683 190.81201404333115 487.48968011140823 341.170035302639 
Vehicle 0.9587048073685601 1.6283958521671593 204.15738970041275 342.63401359319687 371.7745766043663 
Vehicle 0.9228893914756232 661.9053729772568 181.30315840244293 728.2518374919891 233.70203375816345 
Vehicle 0.8825795573464471 532.4344807863235 180.33290281891823 571.8320317268372 213.75274658203125 
Vehicle 0.8278007297617325 402.06950372457504 191.31291657686234 486.4401344060898 249.4926005601883 
Vehicle 0.63592382180545 647.1885620355606 180.7870902121067 671.3917411565781 211.34497225284576 
Person 0.41711706412711497 1005.5693969726562 94.16445922851562 1092.8480224609375 239.95228576660153 
Person 0.38003046788750633 311.7728271484375 171.80430603027344 340.9590759277344 197.68406677246094 
Person 0.21400447926593183 354.6551208496094 174.4488525390625 378.45513916015625 197.89915466308594 
