Vehicle 0.99395186730828 920.2237594127655 204.59935069084167 1241.1574763059616 372.48507142066956 
Vehicle 0.9889348985425895 130.50617806613445 197.6064294576645 374.92252564430237 324.4911879301071 
Vehicle 0.9671733539701983 783.3692919015884 186.04092299938202 967.3631858825684 291.4240211248398 
Vehicle 0.9202108609580278 725.466867685318 180.79613149166107 817.2722647190094 250.97179412841797 
Vehicle 0.9057685927355822 353.0343434214592 188.68888914585114 454.46139657497406 261.99448853731155 
Vehicle 0.8902364584850919 434.6697887778282 184.7354918718338 494.3407650589943 237.97810077667236 
Vehicle 0.7984221814038922 511.6742409467697 178.68057265877724 549.1357122659683 207.77450501918793 
Vehicle 0.5901158933362305 538.8459447026253 176.07661709189415 563.0213629603386 204.5738697052002 
Vehicle 0.35818587352395087 705.3705444335938 178.3830108642578 762.6926879882812 229.87722778320312 
Vehicle 0.22626304584217308 571.1118774414062 174.5535125732422 609.9630737304688 188.6537170410156 
Vehicle 0.16448510478515366 1070.4395751953125 173.8121337890625 1171.0958251953125 206.5109558105469 
