Vehicle 0.9324396324889944 541.0798703730106 180.12302803993225 619.0995750129223 241.94924306869507 
Vehicle 0.930662394210891 91.20380993932486 194.34102153778076 281.38876293599606 290.31615591049194 
Vehicle 0.928010817913853 257.7029773592949 186.29605412483215 351.62727880477905 239.54020261764526 
Vehicle 0.9213132625510007 0.5543568985303864 170.3116991519928 86.45958135277033 260.2919216156006 
Vehicle 0.916001918248431 0.6158634361345321 252.2311429977417 58.86187972128391 349.5356287956238 
Vehicle 0.8868845266549237 444.2039693892002 181.26271224021912 501.6259059906006 231.15315961837769 
Vehicle 0.7926322510820739 347.74048459529877 183.38382291793823 396.7244769334793 218.46374320983887 
Vehicle 0.38919380617011023 232.1 171.86 298.21 205.69 
Vehicle 0.38919380617011023 154.83 188.78 255.93 214.15000000000003 
Vehicle 0.24857926559948607 384.87176513671875 182.37294006347656 412.23901367187506 210.88970947265628 
Vehicle 0.18065810026812268 505.7986755371094 182.47381591796875 528.464111328125 200.24276733398438 
