Vehicle 1.0 527.1943402290344 179.1292056441307 733.3917428255081 372.313991189003 
Vehicle 0.924870325206902 216.74815928936005 191.90937280654907 299.2282566726208 222.86995500326157 
Vehicle 0.8952499517669319 390.52827644348145 180.31901121139526 495.23943972587585 216.61830693483353 
Vehicle 0.7540055702711942 482.41473519802094 176.77299678325653 528.1057108640671 208.0012857913971 
Don't Care 0.4659672791626027 599.33251953125 0.0 630.9307861328125 31.540550231933594 
Vehicle 0.41060701344987127 333.41 186.66 372.18 208.26 
Vehicle 0.41060701344987127 377.72 183.33 412.07 204.39 
Don't Care 0.39661290829753776 732.7799682617188 88.47010040283203 753.0439453125001 140.20025634765625 
Don't Care 0.335470353276607 392.8582763671875 96.3984603881836 404.50094604492193 121.13339996337892 
Don't Care 0.329179814769961 933.3669433593749 84.69351959228516 954.7521362304688 138.37667846679688 
Person 0.17529168410378015 634.7120971679689 200.05543518066406 697.4766845703125 256.1063232421875 
Don't Care 0.17149384482160338 469.76696777343756 99.23688507080077 517.569580078125 122.36631011962889 
