Person 0.9667752880860161 1061.3900785446167 172.7156376838684 1223.7781405448914 367.61482417583466 
Person 0.9434096117616403 616.9688200950623 157.44135349988937 691.5653228759766 346.51737689971924 
Person 0.940021566765985 756.472017288208 161.71699613332748 820.3916158676147 332.1922516822815 
Person 0.9375983810817287 911.2957735061646 143.47682863473892 988.6982402801514 328.3266317844391 
Vehicle 0.8607900977392006 0.6452364418655634 97.81918048858643 262.22414195537567 366.83661460876465 
Person 0.8604615339055083 823.8094625473022 172.3845562338829 897.8609833717346 368.817942738533 
Person 0.7330930876422297 831.478241443634 144.0915098786354 877.246584892273 218.85336220264435 
Person 0.6098358922857412 539.6029772758484 145.7953581213951 555.2983117103577 205.47401070594788 
Person 0.3924279533806069 525.4 145.8 539.1 207.50000000000003 
Don't Care 0.2103266516117526 293.8438720703125 203.3331604003906 409.0735168457031 294.68853759765625 
