Vehicle 0.948154825314137 784.2134442329407 199.75485652685165 1088.275514960289 372.06537276506424 
Vehicle 0.9391344569481466 4.138732932507992 178.4258522093296 251.4627487063408 338.0020558834076 
Vehicle 0.9143545560401963 459.215833067894 186.90035864710808 552.1706408858299 255.9822052717209 
Vehicle 0.8966283036686188 587.8840291500092 175.93450471758842 639.3149889707565 216.94906800985336 
Vehicle 0.8779704171888507 275.90620735287666 180.40856346488 406.2762368917465 247.35677987337112 
Person 0.852723453250734 880.3896596431732 164.57080096006393 917.7790267467499 200.17705857753754 
Vehicle 0.7954114019149249 688.516788482666 75.43076947331429 863.5533252954483 245.7118257880211 
Vehicle 0.7757461259818296 652.6675940752029 174.7833788394928 693.3282272815704 209.99110490083694 
Vehicle 0.7398773228335855 510.78541213274 176.41818523406982 569.9067603349686 231.00583255290985 
Vehicle 0.30656048335365804 384.0511474609375 174.277099609375 478.3622131347656 209.22691345214847 
