Vehicle 0.9931031974295489 1039.333261013031 158.549465239048 1241.0227435827255 371.75144255161285 
Vehicle 0.9761003726152322 236.81665393710136 118.00522729754448 413.4743326306343 252.03285366296768 
Vehicle 0.9649826352225838 93.98622567951679 173.70545491576195 249.3383208811283 250.09513646364212 
Vehicle 0.9448293265433713 584.29947245121 170.61938345432281 658.4870853424072 240.20985513925552 
Vehicle 0.8981050319615711 696.2349747419357 169.9218414723873 756.3467195034027 226.49578750133514 
Vehicle 0.7473274245129888 760.5597821474075 144.2602314054966 962.2106215953827 265.26573300361633 
Vehicle 0.2990731205910461 429.1372375488281 173.83657836914062 473.9568176269531 197.7876434326172 
Vehicle 0.25497867586678363 665.437255859375 170.96597290039062 698.79736328125 200.13380432128906 
Person 0.22164452724908537 474.2828979492187 173.43125915527344 488.2608642578125 214.047607421875 
Vehicle 0.21689838853610996 490.86401367187494 171.5107879638672 516.8729248046875 191.05023193359372 
