Vehicle 1.0 552.7663149833679 178.09483408927917 700.4346381425858 317.940428853035 
Vehicle 1.0 1130.9999277591705 239.08308148384094 1238.0877170562744 370.5684766173363 
Vehicle 0.9999246294621885 1151.3098493814468 178.9890043437481 1238.2065335512161 226.91300511360168 
Vehicle 0.965248955908043 960.4243766069412 181.97667226195335 1108.7184666395187 229.15814816951752 
Vehicle 0.8552837981294047 284.9546756744385 194.9232593178749 337.0547093153 221.6775119304657 
Vehicle 0.5379167469527615 338.76 190.6 391.88 219.40000000000003 
Vehicle 0.5379167469527615 396.4 187.78 456.2900000000001 212.64 
Don't Care 0.4016379362055655 599.029296875 0.0 632.7578735351562 30.761098861694336 
Don't Care 0.32248373709474154 389.27630615234375 101.88758087158203 401.6235046386719 125.83287048339844 
Don't Care 0.31521986700739896 953.3344726562499 81.1717758178711 976.67822265625 143.09820556640625 
