Vehicle 1.0 771.2353516817093 169.94670778512955 970.0726461410522 276.7144963145256 
Vehicle 1.0 592.6193291544914 175.7795736193657 669.3446921110153 251.1204108595848 
Vehicle 1.0 144.68694524466991 193.57261061668396 338.7399787902832 292.2828197479248 
Vehicle 0.9540239398228278 68.15303508192301 179.53001707792282 201.2976102232933 242.75363981723785 
Vehicle 0.9033349390045966 334.9080913066864 178.65558341145515 398.8464304804802 230.22546619176865 
Vehicle 0.8863613675383729 448.28819489479065 182.0099875330925 507.88218104839325 225.61099380254745 
Vehicle 0.8850992100355062 524.7277320027351 179.6959564089775 561.9538282155991 207.80407637357712 
Vehicle 0.8657422988847577 673.5479089021683 177.2250384092331 726.1846525669098 222.01792895793915 
Vehicle 0.8650581272176942 410.94076520204544 175.28098449110985 461.6419104337692 214.7349938750267 
Vehicle 0.8539285410051533 705.1778962612152 181.01416155695915 791.5337247848511 228.81433367729187 
