Vehicle 1.0 193.62757980823517 188.902348279953 428.99269223213196 342.3941731452942 
Vehicle 1.0 779.6692500114441 184.8335713148117 1012.1749194860458 342.76603907346725 
Vehicle 0.8952722091058735 717.8244870901108 183.52197110652924 836.4864835739136 274.7577577829361 
Vehicle 0.8832056651768171 495.22948282957077 172.63007909059525 537.3568149805069 202.99219340085983 
Vehicle 0.5265070503437366 561.4 166.1 594.2 192.5 
Vehicle 0.5265070503437366 608.86 161.22 652.94 200.21 
Vehicle 0.5265070503437366 356.84 149.92 498.7 257.85 
Vehicle 0.5265070503437366 704.36 173.65 777.81 241.46 
Vehicle 0.5265070503437366 781.2 147.66 875.0 180.43 
Vehicle 0.5265070503437366 661.98 151.61 703.2300000000001 184.95 
Vehicle 0.5265070503437366 195.24 139.18 369.28000000000003 217.16 
