Vehicle 0.9936703292188398 306.35909709334373 178.10868099331856 490.73000210523605 268.9313068985939 
Vehicle 0.9923974142037844 823.7483929395676 186.61491572856903 1037.8924351930618 327.01266556978226 
Vehicle 0.973567177957683 591.3377396464348 175.66094174981117 661.6265798807144 231.77111148834229 
Vehicle 0.9685811841129554 755.2105969190598 182.21890926361084 869.3098179101944 265.76489210128784 
Vehicle 0.967322476837003 9.04915598127991 176.39343068003654 237.2127274274826 276.13256871700287 
Person 0.9646373371572449 972.0173131227493 191.74665212631226 1108.7310515642166 373.8180845975876 
Vehicle 0.9548441455611779 220.73089930415154 170.73806002736092 336.53843128681183 243.87086927890778 
Person 0.5159443891870003 685.71 166.31 715.09 206.42999999999998 
Vehicle 0.5159443891870003 450.64 162.35 534.84 218.86 
Vehicle 0.5159443891870003 723.0 160.09 806.6 238.62999999999997 
Vehicle 0.4775387151081059 1080.7742919921875 241.81256103515622 1240.7703857421875 372.60015869140625 
Vehicle 0.4085176333268294 0.1703280806541443 226.19480895996097 68.95369720458984 373.10858154296875 
