Vehicle 1.0 0.4059222349897027 205.93634247779846 394.7994148135185 372.92560189962387 
Vehicle 1.0 122.39509230852127 95.27424350380898 471.21093195676804 219.46784108877182 
Vehicle 0.5347688682017782 687.2899999999998 170.77 736.58 207.03 
Vehicle 0.5347688682017782 491.24000000000007 177.0 528.07 204.77 
Vehicle 0.5347688682017782 575.67 161.14 653.86 189.47 
Vehicle 0.5347688682017782 660.09 170.77 692.96 198.54000000000002 
Vehicle 0.5347688682017782 826.67 159.44 889.0 176.44 
Vehicle 0.5347688682017782 887.87 153.21 944.53 177.57 
Vehicle 0.5347688682017782 1046.52 156.61 1153.61 183.24 
Vehicle 0.3166859999165235 1170.262939453125 155.8037567138672 1203.5526123046875 176.81033325195312 
Vehicle 0.31221969832720087 1137.327392578125 157.53173828125 1172.560302734375 179.252685546875 
