Vehicle 0.9186974235586992 181.10058277845383 186.58236041665077 224.9798659980297 218.25501322746277 
Vehicle 0.8851997369699521 383.3003470301628 162.52455487847328 472.01396119594574 219.54099833965302 
Vehicle 0.5607329099548555 567.17 184.94 611.36 220.07 
Vehicle 0.5607329099548555 520.71 192.87 553.0 221.2 
Vehicle 0.5607329099548555 500.88 184.94 526.37 207.6 
Vehicle 0.5607329099548555 479.35 194.57 499.18000000000006 210.43 
Vehicle 0.5607329099548555 725.82 179.84 804.01 207.03 
Vehicle 0.5607329099548555 637.9999999999999 174.74 679.36 203.64 
Vehicle 0.5607329099548555 926.4 186.07 1150.77 228.0 
Vehicle 0.5607329099548555 828.37 179.27 877.67 211.0 
Vehicle 0.5607329099548555 687.8600000000001 181.54 721.29 203.64 
Vehicle 0.3620800036124179 1103.6053466796875 196.24525451660153 1150.2796630859375 222.65881347656247 
Vehicle 0.3326916757787344 1204.166259765625 194.25576782226565 1241.987060546875 226.49647521972653 
