Person 1.0 136.2002824395895 190.31586623191833 272.3749226629734 372.7711013555527 
Person 0.9826278078089549 948.6031285524368 158.6940461397171 1019.1295537948608 286.5203483104706 
Person 0.9819441528626535 418.98942226171494 177.1858977675438 494.35669207572937 292.8187687397003 
Person 0.9273226862796984 228.77710428833961 172.3126471042633 289.04265835881233 328.145831823349 
Person 0.86434615090525 574.5136696100235 165.21147567033768 615.160530090332 233.63778138160706 
Person 0.5336292315794174 863.7100000000002 214.96000000000004 962.89 365.3 
Person 0.5336292315794174 509.64000000000004 169.11 551.23 229.9 
Person 0.5336292315794174 782.66 220.3 857.31 360.01 
Don't Care 0.4317510880024682 876.046142578125 220.19827270507812 954.1475830078125 362.0875549316406 
Don't Care 0.42882816989154243 786.79736328125 232.79803466796875 854.6505126953125 360.8337097167969 
Don't Care 0.3782735206474135 692.1783447265625 194.01870727539062 739.8958740234375 245.46534729003903 
Don't Care 0.3381385560084665 264.25006103515625 210.836669921875 354.7731018066407 303.12139892578125 
