Person 0.9694605711465271 880.215395450592 152.1340124309063 938.8972706794739 260.15637069940567 
Person 0.9684375191474988 239.75299447774887 192.93111562728882 270.96943750977516 258.55232030153275 
Vehicle 0.890071308373371 442.88574582338333 169.67806220054626 506.69601488113403 226.11232101917267 
Don't Care 0.5435418445414042 959.26 247.26 999.49 375.0 
Don't Care 0.5435418445414042 830.07 210.43 858.97 313.56 
Don't Care 0.5435418445414042 873.7 234.79999999999998 901.47 340.19 
Person 0.5435418445414042 0.0 232.52999999999997 84.99 374.18 
Person 0.5435418445414042 163.18 210.43 226.07000000000002 267.09 
Person 0.5435418445414042 644.2299999999999 169.64 667.46 204.77 
Vehicle 0.3403587890457167 1.1289427280426025 251.81622314453125 79.28192138671875 373.8161315917969 
