Vehicle 1.0 102.80267795920372 189.68568742275238 441.7358538508415 373.3939379453659 
Vehicle 1.0 0.777134787873365 214.36196565628052 184.96470987796783 373.3215406537056 
Vehicle 0.9402122340024073 398.1641795039177 164.64677453041077 532.1743059754372 294.1979840397835 
Vehicle 0.9328804445839176 665.5444149971008 181.44991993904114 771.4075430631638 229.16270792484283 
Vehicle 0.9120835779630652 639.4066368341446 178.9604388177395 688.8316336870193 213.41503411531448 
Vehicle 0.882680151425473 527.7180211544037 189.42099809646606 567.1100199222565 234.21087116003036 
Person 0.5331579996901578 731.6600000000001 194.77 1038.73 312.46 
Vehicle 0.5331579996901578 545.49 164.81 587.22 211.89 
Don't Care 0.382243573830458 907.0822143554686 212.18161010742188 1025.35302734375 298.6401062011719 
Don't Care 0.33603492552389086 807.6800537109375 216.56492614746094 907.5598754882812 292.9895935058594 
