Vehicle 1.0 2.18799268361181 194.79558616876602 258.4455867111683 324.8163163661957 
Vehicle 1.0 0.40819548099534586 262.0166167616844 118.94532385468483 373.4557181596756 
Vehicle 0.9801076963843779 684.6799410581589 185.49355119466782 750.9757697582245 240.51547050476074 
Vehicle 0.9716554567893196 732.5130189657211 175.19564554095268 825.8231288194656 222.48423099517822 
Vehicle 0.8902598787215564 70.39131020754576 167.97622293233871 273.7730811238289 260.48728823661804 
Vehicle 0.8537092261627729 318.6982641220093 188.30859661102295 420.8758229613304 253.3334568142891 
Vehicle 0.8450216367487692 278.37890446186066 191.20797514915466 334.56822431087494 260.4055479168892 
Vehicle 0.5369206891500615 364.74 181.95 473.28999999999996 236.23 
Vehicle 0.5369206891500615 628.94 174.77 658.48 201.90999999999997 
Vehicle 0.5369206891500615 788.5800000000002 173.17 1127.02 367.93 
