Vehicle 0.991147421449761 344.9501579403877 176.69782787561417 413.1259523034096 220.93894332647324 
Vehicle 0.9302687346489809 722.3961460590363 167.81051829457283 757.1612602472305 197.36771285533905 
Vehicle 0.92815273342434 636.9456177949905 170.1677106320858 683.2621382474899 206.57439529895782 
Vehicle 0.8645680364874205 1164.223388671875 153.67424860596657 1218.1662994623184 178.15366387367249 
Vehicle 0.5432879775046635 1108.08 157.21 1148.73 181.92 
Vehicle 0.5432879775046635 892.04 152.42 918.35 173.95 
Vehicle 0.5432879775046635 691.16 169.17 719.8500000000001 193.08 
Vehicle 0.5432879775046635 1045.1 156.41 1084.96 179.53 
Vehicle 0.5432879775046635 841.82 156.41 876.9 179.53 
Vehicle 0.5432879775046635 483.09 177.14 526.94 209.02 
Vehicle 0.5432879775046635 534.11 173.95 558.03 197.86 
