Person 0.9681795868514527 660.5746722221375 147.82968133687973 701.1421222686768 264.4757354259491 
Person 0.9457493253805299 589.5291974544525 144.30639028549194 618.6747522354126 227.09102153778076 
Person 0.9306252740403117 552.8489570617676 133.443985581398 578.6581206321716 229.4171154499054 
Person 0.5279705450545167 407.14 137.64 428.38 194.28 
Person 0.5279705450545167 356.01 143.15 387.48 177.76 
Person 0.5279705450545167 304.09 217.88 414.22 294.18 
Person 0.5279705450545167 289.93 145.51 334.77 207.65 
Person 0.5279705450545167 506.26 143.15 522.78 184.05 
Person 0.5279705450545167 437.82 137.64 462.21 202.93 
Person 0.5279705450545167 371.74 187.2 486.59 272.16 
Person 0.5279705450545167 655.72 154.16 668.3099999999998 211.59 
Vehicle 0.42786992413218966 0.8562089800834656 96.32685089111328 262.0947570800781 363.9032897949219 
