Person 0.9898098259430166 514.9336066246033 163.24046701192856 556.4848330020905 255.23853540420532 
Vehicle 0.9591804828569486 1056.1191473007202 186.32908940315247 1152.828712463379 226.53846561908722 
Person 0.9376510598742562 398.6554319858551 169.2449226975441 432.2532048225403 253.68147671222687 
Person 0.9094828479901635 101.30298972129822 155.99536836147308 201.0052134990692 317.3671245574951 
Vehicle 0.8926985184659546 961.1050086021423 183.6163827776909 1061.9944467544556 224.06062006950378 
Person 0.8898818432784679 695.0407319068909 157.20656961202621 773.5051474571228 263.61275136470795 
Vehicle 0.5324976113574625 1157.22 186.96999999999997 1224.0 228.61 
Vehicle 0.5324976113574625 597.07 167.33 656.78 216.83 
Person 0.5324976113574625 348.81 153.98 366.09999999999997 194.04 
Person 0.5324976113574625 298.53 157.12 312.67 201.9 
Person 0.5324976113574625 328.39 156.33 342.53 200.33 
Person 0.5324976113574625 213.69 157.12 289.11 198.75999999999996 
Don't Care 0.4539328220454868 691.87353515625 199.5881805419922 768.4053344726562 269.95587158203125 
Don't Care 0.4536750960103774 97.45726776123047 228.40184020996094 199.37139892578125 334.0970764160156 
