Vehicle 1.0 171.8392811715603 191.39695912599564 370.86570113897324 302.79768258333206 
Vehicle 0.9972861536292673 809.7747588157654 158.94237533211708 940.5233910083771 203.42501252889633 
Vehicle 0.9679411268289804 348.899196267128 197.356715798378 423.4759794473648 257.7633038163185 
Vehicle 0.950621617013114 453.18476700782776 189.60215896368027 491.60954028367996 230.23217171430588 
Vehicle 0.9282450909112444 416.20355862379074 191.95794314146042 462.036114692688 240.76516181230545 
Vehicle 0.8984934123589777 1083.6345648765564 139.52604308724403 1144.2289785146713 177.78435721993446 
Vehicle 0.8858671756302962 487.03762221336365 185.2218322455883 520.4927567839622 219.60246562957764 
Vehicle 0.5301075586436151 521.19 179.56 556.31 210.69 
Vehicle 0.5301075586436151 604.2 168.38 633.73 198.71 
Vehicle 0.5301075586436151 749.47 153.22 803.75 197.92 
