Vehicle 1.0 341.2877640724182 178.2102444767952 488.2119083404541 273.29153299331665 
Person 0.9329905011077481 568.086674451828 159.96522516012192 595.3134477138519 223.49099457263947 
Person 0.9126527949107444 245.34099125862122 174.3189761042595 273.427916765213 242.33448565006256 
Person 0.8964221644038631 214.0328722000122 169.23134863376617 244.84746158123016 245.65087974071503 
Person 0.5401286801299143 1084.94 132.77 1191.79 214.47 
Person 0.5401286801299143 997.74 134.34 1064.51 201.9 
Person 0.5401286801299143 280.46 165.76 349.6 237.24999999999997 
Person 0.5401286801299143 194.83000000000004 179.9 220.76 235.67999999999998 
Person 0.5401286801299143 794.26 153.98 831.97 196.4 
Vehicle 0.5401286801299143 619.07 157.12 643.42 178.33 
Vehicle 0.5401286801299143 475.3 165.76 500.44 194.83 
Don't Care 0.41876234132890416 1088.7855224609375 162.19830322265625 1190.5042724609375 213.37144470214847 
Don't Care 0.3330671965209709 286.388671875 201.49349975585938 346.2757873535156 239.93719482421872 
