Vehicle 0.9874057947991136 210.90973511338234 184.73051860928535 325.3962571620941 240.44866114854813 
Vehicle 0.9427684539756053 441.07466411590576 173.3316332101822 528.2176796793938 216.75270795822144 
Vehicle 0.5189850994543396 1084.16 156.41 1100.11 178.73 
Vehicle 0.5189850994543396 574.77 171.56 628.18 207.43 
Vehicle 0.5189850994543396 559.62 167.57 593.1 185.91 
Vehicle 0.5189850994543396 714.27 169.96 746.16 192.28 
Vehicle 0.5189850994543396 988.5 158.0 1018.8 181.92 
Vehicle 0.5189850994543396 1040.32 157.21 1073.0 182.72 
Vehicle 0.5189850994543396 1103.3 154.02 1120.83 177.93 
Vehicle 0.5189850994543396 1120.83 156.41 1152.72 177.93 
Vehicle 0.5189850994543396 1180.62 156.41 1206.13 176.34 
