Person 0.9853481675241056 74.59418461471796 168.3581806719303 169.527023345232 303.44313383102417 
Person 0.8804578533491539 929.3017097711563 169.9414663016796 953.3654183149338 234.38812047243118 
Person 0.8800772465346155 1024.0877351760864 168.70731487870216 1046.4652118682861 246.4936226606369 
Person 0.5392267132733564 640.12 174.77 680.03 229.84 
Person 0.5392267132733564 2.36 215.48 39.86999999999999 350.37 
Person 0.5392267132733564 852.44 181.95 885.1700000000001 240.22 
Person 0.5392267132733564 826.9 179.56 858.03 233.04 
Person 0.5392267132733564 304.87 166.79 322.43 216.27 
Person 0.5392267132733564 338.4 177.96 383.1 215.48 
Vehicle 0.5392267132733564 423.01000000000005 142.04 545.13 235.43 
Don't Care 0.4651683635016992 54.763160705566406 221.58436584472656 173.27484130859375 330.7286682128906 
Vehicle 0.38375867056571156 375.50775146484375 181.06898498535156 427.48040771484375 211.2084045410156 
