Vehicle 0.9991696956733729 371.87134766578674 191.21970981359482 449.3090543746948 242.42451041936874 
Vehicle 0.9568753195270626 432.70968675613403 184.66230109333992 481.32873022556305 230.03239184617996 
Vehicle 0.868769481850013 473.2050502896309 174.20586571097374 510.4933308362961 216.06134623289108 
Vehicle 0.5346183922100843 7.18 199.46 41.46 241.71 
Vehicle 0.5346183922100843 39.86 205.04 126.76 235.33 
Vehicle 0.5346183922100843 1140.76 113.36000000000001 1228.45 172.35 
Vehicle 0.5346183922100843 1058.65 130.1 1163.88 175.54 
Vehicle 0.5346183922100843 654.49 178.73 724.64 218.59 
Vehicle 0.5346183922100843 536.5 173.95 571.58 198.66 
Vehicle 0.5346183922100843 510.99 175.54 538.1 204.24 
