Vehicle 1.0 4.725128539837897 237.09522932767868 322.07383704185486 373.0795606970787 
Vehicle 1.0 226.01005312800407 203.51815223693848 466.039897441864 351.38142853975296 
Vehicle 1.0 874.0385663509369 184.64568257331848 1241.0706403255463 372.7634400129318 
Vehicle 0.9950377508586473 569.802379488945 180.30444905161858 627.9790070056915 226.3099104166031 
Vehicle 0.9831908260254072 663.0374979972839 181.36467039585114 728.304768204689 233.83120447397232 
Vehicle 0.9276223114252594 524.4896548390388 176.9319400191307 567.8411300182343 214.4259363412857 
Vehicle 0.85599525856634 68.13313979655504 194.06135380268097 206.52029845118523 245.30942738056183 
Person 0.5220784985343901 742.18 164.38 764.5 216.20000000000002 
Vehicle 0.5220784985343901 367.5 164.38 478.31 222.58 
Vehicle 0.5220784985343901 283.8 173.95 326.84999999999997 201.85 
Vehicle 0.3801524898415497 643.3016357421875 128.564208984375 719.9445190429688 211.9879150390625 
