Vehicle 0.9049780163594228 299.74590423703194 166.74311086535454 359.8769890666008 199.9296247959137 
Vehicle 0.5606212125682727 1110.75 155.13 1142.67 174.54 
Vehicle 0.5606212125682727 361.29999999999995 166.28 429.42 196.57000000000002 
Vehicle 0.5606212125682727 611.69 162.49 664.16 189.0 
Vehicle 0.5606212125682727 660.37 168.44 700.94 192.23999999999998 
Vehicle 0.5606212125682727 235.24 154.38 299.61 199.81 
Vehicle 0.5606212125682727 532.18 154.38 597.63 192.23999999999998 
Vehicle 0.5606212125682727 585.19 163.57 620.35 187.90999999999997 
Vehicle 0.5606212125682727 687.42 166.28 725.82 189.0 
Vehicle 0.5606212125682727 720.95 168.44 771.79 187.37 
Vehicle 0.5606212125682727 404.0 166.82 450.0 192.2 
Vehicle 0.5606212125682727 807.66 162.44 843.27 182.27 
Vehicle 0.5606212125682727 763.4900000000001 157.93 817.13 182.72 
Person 0.5606212125682727 268.72 162.35 283.15 206.07 
