Vehicle 1.0 0.9613183562178165 193.05749237537384 297.4968301355839 367.3899918794632 
Vehicle 1.0 826.8899602890015 179.14601415395737 1241.9387780427933 373.0855733156204 
Vehicle 0.8728003784168136 407.0509130358696 176.54942348599434 480.7972392439842 231.41931742429733 
Vehicle 0.519891848682938 505.56 178.65 543.78 204.03 
Vehicle 0.519891848682938 619.71 170.79 641.6 187.21 
Vehicle 0.519891848682938 639.86 176.26 670.72 201.4 
Vehicle 0.519891848682938 655.2899999999998 175.02 680.92 194.67999999999998 
Person 0.519891848682938 450.18 176.21 473.32 250.20000000000002 
Person 0.519891848682938 480.77 175.07 507.35 248.23000000000002 
Person 0.519891848682938 522.58 174.17 535.72 215.07999999999998 
Person 0.519891848682938 633.36 172.98 641.42 195.08000000000004 
Person 0.519891848682938 704.8 164.07 719.99 209.86 
