Vehicle 0.9981727885308571 0.3589348411769606 217.70017594099045 396.91730958223343 372.7055490016937 
Vehicle 0.9890662776359924 568.2554331421852 181.58691376447678 625.7239365577698 227.03053057193756 
Vehicle 0.981348872464873 655.4680359363556 182.18343704938889 714.3443112373352 227.94140875339508 
Vehicle 0.9680956351936092 822.7820928096771 185.7004165649414 1241.3141216039658 373.06438386440277 
Vehicle 0.9477443861202336 524.8931867480278 181.3909225165844 568.3169512152672 213.14171701669693 
Vehicle 0.9103383938423588 303.8659124672413 198.81704449653625 475.82993245124817 324.99054819345474 
Person 0.5187030219031952 737.17 169.56 751.7799999999999 212.86 
Vehicle 0.5187030219031952 299.98 179.69 346.5 204.57 
Vehicle 0.5187030219031952 462.25 175.91 525.53 202.41 
Vehicle 0.5187030219031952 381.12000000000006 176.45 473.61 224.59 
Vehicle 0.5187030219031952 618.32 176.37 647.12 199.02000000000004 
Vehicle 0.5187030219031952 638.79 131.63 707.98 210.25 
Vehicle 0.5187030219031952 82.55 186.18 198.84 239.19 
