Vehicle 1.0 41.196917563676834 210.52177995443344 295.2865101993084 333.31945538520813 
Person 1.0 817.0445516109467 181.16499111056328 915.1088758707047 283.7822288274765 
Vehicle 0.9977582288918021 388.68199396133423 195.09775936603546 496.8121481537819 271.1704596877098 
Vehicle 0.9923133545638614 264.33138942718506 200.3248706459999 380.6492586135864 282.036691904068 
Vehicle 0.9635553051535249 1122.0502696037292 156.8482518196106 1241.6459934711456 260.0344642996788 
Vehicle 0.8346276549399559 458.3626121878624 172.91932180523872 533.7955033779144 239.35816437005997 
Vehicle 0.5234527470158019 511.40000000000003 184.02 543.21 226.21 
Vehicle 0.5234527470158019 547.75 184.02 566.57 200.90000000000003 
Vehicle 0.5234527470158019 637.97 180.13 713.91 211.93 
Vehicle 0.5234527470158019 615.25 180.13 672.37 204.79 
Vehicle 0.5234527470158019 371.31 192.82 442.07 242.85 
Don't Care 0.41871530627826614 819.8068237304688 223.88302612304688 938.9158325195312 286.57305908203125 
