Vehicle 1.0 730.9512298107147 199.6554583311081 979.7500830888748 358.0494448542595 
Vehicle 0.9984709302564433 0.3794883987866342 203.08875292539597 413.45234602689743 372.50208109617233 
Vehicle 0.9810865287348304 327.7392740249634 195.46133279800415 488.3602977991104 320.8308443427086 
Vehicle 0.9748813938949895 688.4746659994125 186.66483834385872 797.3943021297455 267.4400880932808 
Vehicle 0.9545848370175767 439.56658297777176 188.86352330446243 521.1893323659897 265.40496200323105 
Vehicle 0.9287358804581476 657.0162777900696 186.74831092357635 718.9623863697052 241.23381078243256 
Vehicle 0.8712889293323934 516.2028520703316 184.3789927661419 562.0629469156265 219.93539482355118 
Vehicle 0.5196981175787294 541.96 174.26 579.41 209.03 
Vehicle 0.5196981175787294 566.92 176.04 600.81 206.4 
Vehicle 0.5196981175787294 607.05 181.39 635.5800000000002 200.12 
Vehicle 0.475205475436604 978.5704345703125 252.4481201171875 1239.992431640625 372.7247009277344 
