Vehicle 1.0 305.2400011718273 176.269993185997 455.92498630285263 230.70500046014786 
Vehicle 1.0 399.82498240470886 173.89000207185745 483.1350000500679 209.13999527692795 
Vehicle 0.9718906646653547 640.7934215068817 176.35545507073402 726.288367152214 239.36015367507935 
Vehicle 0.9513057323520703 1.010723005514592 197.74246215820312 148.01327039301395 362.36315220594406 
Person 0.5209096000925374 431.69999999999993 179.46 444.5 233.21000000000004 
Person 0.5209096000925374 419.71 182.74 434.64 235.9 
Person 0.5209096000925374 395.52 185.4 407.17 238.88 
Person 0.5209096000925374 406.57 184.83 417.92 237.97999999999996 
Vehicle 0.5209096000925374 581.46 176.56 606.25 194.47999999999996 
Vehicle 0.5209096000925374 569.28 175.09 592.09 191.26 
Vehicle 0.5209096000925374 562.89 172.33 577.58 185.72 
