Person 0.9675501051922978 1053.3536814451218 204.69224452972412 1122.0062223672867 308.23637545108795 
Person 0.9524340757991692 849.9210387468338 165.71524366736412 902.7270866632462 273.7158313393593 
Person 0.9282613679759684 943.9137697219849 168.1993380188942 969.6922852993011 256.2284991145134 
Person 0.927466193804624 916.254622220993 167.1098917722702 944.1544378995895 247.34868854284286 
Person 0.9194620700006184 302.3969741463661 166.98423027992249 324.5668365955353 240.61401933431625 
Vehicle 0.5352165943298282 558.29 154.73 613.9 200.56 
Person 0.5352165943298282 539.63 169.67 561.73 207.53 
Person 0.5352165943298282 523.51 169.13 544.88 209.52 
Person 0.5352165943298282 583.1 169.8 602.6 201.66 
Person 0.5352165943298282 1135.64 156.76 1193.52 300.63 
Person 0.5352165943298282 785.15 182.18 827.3 230.85999999999999 
Person 0.5352165943298282 751.08 160.0 774.34 243.3 
Person 0.5352165943298282 1190.27 185.97 1227.05 286.03 
Person 0.5352165943298282 272.07 189.74 301.37 229.18000000000004 
