Vehicle 1.0 0.5059501921059564 206.75694197416306 165.66191536188126 364.8519739508629 
Vehicle 1.0 912.7451308965683 238.10262233018875 1241.6640565395355 373.2922822237015 
Vehicle 1.0 447.39999532699585 174.31000247597694 519.0149905085564 214.5950049161911 
Vehicle 0.9992639151542335 699.4673756361008 185.3652410209179 838.9726724624634 272.59641140699387 
Vehicle 0.966324779553402 45.88498245924711 190.64772874116898 285.5410406291485 302.4950847029686 
Vehicle 0.9512995623850344 271.7176112830639 187.56772577762604 457.96022772789 247.46880680322647 
Vehicle 0.8830134800146663 672.5182399749756 180.3717389702797 729.069487452507 222.68334031105042 
Vehicle 0.5220652907102608 497.06000000000006 171.13 547.83 206.42000000000002 
Vehicle 0.5220652907102608 645.04 171.13 681.58 201.47 
Vehicle 0.5220652907102608 353.29 170.1 458.15 217.2 
