Vehicle 1.0 97.56302784383297 196.05517387390137 236.89549478888512 262.7939432859421 
Vehicle 1.0 587.0332142114639 201.18983834981918 663.1714164018631 260.9734609723091 
Vehicle 1.0 460.244983792305 195.75999677181244 518.9300052523613 242.27499961853027 
Person 0.9951067808950379 1046.8927291631699 195.67519426345825 1148.2057406902313 322.4715292453766 
Person 0.9186371862220727 390.01111006736755 184.73971635103226 421.09757673740387 301.4700785279274 
Vehicle 0.9168531534622149 674.6146663427353 193.60750168561935 709.7095795869827 230.38825392723083 
Vehicle 0.8673554826410396 407.79871666431427 194.14088129997253 495.97402918338776 251.24971568584442 
Vehicle 0.5326198121433985 505.68 194.13000000000002 551.11 227.67 
Vehicle 0.5326198121433985 528.4 193.05 568.96 215.23 
Vehicle 0.5326198121433985 704.2 178.99 802.62 266.07 
Vehicle 0.5326198121433985 261.96 188.04 345.79999999999995 235.81999999999996 
Don't Care 0.4439446868914278 1030.67919921875 235.70555114746094 1158.266845703125 322.8774108886719 
