Vehicle 1.0 958.3557111024857 243.81984025239944 1241.3354419469833 373.76777082681656 
Vehicle 1.0 764.4435639381409 183.01544710993767 1089.5168327093124 372.54323065280914 
Vehicle 0.9917927275515145 411.560313642025 188.79655748605728 516.1498843431473 262.751542031765 
Vehicle 0.9489669686642823 720.7866822481155 177.48311161994934 847.9149277210236 288.9099195599556 
Vehicle 0.9458927445086788 659.5368161201477 179.1970655322075 725.7980732917786 229.49999570846558 
Person 0.5159859410050117 825.59 160.79 867.08 200.42 
Vehicle 0.5159859410050117 589.42 176.36 615.05 198.01 
Vehicle 0.5159859410050117 638.94 177.86 671.54 207.22 
Vehicle 0.5159859410050117 245.3 187.07 325.32 211.86 
Vehicle 0.5159859410050117 349.81 185.88 422.67 211.56 
