Vehicle 1.0 0.6217800085432827 203.7380039691925 190.66099843382835 328.50757241249084 
Vehicle 0.9484126555184009 223.00116419792175 161.04712709784508 531.9780921936035 322.55832105875015 
Vehicle 0.8771477425561505 1171.1592367887497 155.51331639289856 1202.3936133384705 175.58357119560242 
Vehicle 0.86595213462279 1138.0218715667725 157.91666507720947 1173.065408706665 176.78716778755188 
Vehicle 0.8628555007761933 685.1344789266586 166.02182015776634 738.4459966421127 207.93136954307556 
Vehicle 0.5488832239916978 973.45 164.24 1003.17 179.1 
Vehicle 0.5488832239916978 860.52 159.78 882.81 172.42 
Vehicle 0.5488832239916978 843.43 161.27 863.49 174.57 
Vehicle 0.5488832239916978 888.75 158.3 919.21 173.9 
Vehicle 0.5488832239916978 1206.8 159.04 1240.9 173.9 
Vehicle 0.5488832239916978 526.84 180.32 553.72 198.24 
Vehicle 0.5488832239916978 1104.22 159.04 1133.94 176.87 
Vehicle 0.5488832239916978 1046.27 159.78 1073.76 179.1 
