Vehicle 1.0 784.2261031866074 183.13194438815117 1080.854406952858 348.57771545648575 
Vehicle 0.9939898700912724 312.0657497048378 195.39561867713928 420.3029127717018 259.60633903741837 
Vehicle 0.9831191929446887 716.8876504898071 178.968396037817 820.9960699081421 257.3886886239052 
Vehicle 0.8392074344584236 481.9916966557503 183.94378200173378 516.5718864798546 209.60678905248642 
Vehicle 0.5252538679994257 309.82 192.42999999999998 348.21 215.34 
Vehicle 0.5252538679994257 500.53 185.0 528.39 205.43 
Vehicle 0.5252538679994257 515.57 177.78 539.63 200.38 
Vehicle 0.5252538679994257 579.31 176.58 615.19 192.33999999999997 
Vehicle 0.5252538679994257 638.39 175.27 672.81 198.69999999999996 
Vehicle 0.5252538679994257 622.84 174.44 636.11 186.06 
