Vehicle 1.0 841.8407768011093 172.55841940641403 1067.3759526014328 307.3817789554596 
Vehicle 1.0 164.76237085461617 190.76015800237656 303.9411999285221 249.8115375638008 
Vehicle 0.9832321491351832 355.34241861104965 185.33014878630638 446.3122136592865 242.1593740582466 
Vehicle 0.971014586923266 592.5484094023705 180.25650456547737 659.2845994234085 242.32681095600128 
Vehicle 0.8226347009498025 678.7662109136581 180.01877143979073 751.9080165624619 221.58385813236237 
Vehicle 0.5246073448848109 722.25 180.85 821.32 233.48000000000002 
Vehicle 0.5246073448848109 0.0 185.71 110.17 250.72 
Vehicle 0.5246073448848109 287.67 180.55 364.55 231.63 
Vehicle 0.5246073448848109 485.52 180.17 530.97 211.27 
Vehicle 0.5246073448848109 556.71 179.79 586.16 198.66 
