Vehicle 1.0 939.2443925142288 206.79643750190735 1240.9499731063843 373.19471687078476 
Vehicle 1.0 153.48489953577518 185.03613397479057 349.84402799606323 292.5349473953247 
Vehicle 1.0 0.5821249527507462 168.59301924705505 145.34993943572044 353.29339653253555 
Vehicle 0.9725683155174613 726.3267141580582 173.87891560792923 812.5801606178284 216.36459231376648 
Vehicle 0.8310921797982849 632.0951657295227 176.62916332483292 660.5151089429855 201.6947641968727 
Vehicle 0.5210891541843293 496.93999999999994 167.77 532.39 201.01 
Vehicle 0.5210891541843293 478.1 172.2 506.90999999999997 207.64999999999998 
Vehicle 0.5210891541843293 612.67 170.22 637.56 199.89 
Vehicle 0.5210891541843293 349.9 163.9 482.86 228.38 
Vehicle 0.5210891541843293 401.76 183.84 442.97 231.04000000000002 
Vehicle 0.5210891541843293 314.01000000000005 176.53 415.05 249.66 
