Vehicle 1.0 0.24244961608201265 215.88628149032593 291.92778849601746 374.044273853302 
Vehicle 0.996312167083523 377.75225964188576 183.27540802955627 487.04920721054077 265.25372648239136 
Vehicle 0.9953295929960401 696.9951220750809 190.97073602676392 796.3908634185791 257.7123980522156 
Vehicle 0.9812542331736961 162.7104103565216 189.78463792800903 311.6410678625107 260.7440481185913 
Vehicle 0.9317254900987825 339.5560703277588 185.2252848148346 391.9848899245262 228.5711932182312 
Vehicle 0.9253593569814176 644.0403802990913 182.4733283519745 687.8776582479477 214.1682949066162 
Vehicle 0.8867451211862456 465.4708273112774 184.0412037372589 521.0121298134327 233.53967666625977 
Vehicle 0.5212438405648625 588.16 179.86 611.61 203.31 
Vehicle 0.5212438405648625 578.17 181.78 590.85 197.92 
Vehicle 0.5212438405648625 527.04 184.86 550.88 205.22999999999996 
Vehicle 0.5212438405648625 503.21 181.01 532.43 216.38 
