Person 1.0 870.7679706811905 162.2822888493538 943.8617905378342 350.3656086921692 
Person 0.9884148009239276 775.1453793048859 173.95553302764893 829.5625157356262 360.3890006542206 
Person 0.9710895323506453 546.8820601701736 168.53962486982346 583.1858302354813 259.12576389312744 
Person 0.913551148125495 210.9960905611515 168.07404243946075 274.86598095297813 339.93852841854095 
Person 0.9069683500363263 719.8091815710068 166.38440990447998 747.7096099853516 238.83563899993896 
Person 0.5378132447035868 128.47 172.69 217.23 330.4 
Person 0.5378132447035868 507.29 175.07 532.65 233.71 
Person 0.5378132447035868 492.2 177.0 508.06 230.3 
Person 0.42939956573461335 995.0476684570311 164.98870849609375 1042.4683837890625 267.37432861328125 
Person 0.3506303416105765 1135.6036376953125 148.62612915039062 1194.71826171875 262.7613830566406 
Person 0.3065900320634343 952.0695190429688 158.35728454589844 988.9735717773438 247.86009216308594 
