Person 1.0 33.03573038801551 171.85157909989357 190.9008337855339 372.97075241804123 
Person 0.9902343104719915 1099.9102038145065 138.2635161280632 1190.172837138176 373.8449513912201 
Person 0.9735904517878384 353.52700620889664 179.756049066782 403.9322576522827 302.71241068840027 
Person 0.8659036815080793 446.0034758448601 177.48266458511353 463.28168910741806 230.70184886455536 
Person 0.5306762782739226 516.82 176.3 523.39 205.48000000000002 
Person 0.5306762782739226 525.78 174.3 533.6 204.8 
Person 0.5306762782739226 612.95 173.4 625.6 223.8 
Person 0.5306762782739226 426.11 173.2 442.7 233.52 
Don't Care 0.45770853554704916 129.26783752441406 221.05015563964844 192.01747131347656 372.9632873535156 
Person 0.32592395086998777 1200.9669189453125 151.30184936523438 1242.0 371.3554382324219 
