Vehicle 1.0 0.47115686594042927 208.69338512420654 170.29337123036385 373.3666241168976 
Vehicle 0.9999125427977126 147.7882408350706 210.52296459674835 359.9448736310005 350.96778720617294 
Vehicle 0.9770285564840373 325.2940231561661 196.20048254728317 444.07594656944275 284.1237634420395 
Vehicle 0.9140137356658664 538.1349334716797 186.09432131052017 577.1785148978233 213.76655995845795 
Vehicle 0.5138463924118449 735.54 179.9 836.91 258.01 
Vehicle 0.5138463924118449 719.31 189.37 745.34 230.91999999999996 
Vehicle 0.5138463924118449 703.79 184.94 723.18 222.06 
Vehicle 0.5138463924118449 568.07 186.6 585.8 211.53 
Vehicle 0.5138463924118449 581.37 182.72 594.66 209.87 
Vehicle 0.5138463924118449 599.94 182.92 621.09 199.46 
