Person 0.9861136891429356 866.8144943714142 166.08366668224335 908.864187002182 287.22787845134735 
Person 0.9804973532471531 741.563964009285 182.49072420597076 786.4044152498245 313.34073185920715 
Person 0.9743951385730332 375.77889358997345 173.31934887170792 411.8019275069237 285.0120623111725 
Vehicle 0.9703970320376145 552.0652559995651 180.96435928344727 597.8207838535309 217.4588838815689 
Person 0.9587175567550933 296.32914313673973 175.22158151865005 334.0142907500267 266.60976934432983 
Person 0.9539067482999953 915.3508929014206 174.6251219511032 955.2619878053665 286.47317814826965 
Person 0.9404754189858365 690.1037625074387 185.96623557806015 719.4104174375534 277.2031935453415 
Person 0.8908146362531676 643.5506325960159 168.9771192073822 664.1413691043854 246.86488783359528 
Person 0.8872854972241705 719.1177641153336 185.4900643825531 743.892867565155 281.8087936639786 
Don't Care 0.38172869884279526 0.593638002872467 232.31616210937503 51.3940315246582 321.4106750488281 
Don't Care 0.36267060864716333 50.7915153503418 219.8922882080078 166.33160400390625 288.94293212890625 
Don't Care 0.340112840950367 291.23956298828125 244.75564575195312 357.68878173828125 288.071044921875 
