Vehicle 1.0 728.2642743587494 175.8660189807415 960.6093009710312 330.78937232494354 
Vehicle 0.97705648435313 103.38945007324219 177.4216890335083 329.8613514304161 310.49636006355286 
Vehicle 0.9712375649803721 368.42119055986404 184.79565158486366 428.11256182193756 239.56865072250366 
Vehicle 0.9681123662477779 317.53493589162827 193.53803247213364 395.8580290675163 267.64319837093353 
Vehicle 0.9659439582701388 666.3049145936966 181.59393221139908 772.3314986228943 268.6689868569374 
Person 0.9588847018590483 1091.11652469635 156.8533591926098 1166.772206068039 306.80834501981735 
Person 0.8711694950714046 575.3309739232063 173.23723062872887 610.9430535435677 265.4759958386421 
Vehicle 0.5192225760993006 645.04 178.48 689.6899999999999 241.44999999999996 
Vehicle 0.5192225760993006 560.3 163.6 586.64 203.67 
Vehicle 0.5192225760993006 408.83 150.93 509.87 205.04 
Person 0.5192225760993006 512.6 174.4 523.9 206.72000000000003 
Vehicle 0.48343853697053796 0.7703221440315245 220.29460144042966 127.64373016357422 372.1546325683594 
