Vehicle 1.0 291.4231233894825 172.90842533111572 411.1820996403694 241.76669865846634 
Vehicle 1.0 73.04872810095549 188.30320984125137 302.61935716867447 324.942447245121 
Vehicle 1.0 0.7613151442492381 191.42988324165344 115.790162935853 372.37637490034103 
Vehicle 0.9957976048544118 585.7890833616257 169.74863782525063 655.7177356481552 224.00933504104614 
Vehicle 0.9823885110508537 433.46852070093155 185.4471042752266 533.54609978199 261.4152207970619 
Person 0.9647737628147302 884.304607629776 182.18757212162018 947.0132145881653 336.695060133934 
Vehicle 0.8348087583851623 914.170484662056 32.85607136785984 1194.2720432281494 372.5523054599762 
Vehicle 0.5324416905863791 750.13 177.68 947.3299999999999 305.96 
Vehicle 0.3964171101071106 0.8753483295440674 143.6195526123047 138.44322204589844 226.5576171875 
Vehicle 0.32199277750641986 712.6386108398438 182.4622039794922 770.6118164062501 259.260498046875 
Vehicle 0.3075263014414715 682.9513549804688 172.50961303710938 749.6259155273438 231.87069702148435 
