Vehicle 0.9411995917163702 773.2325052022934 170.89711502194405 967.528270483017 275.36239475011826 
Vehicle 0.9239945486092014 145.04090550541878 194.5611611008644 337.91388952732086 291.30032658576965 
Vehicle 0.9214605391190045 593.3973736166954 177.12102457880974 668.7705234289169 250.26829540729523 
Vehicle 0.8506450618333459 68.94508027285337 180.8462105691433 200.5522865653038 242.71061271429062 
Vehicle 0.7937618294823059 335.84973978996277 179.23076078295708 398.532325565815 229.37623411417007 
Vehicle 0.7747141484883018 448.6368713378906 182.3364906013012 507.83454340696335 224.94971752166748 
Vehicle 0.7732976816140316 525.2134730815887 179.9735650420189 561.7672381997108 207.5549215078354 
Vehicle 0.7515753423133438 673.7609642744064 178.35329845547676 723.9559364318848 221.53736650943756 
Vehicle 0.7508075643876132 411.01716309785843 176.78125575184822 459.9579364657402 214.3145576119423 
Vehicle 0.7383179349161404 705.2576994895935 181.0600943863392 791.5199553966522 228.75604033470154 
