Vehicle 0.9302339939808559 904.8874740600586 156.99471160769463 1231.780967116356 370.2967241406441 
Vehicle 0.89532493751969 300.1743098795414 186.18599697947502 407.6996288895607 250.2574548125267 
Vehicle 0.870538109887251 758.82683801651 175.50454661250114 898.6216621398926 266.56148582696915 
Vehicle 0.8657752988054737 586.3947143554688 173.09489473700523 636.7031729221344 219.2618027329445 
Vehicle 0.7045041835452955 684.623456954956 174.63219165802002 775.7232098579407 222.3650962114334 
Vehicle 0.5272742948331738 823.0946044921875 180.3601531982422 931.3662719726562 285.64093017578125 
Vehicle 0.37440182868067334 431.43 173.09 472.12 204.17000000000002 
Vehicle 0.37440182868067334 486.24 176.48 520.15 203.04000000000002 
Vehicle 0.37440182868067334 553.48 157.83 584.56 190.04 
Vehicle 0.37440182868067334 657.46 173.65 697.5800000000002 212.08000000000004 
