Vehicle 0.8073782827362083 181.83855906128883 187.04486265778542 224.83054956793785 217.7438959479332 
Vehicle 0.7696494348100898 384.0507786870003 162.7681441605091 471.85561323165894 218.8825160264969 
Vehicle 0.4078150697717264 1103.6053466796875 196.24525451660153 1150.2796630859375 222.65881347656247 
Vehicle 0.40419854797186583 567.17 184.94 611.36 220.07 
Vehicle 0.40419854797186583 520.71 192.87 553.0 221.2 
Vehicle 0.40419854797186583 500.88 184.94 526.37 207.6 
Vehicle 0.40419854797186583 479.35 194.57 499.18000000000006 210.43 
Vehicle 0.40419854797186583 725.82 179.84 804.01 207.03 
Vehicle 0.40419854797186583 637.9999999999999 174.74 679.36 203.64 
Vehicle 0.40419854797186583 926.4 186.07 1150.77 228.0 
Vehicle 0.40419854797186583 828.37 179.27 877.67 211.0 
Vehicle 0.40419854797186583 687.8600000000001 181.54 721.29 203.64 
Vehicle 0.3747146421137629 1204.166259765625 194.25576782226565 1241.987060546875 226.49647521972653 
