Vehicle 0.9544273792367122 102.13921183347702 192.15410202741623 440.05565536022186 373.0323985219002 
Vehicle 0.9296548445058789 0.9567331146681681 214.68595415353775 184.4781359732151 372.93360382318497 
Vehicle 0.8375887779724019 397.42396384477615 165.97722843289375 530.4055688381195 291.709341108799 
Vehicle 0.8293818731636119 666.154339671135 182.15708434581757 770.8939300775528 228.92508655786514 
Vehicle 0.8061027123835689 639.6269470453262 179.59489300847054 688.2537635564804 213.5363146662712 
Vehicle 0.7762897293158513 532.9311411380768 189.20481204986572 574.2177633047104 228.48102450370789 
Vehicle 0.49091796711362595 518.716552734375 189.76333618164062 551.7523193359375 243.67445373535153 
Don't Care 0.4278678021339726 907.0822143554686 212.18161010742188 1025.35302734375 298.6401062011719 
Person 0.38194894712867866 731.6600000000001 194.77 1038.73 312.46 
Vehicle 0.38194894712867866 545.49 164.81 587.22 211.89 
Don't Care 0.376143733649614 807.6800537109375 216.56492614746094 907.5598754882812 292.9895935058594 
