Vehicle 0.9587396012094316 0.49719409772660583 205.30816912651062 391.58615040779114 372.45918810367584 
Vehicle 0.9419054866518486 123.17670866847038 95.63225135207176 470.6457948088646 221.66448086500168 
Vehicle 0.38324116439556793 687.2899999999998 170.77 736.58 207.03 
Vehicle 0.38324116439556793 491.24000000000007 177.0 528.07 204.77 
Vehicle 0.38324116439556793 575.67 161.14 653.86 189.47 
Vehicle 0.38324116439556793 660.09 170.77 692.96 198.54000000000002 
Vehicle 0.38324116439556793 826.67 159.44 889.0 176.44 
Vehicle 0.38324116439556793 887.87 153.21 944.53 177.57 
Vehicle 0.38324116439556793 1046.52 156.61 1153.61 183.24 
Vehicle 0.35461322221520575 1170.262939453125 155.8037567138672 1203.5526123046875 176.81033325195312 
Vehicle 0.3496120235566226 1137.327392578125 157.53173828125 1172.560302734375 179.252685546875 
