Vehicle 0.9311190785042469 193.90459620952606 189.54449146986008 428.05141389369965 341.3189649581909 
Vehicle 0.9263843370321327 779.8358892202377 185.96864864230156 1011.2383049726486 340.99280834198 
Vehicle 0.7887904053862561 717.7988730669022 183.28885361552238 835.2474607229233 274.5959982275963 
Vehicle 0.7753036914639915 495.3686943054199 173.43071848154068 536.5007069706917 202.51735299825668 
Vehicle 0.3766234975802112 561.4 166.1 594.2 192.5 
Vehicle 0.3766234975802112 608.86 161.22 652.94 200.21 
Vehicle 0.3766234975802112 356.84 149.92 498.7 257.85 
Vehicle 0.3766234975802112 704.36 173.65 777.81 241.46 
Vehicle 0.3766234975802112 781.2 147.66 875.0 180.43 
Vehicle 0.3766234975802112 661.98 151.61 703.2300000000001 184.95 
Vehicle 0.3766234975802112 195.24 139.18 369.28000000000003 217.16 
