Vehicle 0.9192175459065425 73.37297035753727 182.25564435124397 271.34030413627625 273.4662964940071 
Vehicle 0.8939097073258033 275.27087223529816 174.72992464900017 374.04091465473175 239.29030448198318 
Vehicle 0.8526416226799196 368.5374530553818 183.8609240949154 420.8368837237358 227.04559564590454 
Vehicle 0.8239140061573457 403.4881578683853 177.81776189804077 457.35333824157715 223.41542690992355 
Vehicle 0.7916620300205703 485.3239996433258 178.08504402637482 518.7735820412636 204.63448762893677 
Vehicle 0.7584976714055942 455.73795211315155 177.4863302707672 497.81753557920456 210.20527929067612 
Don't Care 0.38247178352818223 687.97 148.22 737.69 197.38 
Person 0.38247178352818223 758.04 168.57 775.5499999999998 189.47 
Person 0.38247178352818223 814.54 162.92 838.84 195.69 
Vehicle 0.38247178352818223 528.62 173.09 562.5 200.2 
