Person 0.868161971170316 880.4293391704559 152.00604870915413 937.7585570812225 259.83430445194244 
Person 0.867014140355642 240.20446014404297 192.94660538434982 270.7160733640194 258.82890075445175 
Vehicle 0.7790898201439295 443.14939999580383 170.16783356666565 506.57938224077225 225.74101388454437 
Don't Care 0.39029512717448733 959.26 247.26 999.49 375.0 
Don't Care 0.39029512717448733 830.07 210.43 858.97 313.56 
Don't Care 0.39029512717448733 873.7 234.79999999999998 901.47 340.19 
Person 0.39029512717448733 0.0 232.52999999999997 84.99 374.18 
Person 0.39029512717448733 163.18 210.43 226.07000000000002 267.09 
Person 0.39029512717448733 644.2299999999999 169.64 667.46 204.77 
Vehicle 0.3818714068130768 1.1289427280426025 251.81622314453125 79.28192138671875 373.8161315917969 
