Person 0.9233987490447403 138.14972731471062 191.53065395355225 270.2706559896469 372.48489260673523 
Person 0.8849705026686406 950.5723031759262 159.01579970121384 1017.7636907100677 286.02711248397827 
Person 0.8842051665806302 420.28806215524673 176.55737096071243 491.938280582428 291.00401043891907 
Person 0.8230576830699068 228.95923781394958 173.42905962467194 286.85895615816116 329.0174766778946 
Person 0.7525569622092908 575.3776831626892 165.01182729005814 613.6203737258911 234.09722232818604 
Don't Care 0.4833354757011652 876.046142578125 220.19827270507812 954.1475830078125 362.0875549316406 
Don't Care 0.4800633356768839 786.79736328125 232.79803466796875 854.6505126953125 360.8337097167969 
Don't Care 0.4234685612331958 692.1783447265625 194.01870727539062 739.8958740234375 245.46534729003903 
Person 0.38232686662016413 863.7100000000002 214.96000000000004 962.89 365.3 
Person 0.38232686662016413 509.64000000000004 169.11 551.23 229.9 
Person 0.38232686662016413 782.66 220.3 857.31 360.01 
Don't Care 0.37853838557164887 264.25006103515625 210.836669921875 354.7731018066407 303.12139892578125 
