Vehicle 0.900892419557204 306.315216422081 178.22332307696342 489.68400979042053 268.23272556066513 
Vehicle 0.8994730403996554 823.7871841192245 187.64761090278625 1036.755498290062 325.3738582134247 
Vehicle 0.8784761595841125 591.8700449466705 176.13504454493523 660.7440805435181 231.21971637010574 
Vehicle 0.8729164673350867 755.7470848560333 182.3752373456955 869.300194144249 264.69361782073975 
Vehicle 0.8715129306874623 9.921116022393107 177.17846855521202 236.7142903804779 276.1806920170784 
Person 0.8685189020586477 971.8401618003845 192.96200573444366 1108.8169251680374 373.53620678186417 
Vehicle 0.8575988862893837 221.29377856850624 171.67218402028084 336.2747771143913 243.63434314727783 
Vehicle 0.5324852728817114 1080.7742919921875 241.81256103515622 1240.7703857421875 372.60015869140625 
Vehicle 0.4555224876579546 0.1703280806541443 226.19480895996097 68.95369720458984 373.10858154296875 
Person 0.36819838750819056 685.71 166.31 715.09 206.42999999999998 
Vehicle 0.36819838750819056 450.64 162.35 534.84 218.86 
Vehicle 0.36819838750819056 723.0 160.09 806.6 238.62999999999997 
