Vehicle 0.9356723272083779 552.9926955699921 178.86356636881828 698.6082694530487 317.06853210926056 
Vehicle 0.9037374848810392 1131.684177517891 240.14031887054443 1238.7065992355347 371.0411265492439 
Vehicle 0.9034732737377927 1151.4442119598389 179.32022362947464 1238.8542129993439 226.5414521098137 
Vehicle 0.8646173497358539 960.447991847992 182.50538036227226 1107.387943983078 228.48258912563324 
Vehicle 0.7413955814020369 285.2487187385559 195.19639760255814 337.2170548439026 221.6767966747284 
Don't Care 0.45005652452952283 599.029296875 0.0 632.7578735351562 30.761098861694336 
Vehicle 0.3857690438817579 338.76 190.6 391.88 219.40000000000003 
Vehicle 0.3857690438817579 396.4 187.78 456.2900000000001 212.64 
Don't Care 0.36136006300925866 389.27630615234375 101.88758087158203 401.6235046386719 125.83287048339844 
Don't Care 0.3532205128536425 953.3344726562499 81.1717758178711 976.67822265625 143.09820556640625 
