Person 0.8699743493624116 659.2616086006165 147.8198343515396 701.0937523841858 263.94463777542114 
Person 0.8448959574411355 589.3026323318481 144.79594975709915 619.0531754493713 226.63603127002716 
Person 0.8279864216771219 552.4918735027313 133.17294538021088 578.8680882453918 228.74390363693237 
Vehicle 0.47838451025744155 0.8562089800834656 96.32685089111328 262.0947570800781 363.9032897949219 
Person 0.37779396607195415 407.14 137.64 428.38 194.28 
Person 0.37779396607195415 356.01 143.15 387.48 177.76 
Person 0.37779396607195415 304.09 217.88 414.22 294.18 
Person 0.37779396607195415 289.93 145.51 334.77 207.65 
Person 0.37779396607195415 506.26 143.15 522.78 184.05 
Person 0.37779396607195415 437.82 137.64 462.21 202.93 
Person 0.37779396607195415 371.74 187.2 486.59 272.16 
Person 0.37779396607195415 655.72 154.16 668.3099999999998 211.59 
