Vehicle 0.8932922221190596 210.2701988518238 184.0841844677925 324.87261325120926 240.5276969075203 
Vehicle 0.8434850447114675 440.73720306158066 173.57423901557922 527.9428101181984 216.88932180404663 
Vehicle 0.37061968217326263 1084.16 156.41 1100.11 178.73 
Vehicle 0.37061968217326263 574.77 171.56 628.18 207.43 
Vehicle 0.37061968217326263 559.62 167.57 593.1 185.91 
Vehicle 0.37061968217326263 714.27 169.96 746.16 192.28 
Vehicle 0.37061968217326263 988.5 158.0 1018.8 181.92 
Vehicle 0.37061968217326263 1040.32 157.21 1073.0 182.72 
Vehicle 0.37061968217326263 1103.3 154.02 1120.83 177.93 
Vehicle 0.37061968217326263 1120.83 156.41 1152.72 177.93 
Vehicle 0.37061968217326263 1180.62 156.41 1206.13 176.34 
