Vehicle 0.8925456006139308 344.50028389692307 178.15758660435677 413.1716651916504 221.5164229273796 
Vehicle 0.8242455999705262 722.435011267662 168.08751225471497 756.6931010484695 197.23664224147797 
Vehicle 0.8218716511782771 636.9445073604584 170.43408751487732 683.0704772472382 205.7078629732132 
Vehicle 0.7505357687878798 1165.2563889026642 154.04094010591507 1215.624736905098 177.98515409231186 
Vehicle 0.39009061371695186 1108.08 157.21 1148.73 181.92 
Vehicle 0.39009061371695186 892.04 152.42 918.35 173.95 
Vehicle 0.39009061371695186 691.16 169.17 719.8500000000001 193.08 
Vehicle 0.39009061371695186 1045.1 156.41 1084.96 179.53 
Vehicle 0.39009061371695186 841.82 156.41 876.9 179.53 
Vehicle 0.39009061371695186 483.09 177.14 526.94 209.02 
Vehicle 0.39009061371695186 534.11 173.95 558.03 197.86 
