Person 0.893240348640752 513.6975116729736 163.01239848136902 556.5484507083893 255.02922356128693 
Vehicle 0.8589601844443824 1055.7892398834229 186.3638460636139 1153.1055808067322 225.8237487077713 
Person 0.834864592422512 399.7541506290436 169.33356761932373 432.6986746788025 254.26779687404633 
Person 0.8033389104713361 101.50143027305603 156.11431509256363 199.50835525989532 314.00397658348083 
Vehicle 0.784554067638105 961.6148986816406 183.9872932434082 1062.807834148407 223.45917105674744 
Person 0.7814015918013717 698.6433033943176 157.23033249378204 770.826783657074 262.0072627067566 
Don't Care 0.5080387009971084 691.87353515625 199.5881805419922 768.4053344726562 269.95587158203125 
Don't Care 0.5077502556727538 97.45726776123047 228.40184020996094 199.37139892578125 334.0970764160156 
Vehicle 0.3814194617278409 1157.22 186.96999999999997 1224.0 228.61 
Vehicle 0.3814194617278409 597.07 167.33 656.78 216.83 
Person 0.3814194617278409 348.81 153.98 366.09999999999997 194.04 
Person 0.3814194617278409 298.53 157.12 312.67 201.9 
Person 0.3814194617278409 328.39 156.33 342.53 200.33 
Person 0.3814194617278409 213.69 157.12 289.11 198.75999999999996 
