Vehicle 0.9308027003908278 340.81413316726685 178.7325868010521 487.371600151062 273.4511798620224 
Person 0.8279882036550436 568.3148810863495 160.09297132492065 595.2643482685089 224.00466978549957 
Person 0.8051874267510183 244.97845423221588 174.72210705280304 272.79923593997955 241.58304929733276 
Person 0.7869911276396865 213.69295156002045 169.3231362104416 244.774742603302 246.01950764656067 
Don't Care 0.4694780536191596 1088.7855224609375 162.19830322265625 1190.5042724609375 213.37144470214847 
Person 0.3875474542763431 1084.94 132.77 1191.79 214.47 
Person 0.3875474542763431 997.74 134.34 1064.51 201.9 
Person 0.3875474542763431 280.46 165.76 349.6 237.24999999999997 
Person 0.3875474542763431 194.83000000000004 179.9 220.76 235.67999999999998 
Person 0.3875474542763431 794.26 153.98 831.97 196.4 
Vehicle 0.3875474542763431 619.07 157.12 643.42 178.33 
Vehicle 0.3875474542763431 475.3 165.76 500.44 194.83 
Don't Care 0.3734044915568023 286.388671875 201.49349975585938 346.2757873535156 239.93719482421872 
