Person 0.8868715763555872 76.45490274578333 168.35280507802963 166.86921679973602 301.9178509712219 
Person 0.7693018505326072 929.3672254085541 169.70431432127953 953.2396430969238 234.99566316604614 
Person 0.7688752352463396 1023.192724943161 168.34713891148567 1046.483719110489 246.4606761932373 
Don't Care 0.5213987952333753 54.763160705566406 221.58436584472656 173.27484130859375 330.7286682128906 
Vehicle 0.4301481446138648 375.50775146484375 181.06898498535156 427.48040771484375 211.2084045410156 
Person 0.3868220533890766 640.12 174.77 680.03 229.84 
Person 0.3868220533890766 2.36 215.48 39.86999999999999 350.37 
Person 0.3868220533890766 852.44 181.95 885.1700000000001 240.22 
Person 0.3868220533890766 826.9 179.56 858.03 233.04 
Person 0.3868220533890766 304.87 166.79 322.43 216.27 
Person 0.3868220533890766 338.4 177.96 383.1 215.48 
Vehicle 0.3868220533890766 423.01000000000005 142.04 545.13 235.43 
