Vehicle 0.911480520597472 173.02183842658997 193.7968209385872 369.4969425201416 302.49734222888947 
Vehicle 0.9020881771929178 810.2562432289124 158.5974432528019 940.9667505025864 203.5965844988823 
Vehicle 0.869262972576381 348.34153604507446 197.4148526787758 423.98337399959564 258.1521347165108 
Vehicle 0.8498894529189249 452.14358657598495 189.71825391054153 491.59936130046844 229.7278270125389 
Vehicle 0.8248591793771756 415.06321638822556 192.48278439044952 462.01442420482635 240.906223654747 
Vehicle 0.791579096083674 1083.3419283628464 140.1398554444313 1144.9946601390839 178.16846072673798 
Vehicle 0.7774554489329497 486.4274014234543 185.68088114261627 520.740642786026 219.20228004455566 
Vehicle 0.37950447575978247 604.2 168.38 633.73 198.71 
Vehicle 0.37950447575978247 749.47 153.22 803.75 197.92 
Vehicle 0.37950447575978247 521.19 179.56 556.31 210.69 
