Vehicle 0.9242810301970694 876.1043447256088 186.71316280961037 1241.0388078689575 372.2919076681137 
Vehicle 0.9188870732134646 3.8013357860036194 237.68111318349838 324.62580066919327 372.6409524679184 
Vehicle 0.9073725431571458 223.5214397907257 203.1661793589592 464.860319852829 353.6992371082306 
Vehicle 0.901187619807221 569.9449592828751 180.6710958480835 628.3048084974289 226.80824249982834 
Vehicle 0.8879594682760221 662.7981623411179 181.60920962691307 728.0411510467529 233.6660474538803 
Vehicle 0.8259122499606045 524.2736383080482 177.89291962981224 568.1057095527649 214.78573232889175 
Vehicle 0.7459342369075886 62.63101997226477 192.54250824451447 201.3746743798256 243.6324656009674 
Vehicle 0.4244742674889756 643.3016357421875 128.564208984375 719.9445190429688 211.9879150390625 
Person 0.3730863068419689 742.18 164.38 764.5 216.20000000000002 
Vehicle 0.3730863068419689 367.5 164.38 478.31 222.58 
Vehicle 0.3730863068419689 283.8 173.95 326.84999999999997 201.85 
