Vehicle 0.9032901750464667 371.77144557237625 191.53694808483124 449.2372832894325 242.78587102890015 
Vehicle 0.855932170591653 432.87069976329803 185.75308844447136 481.0841755270958 229.70062494277954 
Vehicle 0.7572777787085199 472.4324099421501 175.18649250268936 510.1243704557419 216.02189540863037 
Vehicle 0.3831204150811645 7.18 199.46 41.46 241.71 
Vehicle 0.3831204150811645 39.86 205.04 126.76 235.33 
Vehicle 0.3831204150811645 1140.76 113.36000000000001 1228.45 172.35 
Vehicle 0.3831204150811645 1058.65 130.1 1163.88 175.54 
Vehicle 0.3831204150811645 654.49 178.73 724.64 218.59 
Vehicle 0.3831204150811645 536.5 173.95 571.58 198.66 
Vehicle 0.3831204150811645 510.99 175.54 538.1 204.24 
