Vehicle 0.9191319776134474 841.6183197498322 172.20453545451164 1067.4737448692322 307.5612634420395 
Vehicle 0.9111205407605292 164.8578867316246 190.49620628356934 304.1244401335716 250.0782161951065 
Vehicle 0.8874902815109943 355.1171854734421 184.99497324228287 446.3698081970215 242.20915138721466 
Vehicle 0.8738405716939651 592.4755648970604 179.96349558234215 659.3291648626328 242.51921474933624 
Vehicle 0.7080675352165162 678.7233481407166 180.32532557845116 747.8279839754105 221.54628485441208 
Vehicle 0.37510529980261303 722.25 180.85 821.32 233.48000000000002 
Vehicle 0.37510529980261303 0.0 185.71 110.17 250.72 
Vehicle 0.37510529980261303 287.67 180.55 364.55 231.63 
Vehicle 0.37510529980261303 485.52 180.17 530.97 211.27 
Vehicle 0.37510529980261303 556.71 179.79 586.16 198.66 
