Vehicle 0.9705945139775122 0.763974403613247 203.97763699293137 190.64065897464752 326.74384117126465 
Vehicle 0.8434003473875067 223.04095476865768 160.89899092912674 532.2381559610367 322.67893105745316 
Vehicle 0.7633475016091493 1170.9611352682114 155.56663647294044 1202.6361322402954 175.85795000195503 
Vehicle 0.7507713229816807 1137.9100878238678 157.80334174633026 1172.9901212453842 177.22389847040176 
Vehicle 0.7472928320743115 685.0198820829391 165.81740230321884 738.4300063848495 208.0535665154457 
Vehicle 0.39460351304208446 973.45 164.24 1003.17 179.1 
Vehicle 0.39460351304208446 860.52 159.78 882.81 172.42 
Vehicle 0.39460351304208446 843.43 161.27 863.49 174.57 
Vehicle 0.39460351304208446 888.75 158.3 919.21 173.9 
Vehicle 0.39460351304208446 1206.8 159.04 1240.9 173.9 
Vehicle 0.39460351304208446 526.84 180.32 553.72 198.24 
Vehicle 0.39460351304208446 1104.22 159.04 1133.94 176.87 
Vehicle 0.39460351304208446 1046.27 159.78 1073.76 179.1 
