Vehicle 0.9162786983689446 764.1957149505615 182.72053822875023 1089.2720189094543 372.4038228392601 
Vehicle 0.9118287481312389 958.6955780982971 243.69259178638458 1241.1845709085464 373.4878599643707 
Vehicle 0.8987904261713343 411.53732764720917 188.53075057268143 516.2535619139671 262.74727284908295 
Vehicle 0.8510366074680643 720.5887287855148 177.17720568180084 846.8671216964722 289.0583574771881 
Vehicle 0.7785652250398114 659.3849827051163 179.27584424614906 727.039020895958 230.12077063322067 
Person 0.36823145277695996 825.59 160.79 867.08 200.42 
Vehicle 0.36823145277695996 589.42 176.36 615.05 198.01 
Vehicle 0.36823145277695996 638.94 177.86 671.54 207.22 
Vehicle 0.36823145277695996 245.3 187.07 325.32 211.86 
Vehicle 0.36823145277695996 349.81 185.88 422.67 211.56 
