Vehicle 0.9053625515020173 0.44153497653314844 215.5577838420868 397.2411863207817 372.1775561571121 
Vehicle 0.8952020453972496 568.0029943585396 181.61644041538239 625.7947082519531 227.41234302520752 
Vehicle 0.8865912938190136 655.2561650276184 182.01975524425507 714.5591433048248 227.8900444507599 
Vehicle 0.8718040153413301 822.2999421358109 185.15562638640404 1241.4561831951141 372.60181456804276 
Vehicle 0.849097141446511 524.6486320495605 181.27092719078064 568.4659345149994 213.25745433568954 
Vehicle 0.8073614648547747 303.4855146110058 198.4885409474373 476.06471532583237 325.6177827715874 
Person 0.3703949276745231 737.17 169.56 751.7799999999999 212.86 
Vehicle 0.3703949276745231 299.98 179.69 346.5 204.57 
Vehicle 0.3703949276745231 462.25 175.91 525.53 202.41 
Vehicle 0.3703949276745231 381.12000000000006 176.45 473.61 224.59 
Vehicle 0.3703949276745231 638.79 131.63 707.98 210.25 
Vehicle 0.3703949276745231 618.32 176.37 647.12 199.02000000000004 
Vehicle 0.3703949276745231 82.55 186.18 198.84 239.19 
