Vehicle 0.9278555430726958 0.8985811185557395 193.02767515182495 297.70999655127525 367.2976791858673 
Vehicle 0.9140984620143082 826.6156829595566 178.87087538838387 1241.924786567688 372.64810502529144 
Vehicle 0.7652039663956316 407.5479805469513 178.09157073497772 479.58175760507584 231.7221388220787 
Vehicle 0.37134235594208165 505.56 178.65 543.78 204.03 
Vehicle 0.37134235594208165 619.71 170.79 641.6 187.21 
Vehicle 0.37134235594208165 639.86 176.26 670.72 201.4 
Vehicle 0.37134235594208165 655.2899999999998 175.02 680.92 194.67999999999998 
Person 0.37134235594208165 450.18 176.21 473.32 250.20000000000002 
Person 0.37134235594208165 480.77 175.07 507.35 248.23000000000002 
Person 0.37134235594208165 522.58 174.17 535.72 215.07999999999998 
Person 0.37134235594208165 633.36 172.98 641.42 195.08000000000004 
Person 0.37134235594208165 704.8 164.07 719.99 209.86 
