Vehicle 0.9136558777792799 40.93128311634064 210.19738912582397 295.57598197460175 334.3099281191826 
Vehicle 0.9039502843832915 388.67081558704376 194.80618089437485 497.0408606529236 271.81555330753326 
Vehicle 0.8978687286437526 266.04530811309814 200.06579160690308 380.60454511642456 281.693659722805 
Vehicle 0.8657479357813903 1121.6880458593369 157.144445925951 1241.560045838356 260.05739718675613 
Person 0.8371318592210177 821.4846611022949 180.96886575222015 913.8010060787201 284.4785749912262 
Vehicle 0.721744485211733 459.3607447743416 172.89870232343674 533.7008573412895 239.40720409154892 
Don't Care 0.46767662957108086 819.8068237304688 223.88302612304688 938.9158325195312 286.57305908203125 
Vehicle 0.37418320321179 511.40000000000003 184.02 543.21 226.21 
Vehicle 0.37418320321179 547.75 184.02 566.57 200.90000000000003 
Vehicle 0.37418320321179 637.97 180.13 713.91 211.93 
Vehicle 0.37418320321179 615.25 180.13 672.37 204.79 
Vehicle 0.37418320321179 371.31 192.82 442.07 242.85 
