Vehicle 0.9224617972051949 730.573459982872 199.33301210403442 979.6097241640091 358.8437810540199 
Vehicle 0.9054965734309728 0.4669924111221917 201.84563845396042 413.6097316145897 371.92609906196594 
Vehicle 0.8860956469110192 329.485099196434 194.13739442825317 488.3085145354271 321.16565108299255 
Vehicle 0.8791707398370259 688.3332706689835 186.22425198554993 796.2268652915955 267.3356160521507 
Vehicle 0.8565198589253539 441.12348622083664 189.16422128677368 521.5596622824669 265.88883250951767 
Vehicle 0.8276725209135462 657.0253833532333 186.7504119873047 717.7294338941574 241.26000702381134 
Vehicle 0.763561940160996 516.230909049511 184.22012776136398 561.9516443610191 220.23488581180573 
Vehicle 0.5303275179972814 978.5704345703125 252.4481201171875 1239.992431640625 372.7247009277344 
Vehicle 0.3711879288261683 541.96 174.26 579.41 209.03 
Vehicle 0.3711879288261683 566.92 176.04 600.81 206.4 
Vehicle 0.3711879288261683 607.05 181.39 635.5800000000002 200.12 
