Vehicle 0.9188828835319812 586.7373204231262 201.21552050113678 663.1927367448807 261.1891105771065 
Vehicle 0.9096993204767173 97.73596876859665 195.9856152534485 236.88970202207565 263.2832005620003 
Person 0.8991440252700673 1050.9558091163635 195.04393637180328 1146.755957365036 322.41225242614746 
Person 0.8135574046363145 390.88454085588455 184.68688800930977 421.4715340733528 301.53342336416245 
Vehicle 0.7630348388059094 460.2450208067894 195.76001912355423 518.9300052523613 242.27499961853027 
Vehicle 0.7561616811646152 412.5464165210724 194.742813706398 496.4264942407608 251.63275748491287 
Vehicle 0.7400261514251164 675.1713641881943 193.670354783535 709.3671956062317 230.75491189956665 
Don't Care 0.4968736353558789 1030.67919921875 235.70555114746094 1158.266845703125 322.8774108886719 
Vehicle 0.3815174279305338 505.68 194.13000000000002 551.11 227.67 
Vehicle 0.3815174279305338 528.4 193.05 568.96 215.23 
Vehicle 0.3815174279305338 704.2 178.99 802.62 266.07 
Vehicle 0.3815174279305338 261.96 188.04 345.79999999999995 235.81999999999996 
