Person 0.8677600380268785 1052.7975758314133 204.7748565673828 1121.9779433012009 307.7058345079422 
Person 0.8508319722959276 849.9137098789215 164.8314893245697 902.1201971769333 273.33690226078033 
Person 0.8237615574214883 943.8466254472733 168.07867214083672 969.8606271743774 256.21499866247177 
Person 0.8228710616246098 915.8834409713745 166.84502363204956 944.1504403352737 247.41652607917786 
Person 0.8139074422541377 302.1708156466484 166.7281910777092 324.4440595507622 240.6574934720993 
Vehicle 0.3836004899320244 558.29 154.73 613.9 200.56 
Person 0.3836004899320244 1135.64 156.76 1193.52 300.63 
Person 0.3836004899320244 539.63 169.67 561.73 207.53 
Person 0.3836004899320244 523.51 169.13 544.88 209.52 
Person 0.3836004899320244 583.1 169.8 602.6 201.66 
Person 0.3836004899320244 272.07 189.74 301.37 229.18000000000004 
Person 0.3836004899320244 751.08 160.0 774.34 243.3 
Person 0.3836004899320244 1190.27 185.97 1227.05 286.03 
Person 0.3836004899320244 785.15 182.18 827.3 230.85999999999999 
