Vehicle 0.9521199395834501 750.286856174469 181.28198012709618 1013.0592695474625 339.14270997047424 
Vehicle 0.8828034891324512 582.7423841357231 174.19908195734024 639.2496213912964 217.2292247414589 
Person 0.8770792153017725 280.03656113147736 176.97595059871674 339.9070454835892 310.7561767101288 
Person 0.8242985724303872 371.23673433065414 178.08251827955246 412.35038781166077 281.26367926597595 
Vehicle 0.7681522632691414 415.8477383852005 178.59703302383423 452.4598013162613 211.5887850522995 
Don't Care 0.4620818040220827 275.822021484375 233.87692260742188 337.1233215332031 327.76336669921875 
Vehicle 0.3832297625716032 153.27 205.22000000000003 319.94 306.47 
Vehicle 0.3832297625716032 294.24 184.19 397.83000000000004 261.3 
Vehicle 0.3832297625716032 560.53 175.27 591.57 204.48 
Vehicle 0.3832297625716032 543.37 173.89 567.89 195.8 
Vehicle 0.3832297625716032 529.22 174.94 544.31 186.56 
Vehicle 0.3832297625716032 647.93 170.47 764.37 252.48 
Don't Care 0.34088395781183983 371.3784790039063 217.22047424316406 412.5612487792969 293.4806213378906 
