Vehicle 0.9157159347788054 728.1854335069656 175.7899448275566 960.7732011079788 329.7528102993965 
Vehicle 0.881695601878387 100.64514993131161 177.47413739562035 330.0651161670685 313.8168677687645 
Vehicle 0.8752023990005567 368.34279388189316 184.86610427498817 428.2061344385147 239.7470623254776 
Vehicle 0.871715128220524 317.80647414922714 193.48490238189697 395.8455922007561 267.880842089653 
Vehicle 0.8692953808545573 666.4644470214844 181.2421716749668 770.7338794469833 267.5074562430382 
Person 0.8614181134261015 1090.9993368387222 156.88324347138405 1166.4120551347733 306.8321496248245 
Person 0.7635386625078677 575.4350586533546 173.65990206599236 610.5669123530388 263.94782960414886 
Vehicle 0.5394583252359866 0.7703221440315245 220.29460144042966 127.64373016357422 372.1546325683594 
Vehicle 0.3708089213838584 645.04 178.48 689.6899999999999 241.44999999999996 
Vehicle 0.3708089213838584 560.3 163.6 586.64 203.67 
Vehicle 0.3708089213838584 408.83 150.93 509.87 205.04 
Person 0.3708089213838584 512.6 174.4 523.9 206.72000000000003 
