Vehicle 0.9270872192508185 0.2972340071282815 216.14528942108154 291.7329531908035 373.72887897491455 
Vehicle 0.9027778564369406 377.22367456555367 183.4298222064972 487.3808488547802 265.52147483825684 
Vehicle 0.9016809290172452 697.0055517554283 190.9360432624817 796.530517578125 258.36813163757324 
Vehicle 0.8859674593380662 162.6206670254469 189.5824203491211 311.7548327445984 261.03586626052856 
Vehicle 0.8306744925948619 339.5878771543503 185.40820622444153 392.7906382083893 228.5387191772461 
Vehicle 0.8235675294630939 644.2719783782959 182.5530230998993 687.8184827566147 214.19328355789185 
Vehicle 0.7804593154628456 465.6723198592663 184.0844464302063 520.610069334507 233.4965796470642 
Vehicle 0.3724204288937951 588.16 179.86 611.61 203.31 
Vehicle 0.3724204288937951 578.17 181.78 590.85 197.92 
Vehicle 0.3724204288937951 503.21 181.01 532.43 216.38 
Vehicle 0.3724204288937951 527.04 184.86 550.88 205.22999999999996 
