Vehicle 0.9219480738207756 939.3726106882095 206.4708173274994 1240.7115998268127 372.78465181589127 
Vehicle 0.9189139901243498 0.7147890217602253 169.0152995288372 146.4438192397356 355.8807447552681 
Vehicle 0.8763025650423587 726.4955742359161 174.52628910541534 813.2303570508957 216.1840796470642 
Vehicle 0.84768684178724 149.16155223548412 185.3560097515583 349.0548051595688 294.99218612909317 
Vehicle 0.7183666955983984 631.6185672283173 176.54438316822052 661.0676611661911 201.94101333618164 
Vehicle 0.3722970496159055 496.93999999999994 167.77 532.39 201.01 
Vehicle 0.3722970496159055 478.1 172.2 506.90999999999997 207.64999999999998 
Vehicle 0.3722970496159055 612.67 170.22 637.56 199.89 
Vehicle 0.3722970496159055 349.9 163.9 482.86 228.38 
Vehicle 0.3722970496159055 314.01000000000005 176.53 415.05 249.66 
Vehicle 0.3722970496159055 401.76 183.84 442.97 231.04000000000002 
