Person 0.9202162453962933 870.9019005298615 162.17439490556717 944.3949272632599 350.66398894786835 
Person 0.8905969973060431 774.9127914905548 173.90817338228226 829.6021412611008 360.1183741092682 
Person 0.8711835689542177 547.1017346382141 168.49220949411392 582.9731289744377 258.90059101581573 
Person 0.8067102654143614 211.02193570137024 167.8035273551941 275.0181739628315 339.3841452598572 
Person 0.7993340635091462 719.757380604744 166.35305601358414 747.2318161725998 238.83989679813385 
Person 0.4811537361417421 995.0476684570311 164.98870849609375 1042.4683837890625 267.37432861328125 
Person 0.3928907067755447 1135.6036376953125 148.62612915039062 1194.71826171875 262.7613830566406 
Person 0.3856858705003161 128.47 172.69 217.23 330.4 
Person 0.3856858705003161 507.29 175.07 532.65 233.71 
Person 0.3856858705003161 492.2 177.0 508.06 230.3 
Person 0.34354235812690476 952.0695190429688 158.35728454589844 988.9735717773438 247.86009216308594 
