Person 0.9213905600527987 31.90740629285574 171.56198993325233 190.83143162727356 372.56037443876266 
Person 0.8940847569588698 1099.7189869880676 138.22371885180473 1191.1965837478638 373.5688626766205 
Person 0.875464648279737 353.9193227291107 179.4767864048481 402.54861921072006 302.52503603696823 
Person 0.7549914212495747 445.8204392194748 177.19467356801033 463.2764700651169 230.6542620062828 
Don't Care 0.5120556979594661 129.26783752441406 221.05015563964844 192.01747131347656 372.9632873535156 
Person 0.3799599662520557 516.82 176.3 523.39 205.48000000000002 
Person 0.3799599662520557 525.78 174.3 533.6 204.8 
Person 0.3799599662520557 612.95 173.4 625.6 223.8 
Person 0.3799599662520557 426.11 173.2 442.7 233.52 
Person 0.3646233425491431 1200.9669189453125 151.30184936523438 1242.0 371.3554382324219 
