Vehicle 0.9164795365492067 0.5771491794730537 208.7414190173149 169.07033863663673 372.9991838335991 
Vehicle 0.9082700966819303 147.82870692014694 210.6190100312233 360.4567469358444 349.89362955093384 
Vehicle 0.8827649665466537 327.38763642311096 196.03711366653442 444.16378194093704 284.0195596218109 
Vehicle 0.8125323950274977 538.1286039948463 186.10556423664093 577.2415875792503 213.63122016191483 
Vehicle 0.3665296821171304 735.54 179.9 836.91 258.01 
Vehicle 0.3665296821171304 719.31 189.37 745.34 230.91999999999996 
Vehicle 0.3665296821171304 703.79 184.94 723.18 222.06 
Vehicle 0.3665296821171304 568.07 186.6 585.8 211.53 
Vehicle 0.3665296821171304 581.37 182.72 594.66 209.87 
Vehicle 0.3665296821171304 599.94 182.92 621.09 199.46 
