Vehicle 0.9373260014935934 72.45338250696659 188.53052705526352 302.6993269622326 326.5359699726105 
Vehicle 0.9282480972919296 0.6576215964742005 191.6193589568138 112.45073466002941 372.3315820097923 
Vehicle 0.9193877070400084 289.2771901488304 173.7947277724743 411.50690174102783 242.12294071912766 
Vehicle 0.899953098465791 586.3395257592201 171.0832044482231 654.4061644077301 224.47876632213593 
Vehicle 0.8849459145916558 432.7918218970299 186.200313270092 534.6747824549675 261.7364376783371 
Person 0.8652318481865152 884.1048774719238 182.1175441145897 946.6991837024689 337.670736014843 
Vehicle 0.7197776700555688 913.702695608139 42.469700798392296 1180.0471547842026 372.1446767449379 
Vehicle 0.4436619319235493 0.8753483295440674 143.6195526123047 138.44322204589844 226.5576171875 
Vehicle 0.3813746328248917 750.13 177.68 947.3299999999999 305.96 
Vehicle 0.36036773916072545 712.6386108398438 182.4622039794922 770.6118164062501 259.260498046875 
Vehicle 0.3441771546590459 682.9513549804688 172.50961303710938 749.6259155273438 231.87069702148435 
