Person 1.0 654.7378703355789 165.68268686532974 682.1209532022476 239.49236536026 
Person 0.9953893597013828 680.4705537557602 164.1044147014618 712.1696459054947 238.5281412601471 
Person 0.9204279269253672 445.6220552325249 164.65422797203064 478.13634848594666 245.0020899772644 
Person 0.563549515583413 294.31 193.21 399.64 283.89 
Person 0.563549515583413 526.93 166.18 552.84 207.29 
Person 0.563549515583413 557.34 165.61 593.96 205.6 
Person 0.563549515583413 1010.75 232.07 1141.99 370.63 
Person 0.563549515583413 599.59 163.92 628.31 208.42 
Vehicle 0.563549515583413 735.89 205.04 774.76 294.59 
Don't Care 0.25376267236472694 738.2716674804689 206.31324768066406 780.051513671875 286.8430480957031 
Don't Care 0.22640205959157417 854.4694213867188 185.74026489257812 1010.3482055664062 373.118408203125 
