Person 1.0 745.1090480089188 170.11846974492073 798.1887069940567 288.3579656481743 
Person 1.0 235.65077170729637 173.6462451517582 306.6480876803398 361.71524226665497 
Person 1.0 186.36844718456268 155.72834014892578 250.33228933811188 344.7936326265335 
Person 0.8336086458520013 449.57026559114456 166.1491021513939 483.5040344595909 240.68313091993332 
Person 0.8319912295856529 494.93825286626816 165.17619788646698 520.0466212034225 225.89723020792007 
Person 0.7568043121786024 531.8435445427895 172.10043221712112 551.5617526173592 222.0642864704132 
Person 0.5634731937049264 545.49 176.58 569.03 221.52 
Don't Care 0.4683230667184569 42.28125 231.02163696289062 121.13798522949219 373.5261535644531 
Don't Care 0.42204143954391155 1169.5474853515625 218.8799743652344 1241.16796875 315.83233642578125 
Don't Care 0.2157804024214405 178.49093627929688 265.6398010253906 216.8189239501953 316.5662536621094 
Person 0.19593291375362618 736.2947998046875 170.360595703125 758.5128173828125 216.05233764648438 
