Vehicle 1.0 98.91188192367554 189.75654244422913 188.28403928875923 239.5647168159485 
Vehicle 1.0 248.9908103942871 196.0541233420372 375.5708713531494 267.9155096411705 
Vehicle 1.0 710.1352461576462 180.3428828716278 811.5093315839767 241.64434522390366 
Vehicle 0.97876391407574 631.7761008739471 172.40804806351662 698.3035662174225 233.5655763745308 
Vehicle 0.8962429779337246 394.88417798280716 170.48204317688942 656.4318931102753 306.5277859568596 
Vehicle 0.7863802662968401 50.257637679576874 180.57993426918983 85.99751906096935 213.72853964567184 
Vehicle 0.4249975327748389 90.7258529663086 192.3900604248047 140.2864227294922 226.5092315673828 
Vehicle 0.27278076045787836 783.9204711914062 174.9171600341797 901.6603393554688 208.109375 
Vehicle 0.257319975575044 321.293701171875 180.57994079589844 405.40753173828125 218.80047607421875 
Vehicle 0.18826210415845682 683.95458984375 188.9767303466797 721.8375244140624 220.56646728515625 
