Vehicle 1.0 72.58721762895584 179.2314201593399 271.91112300753593 273.07630330324173 
Vehicle 1.0 275.4200591146946 173.31579700112343 374.21340215206146 239.27278071641922 
Vehicle 0.9833482209317805 368.57224667072296 182.9419657588005 420.8093079328537 227.3305580019951 
Vehicle 0.9568922117944109 402.95637077093124 177.07283422350883 457.95308393239975 224.10998493433 
Vehicle 0.92719052823489 484.553913295269 177.6202730834484 519.1873669624329 204.65487241744995 
Vehicle 0.8966486079240502 455.85991483926773 176.5149012207985 498.63122498989105 210.9929546713829 
Don't Care 0.7831820056742224 689.4942669868469 149.56624433398247 736.5302749872208 194.7895511984825 
Vehicle 0.7797841215805587 529.4043270349503 174.5750941336155 561.2797574400902 198.61536473035812 
Person 0.5503565810889931 758.04 168.57 775.5499999999998 189.47 
Person 0.5503565810889931 814.54 162.92 838.84 195.69 
