Vehicle 1.0 823.7483929395676 186.61491572856903 1037.8924351930618 327.01266556978226 
Vehicle 1.0 306.35909709334373 178.10868099331856 490.73000210523605 268.9313068985939 
Vehicle 1.0 591.3377396464348 175.66094174981117 661.6265798807144 231.77111148834229 
Vehicle 0.9971596498169953 755.2105969190598 182.21890926361084 869.3098179101944 265.76489210128784 
Vehicle 0.9958638037618605 9.04915598127991 176.39343068003654 237.2127274274826 276.13256871700287 
Person 0.9930994377110894 972.0173131227493 191.74665212631226 1108.7310515642166 373.8180845975876 
Vehicle 0.9830172931653349 220.73089930415154 170.73806002736092 336.53843128681183 243.87086927890778 
Vehicle 0.8106305093640629 448.91751515865326 166.3830690085888 526.8179769515991 217.89872646331787 
Vehicle 0.7754167397222438 722.8187034130096 161.95585951209068 806.5762631893158 236.98530346155167 
Person 0.5311675829403213 685.71 166.31 715.09 206.42999999999998 
Vehicle 0.4916287304996054 1080.7742919921875 241.81256103515622 1240.7703857421875 372.60015869140625 
Vehicle 0.4205711476475917 0.1703280806541443 226.19480895996097 68.95369720458984 373.10858154296875 
Vehicle 0.2944480261329756 1.2339874505996704 174.7515411376953 93.63182830810547 218.90292358398435 
