Vehicle 1.0 822.9028340578079 181.5550960600376 925.178962469101 257.0231929421425 
Vehicle 1.0 560.6391477584839 178.01111564040184 630.6752160787582 230.7039275765419 
Vehicle 1.0 367.5904374718666 183.86493623256683 543.5865377783775 293.1896969676018 
Vehicle 1.0 1012.8705697059631 206.06763660907745 1195.225388288498 373.01628291606903 
Vehicle 0.8871313442397698 784.3991088867188 174.28763955831528 824.2980580329895 223.89820218086243 
Vehicle 0.8040251623840351 665.2200200557709 171.27208784222603 704.4852812290192 204.97725158929825 
Vehicle 0.7669006368684095 743.9429436922073 169.4943867623806 785.9309163093567 197.35336303710938 
Vehicle 0.6720362642433468 626.7983930110931 172.3613329231739 659.2378131151199 219.11204606294632 
Vehicle 0.36763030379502937 805.7529296875 181.92942810058594 853.8486328125 233.5222625732422 
Vehicle 0.2917673626703823 911.1519165039062 2.0269970893859863 1240.469482421875 203.30506896972656 
