Vehicle 1.0 422.1482328772545 176.15358531475067 622.4123246669769 288.795568048954 
Vehicle 1.0 84.64728619158268 188.93909454345703 389.8988081216812 307.36586451530457 
Vehicle 1.0 0.43727917835349217 83.71756598353386 441.01747673749924 263.2947340607643 
Vehicle 0.8415004902724778 703.5592528581619 166.48736223578453 742.2046694755554 202.55988836288452 
Vehicle 0.786591624498632 666.2654571533203 165.2497462928295 700.8674114942551 205.75708150863647 
Vehicle 0.34236004259673597 1170.26220703125 155.86920166015625 1203.5223388671875 176.8540802001953 
Vehicle 0.3354856420347382 1137.369384765625 157.40408325195312 1172.7867431640625 179.34898376464844 
Vehicle 0.29831826219358293 1202.8592529296875 157.14288330078125 1241.2432861328125 174.0413360595703 
Vehicle 0.26884059934150434 1103.5738525390625 157.90969848632812 1141.3875732421875 178.4507598876953 
Vehicle 0.18640010361379286 1044.921875 158.9843292236328 1087.424072265625 178.5497589111328 
