Vehicle 1.0 0.6141034791944548 193.86255741119385 337.84611600637436 372.5885823369026 
Vehicle 1.0 354.01952093839645 184.84234437346458 535.8025027513504 310.1658225059509 
Vehicle 1.0 729.3248133659363 182.57657065987587 804.3998115062714 249.59179759025574 
Vehicle 1.0 907.1394352912903 226.4607846736908 1241.6515456438065 373.0628415942192 
Vehicle 0.8882663135240029 561.5104317069054 171.7654913663864 614.2475586533546 219.60199624300003 
Vehicle 0.8352781075329464 681.9512332677841 178.48793417215347 711.7133957147598 200.02010464668274 
Vehicle 0.773057592030806 627.1572114229202 169.21640932559967 646.3298259973526 190.2526393532753 
Person 0.5646826498224944 646.7199999999999 173.65 658.58 208.09999999999997 
Vehicle 0.21608858361991498 607.0419311523438 178.59898376464844 628.0516357421875 208.96994018554688 
Vehicle 0.14411423774418214 714.1048583984375 182.61875915527344 743.0927124023438 223.54029846191406 
