Vehicle 1.0 636.7193112373352 172.68148809671402 704.3543239831924 217.90040284395218 
Vehicle 1.0 473.1513792872429 170.11140659451485 579.3165825605392 243.76344680786133 
Vehicle 1.0 316.384636759758 166.518934071064 477.75054001808167 281.7315012216568 
Vehicle 1.0 857.9959706068039 189.37884271144867 1241.4244247674942 373.1028065085411 
Vehicle 1.0 763.9363914728165 177.43032798171043 887.5889768600464 273.4086290001869 
Vehicle 1.0 0.2928625767817721 198.2080265879631 327.0087931752205 372.72707372903824 
Vehicle 0.7596771125868522 701.449205160141 167.23990067839622 738.4690936803818 201.2861967086792 
Vehicle 0.7300551475748043 961.4208065271378 151.43626928329468 1008.0030909776688 192.46818870306015 
Vehicle 0.7279146107091995 736.9427644014359 156.96772187948227 780.2336468696594 191.96777790784836 
Vehicle 0.7278324631368871 905.8727256059647 151.691023260355 972.5737888813019 197.6994127035141 
Vehicle 0.2446029538070333 750.3143920898438 178.39361572265625 812.1522216796875 245.01231384277344 
Vehicle 0.1529628673998415 314.9710693359375 186.74356079101562 353.9601135253906 209.14228820800784 
