Vehicle 0.9964331897063057 181.10058277845383 186.58236041665077 224.9798659980297 218.25501322746277 
Vehicle 0.960101089670461 383.3003470301628 162.52455487847328 472.01396119594574 219.54099833965302 
Vehicle 0.8980194453165365 521.2176484465599 193.33132356405258 551.8872209787369 220.53875774145126 
Vehicle 0.7621164181977342 687.3773345947266 182.008545845747 720.136189699173 202.86429673433304 
Vehicle 0.6081794372245952 637.9999999999999 174.74 679.36 203.64 
Vehicle 0.6081794372245952 725.82 179.84 804.01 207.03 
Vehicle 0.6081794372245952 926.4 186.07 1150.77 228.0 
Vehicle 0.6081794372245952 500.88 184.94 526.37 207.6 
Vehicle 0.6081794372245952 479.35 194.57 499.18000000000006 210.43 
Vehicle 0.6081794372245952 828.37 179.27 877.67 211.0 
Vehicle 0.6081794372245952 567.17 184.94 611.36 220.07 
Vehicle 0.39271747550007147 1103.6053466796875 196.24525451660153 1150.2796630859375 222.65881347656247 
Vehicle 0.3608424484318358 1204.166259765625 194.25576782226565 1241.987060546875 226.49647521972653 
Vehicle 0.21056416416743984 1047.3089599609375 191.3371276855469 1086.351318359375 218.24932861328128 
Vehicle 0.16189164244187232 769.755859375 185.34365844726562 804.0850830078125 202.04902648925778 
Vehicle 0.15729001995080388 285.9926452636719 185.29978942871094 308.0340576171875 203.10864257812497 
Don't Care 0.15366690546457504 387.5944519042969 164.2200469970703 471.6009826660156 216.10574340820312 
