Person 0.9819695934542287 880.215395450592 152.1340124309063 938.8972706794739 260.15637069940567 
Person 0.9809333409386879 239.75299447774887 192.93111562728882 270.96943750977516 258.55232030153275 
Vehicle 0.9015559650817097 442.88574582338333 169.67806220054626 506.69601488113403 226.11232101917267 
Person 0.8380299252058544 645.4161604642868 169.4202460348606 666.0561032295227 205.2241489291191 
Don't Care 0.5505552056423068 959.26 247.26 999.49 375.0 
Don't Care 0.5505552056423068 830.07 210.43 858.97 313.56 
Don't Care 0.5505552056423068 873.7 234.79999999999998 901.47 340.19 
Person 0.5505552056423068 0.0 232.52999999999997 84.99 374.18 
Person 0.5505552056423068 163.18 210.43 226.07000000000002 267.09 
Vehicle 0.34475046397454856 1.1289427280426025 251.81622314453125 79.28192138671875 373.8161315917969 
