Vehicle 1.0 122.39509230852127 95.27424350380898 471.21093195676804 219.46784108877182 
Vehicle 1.0 0.4059222349897027 205.93634247779846 394.7994148135185 372.92560189962387 
Vehicle 0.8854972328411418 491.5636793375015 177.0460233092308 527.187455534935 204.41166311502457 
Vehicle 0.8601771599850578 660.0266658067703 171.56534269452095 692.238520860672 198.56196641921997 
Vehicle 0.8527954095070697 686.7682982683182 170.76732963323593 735.8575737476349 206.69589936733246 
Vehicle 0.5771194742921972 887.87 153.21 944.53 177.57 
Vehicle 0.5771194742921972 826.67 159.44 889.0 176.44 
Vehicle 0.5771194742921972 575.67 161.14 653.86 189.47 
Vehicle 0.5771194742921972 1046.52 156.61 1153.61 183.24 
Vehicle 0.3417657022595452 1170.262939453125 155.8037567138672 1203.5526123046875 176.81033325195312 
Vehicle 0.3369456953770808 1137.327392578125 157.53173828125 1172.560302734375 179.252685546875 
Vehicle 0.31234093188542944 1202.8563232421875 157.0814971923828 1241.1597900390625 174.1502227783203 
Vehicle 0.26274206574997827 1103.573974609375 158.12107849121094 1141.33203125 178.46923828125 
Vehicle 0.17222266586154122 1044.9539794921875 159.0622100830078 1085.7025146484375 178.1414031982422 
Vehicle 0.14495887629146217 475.7015380859375 174.76470947265625 501.6329650878906 192.4257659912109 
