Vehicle 1.0 11.771466627717018 81.99346996843815 460.46596026420593 239.36638981103897 
Vehicle 1.0 2.1965460658539087 192.49628484249115 330.54315823316574 326.6047015786171 
Vehicle 1.0 355.6540805697441 177.4735003709793 572.0724037885666 312.5186786055565 
Vehicle 0.8797176988642978 698.4391132593155 168.12967881560326 745.8972344398499 202.08417624235153 
Vehicle 0.8270688338497612 663.4180068969727 167.2954112291336 702.1688407659531 201.91188901662827 
Vehicle 0.35864592719743565 1170.1561279296875 155.85299682617188 1203.7081298828125 176.6896514892578 
Vehicle 0.33948994466229865 1137.4969482421875 157.12380981445312 1172.7642822265625 179.25340270996094 
Vehicle 0.31794587115105105 1202.74609375 157.1761932373047 1241.28466796875 173.99069213867188 
Vehicle 0.2627950419339589 1103.6842041015625 157.8299560546875 1141.359375 178.58616638183594 
Vehicle 0.16889518906430856 1044.8406982421875 159.03427124023438 1087.112060546875 178.2629852294922 
Vehicle 0.14771871001543033 891.6981811523436 157.93453979492188 917.9144897460938 173.36082458496094 
