Vehicle 1.0 193.62757980823517 188.902348279953 428.99269223213196 342.3941731452942 
Vehicle 1.0 779.6692500114441 184.8335713148117 1012.1749194860458 342.76603907346725 
Vehicle 0.9687818810235322 717.8244870901108 183.52197110652924 836.4864835739136 274.7577577829361 
Vehicle 0.9557245683915238 495.22948282957077 172.63007909059525 537.3568149805069 202.99219340085983 
Vehicle 0.8266853032658211 609.9244889616966 162.36082836985588 650.4285138845444 199.69911128282547 
Vehicle 0.8186182692052469 705.7998876571655 171.72754928469658 782.8624895811081 239.94704335927963 
Vehicle 0.7621315079248625 356.6890425682068 151.47333964705467 496.1064670085907 261.07440143823624 
Vehicle 0.7302022148236734 781.1826242208481 147.79352769255638 869.7771627902985 182.60912597179413 
Vehicle 0.5697378801845916 561.4 166.1 594.2 192.5 
Vehicle 0.5697378801845916 195.24 139.18 369.28000000000003 217.16 
Vehicle 0.5697378801845916 661.98 151.61 703.2300000000001 184.95 
