Vehicle 1.0 730.1063371896744 166.02081432938576 896.4190782308578 291.1561131477356 
Vehicle 1.0 837.4917969703674 179.50469255447388 1241.3757877349854 371.3366612792015 
Vehicle 0.9922217231583489 249.53120335936546 186.2521469593048 390.28546142578125 282.9570025205612 
Vehicle 0.9901295764827418 1.1017751670442522 193.76876950263977 268.54015839099884 354.5417860150337 
Vehicle 0.9876314015203186 378.4790623784065 178.227748721838 447.80774688720703 257.04679638147354 
Vehicle 0.9711616491118641 443.6637532711029 177.92146280407906 499.9693356156349 219.41598504781723 
Vehicle 0.8979443752849652 687.3248480558395 161.8104726076126 756.9414682388306 243.72448772192 
Person 0.45890259817325835 67.9713363647461 176.83238220214844 198.00634765625 371.15960693359375 
Don't Care 0.4415774790752772 63.881977081298835 276.6864929199219 221.35479736328125 373.91864013671875 
Vehicle 0.26348977576527943 530.002685546875 168.8587188720703 560.6373901367188 196.08380126953122 
