Vehicle 1.0 4.725128539837897 237.09522932767868 322.07383704185486 373.0795606970787 
Vehicle 1.0 226.01005312800407 203.51815223693848 466.039897441864 351.38142853975296 
Vehicle 1.0 874.0385663509369 184.64568257331848 1241.0706403255463 372.7634400129318 
Vehicle 1.0 663.0374979972839 181.36467039585114 728.304768204689 233.83120447397232 
Vehicle 1.0 569.802379488945 180.30444905161858 627.9790070056915 226.3099104166031 
Vehicle 0.9949094650480163 524.4896548390388 176.9319400191307 567.8411300182343 214.4259363412857 
Vehicle 0.7891082151574433 69.99556522071362 195.28555870056152 214.21327784657478 249.58370625972748 
Vehicle 0.5906500511059365 377.82112991809845 170.96348851919174 475.0793157219887 224.22261536121368 
Person 0.559948627035339 742.18 164.38 764.5 216.20000000000002 
Vehicle 0.559948627035339 283.8 173.95 326.84999999999997 201.85 
Vehicle 0.40772769870510117 643.3016357421875 128.564208984375 719.9445190429688 211.9879150390625 
Vehicle 0.30780541475750517 442.5746765136719 181.07290649414062 494.2347412109375 213.37274169921872 
Vehicle 0.23541768172122987 488.3682861328125 181.22463989257812 527.1058959960938 201.7407989501953 
Vehicle 0.1521724309191703 626.3080444335938 174.4396209716797 648.7966308593751 198.1837158203125 
