Vehicle 1.0 344.9501579403877 176.69782787561417 413.1259523034096 220.93894332647324 
Vehicle 1.0 722.3961460590363 167.81051829457283 757.1612602472305 197.36771285533905 
Vehicle 1.0 636.9456177949905 170.1677106320858 683.2621382474899 206.57439529895782 
Vehicle 0.9327230725108903 1164.223388671875 153.67424860596657 1218.1662994623184 178.15366387367249 
Vehicle 0.899972192421572 484.5449928045273 178.1078651547432 525.8950207829475 207.84679055213928 
Vehicle 0.8594805712504632 1106.5733292102814 157.50721469521523 1146.1994075775146 180.97050860524178 
Vehicle 0.7685638424919856 1045.0938992500305 157.061118632555 1085.403116941452 179.25074324011803 
Vehicle 0.7419268391831554 891.9472103118896 153.58789265155792 918.1510223150253 173.75041544437408 
Vehicle 0.6483175815329497 689.8282856941223 169.8460467159748 717.0249742269516 191.4345547556877 
Vehicle 0.5861160836978851 534.11 173.95 558.03 197.86 
Vehicle 0.5861160836978851 841.82 156.41 876.9 179.53 
Vehicle 0.32237216838247046 1137.5504150390625 157.50843811035156 1172.617919921875 179.32568359375 
Vehicle 0.31684983820408286 1202.74755859375 157.33871459960938 1241.1759033203125 174.21107482910156 
