Person 1.0 809.8949861526489 144.39978778362274 873.4982471466064 322.3432594537735 
Vehicle 1.0 3.0183488465845585 124.6472093462944 132.33854484558105 279.428134560585 
Person 0.5954117896298148 371.27 197.19 428.7 271.92 
Person 0.5954117896298148 336.66 199.54999999999998 367.34 267.99 
Person 0.5954117896298148 303.62 189.32 341.38 279.79 
Person 0.5954117896298148 244.62 197.19 301.26 285.29 
Don't Care 0.20119666504954278 943.7080078125 193.80760192871094 1002.4338989257812 278.61041259765625 
Don't Care 0.19840769083592488 870.6453247070312 207.1318359375 919.828125 279.25018310546875 
Don't Care 0.181974773296998 283.1978454589844 209.29603576660156 334.14984130859375 283.5278015136719 
Don't Care 0.15543606438347146 343.87176513671875 208.8162078857422 390.8975524902344 282.4459228515625 
