Vehicle 1.0 210.90973511338234 184.73051860928535 325.3962571620941 240.44866114854813 
Vehicle 1.0 441.07466411590576 173.3316332101822 528.2176796793938 216.75270795822144 
Vehicle 0.8162089253494087 573.529219865799 171.9975359737873 627.7566239833832 206.0551643371582 
Vehicle 0.7983671432144981 713.4455255270004 170.14575004577637 742.8370249271393 191.52257591485977 
Vehicle 0.7407184865975066 988.1973806619644 158.87915343046188 1019.3048715591431 180.46141415834427 
Vehicle 0.578756994730002 1084.16 156.41 1100.11 178.73 
Vehicle 0.578756994730002 559.62 167.57 593.1 185.91 
Vehicle 0.578756994730002 1040.32 157.21 1073.0 182.72 
Vehicle 0.578756994730002 1103.3 154.02 1120.83 177.93 
Vehicle 0.578756994730002 1120.83 156.41 1152.72 177.93 
Vehicle 0.578756994730002 1180.62 156.41 1206.13 176.34 
