Vehicle 1.0 29.109957978129387 180.93619868159294 166.23900818824768 237.8048300743103 
Vehicle 1.0 692.6838791370392 168.94500330090523 766.2432081699371 216.68435633182526 
Vehicle 1.0 930.8406239748001 150.58168396353722 1241.97571849823 366.10420793294907 
Vehicle 0.9762055682776157 762.9564700126648 163.38211297988892 824.5774433612823 211.32060885429382 
Vehicle 0.9759230718044482 319.6242554783821 181.83792382478714 394.764954328537 225.65267980098724 
Vehicle 0.8248963753045989 838.3218837976456 132.73954018950462 1029.2192752361298 209.42169427871704 
Vehicle 0.5435211410058468 217.23999999999998 164.26 311.49 233.22 
Vehicle 0.5435211410058468 534.48 164.26 587.35 224.02000000000004 
Vehicle 0.3685665879960377 456.63116455078125 172.5290985107422 498.8378601074219 205.7272796630859 
Vehicle 0.1766144640303885 1185.5076904296875 133.9864501953125 1241.4224853515625 204.49078369140625 
