Vehicle 1.0 664.1202456951141 179.02196198701859 882.6563526391983 259.96389985084534 
Vehicle 0.9880703306925845 221.2042405307293 200.41785389184952 280.3634915649891 239.00071531534195 
Person 0.9836457316769004 4.429328444413841 175.99187046289444 56.29209519177675 344.91071105003357 
Vehicle 0.9571102427364061 1195.6883654594421 189.2009899020195 1238.4249190092087 319.478340446949 
Vehicle 0.9377507946937798 327.9896399974823 192.4012452363968 404.50083714723587 240.837000310421 
Vehicle 0.923413927025533 587.13307929039 179.9238882958889 684.6824580430984 241.9208586215973 
Vehicle 0.7039132272013929 896.5661737918854 121.8138188123703 1198.577642083168 311.2281337380409 
Vehicle 0.5548928328986882 139.65 173.97 169.18000000000004 205.9 
Vehicle 0.4396656028030229 196.43614196777344 152.45431518554688 271.84332275390625 237.85427856445315 
Don't Care 0.2015643909012921 0.0 244.31849670410156 41.85391616821289 349.7735290527344 
