Vehicle 1.0 753.843652009964 179.58030849695206 901.4828077554703 272.2284123301506 
Vehicle 0.9982254592894885 383.0540526509285 177.58158221840858 445.91134679317474 204.5237123966217 
Vehicle 0.8544713334089798 1173.2620296478271 151.61250159144402 1237.5400507450104 176.31467431783676 
Vehicle 0.7845354775064495 609.5196985602379 172.1082553267479 677.7591948509216 199.9085694551468 
Vehicle 0.5791625873172932 555.64 171.56 601.87 194.66999999999996 
Vehicle 0.5791625873172932 710.29 169.17 731.81 187.5 
Vehicle 0.5791625873172932 972.56 168.37 1034.74 181.12 
Don't Care 0.36245175550542635 636.9459838867186 33.78778076171875 645.5684814453125 62.635562896728516 
Vehicle 0.27278433028157495 253.40728759765625 182.96728515625 303.3222961425781 204.02134704589844 
Vehicle 0.1544364012239231 587.0186157226562 174.09324645996094 608.6771850585938 189.185791015625 
