Person 1.0 797.9277806282043 146.44219368696213 882.4722104072571 309.8853123188019 
Person 0.5912762917885381 879.1099999999999 194.04 908.9599999999999 272.61 
Person 0.5912762917885381 303.25 204.26 340.17 276.54 
Person 0.5912762917885381 249.82 202.69000000000003 303.25 286.75 
Person 0.5912762917885381 915.25 190.12 963.9500000000002 275.75 
Person 0.5912762917885381 340.96 206.60999999999999 394.38 282.82 
Person 0.5912762917885381 970.24 193.26 1029.16 283.61 
Person 0.5912762917885381 378.67 208.19 429.73 275.75 
Don't Care 0.2996415585030862 868.1320190429688 204.96949768066406 920.322509765625 280.4620666503906 
Don't Care 0.21166474007485847 372.83172607421875 205.5427703857422 421.8005065917968 275.54644775390625 
Don't Care 0.15470185047014245 250.43508911132812 208.62620544433597 311.72637939453125 284.1441955566406 
