Vehicle 1.0 815.0067561864853 171.6153658926487 986.7286459207535 265.45684039592743 
Vehicle 1.0 376.0227811932564 184.54744666814804 480.0196389555931 271.7868536710739 
Vehicle 1.0 88.86145001649857 206.25322312116623 386.3142144083977 364.61710184812546 
Vehicle 1.0 0.9484811257570982 255.95053285360336 90.16690461337566 371.88537418842316 
Vehicle 0.9765473492923074 666.8153443336487 182.23066627979279 733.6420347690582 224.04415905475616 
Vehicle 0.913134836928417 480.38471281528473 185.83301827311516 535.4027463197708 241.29286408424377 
Vehicle 0.8418878369970108 740.9549864530563 173.95799607038498 781.6561875343323 210.59120446443558 
Vehicle 0.6848945654403735 540.0233384370804 182.61869251728058 566.8509925603867 211.65020763874054 
Vehicle 0.28829597431459153 710.2479248046876 182.43711853027344 740.6231079101562 216.0951843261719 
Vehicle 0.17525363496331292 783.5175170898438 171.39500427246094 846.611572265625 221.64909362792966 
