Vehicle 1.0 50.86005304008722 200.52878558635712 434.87255412340164 371.6079443693161 
Vehicle 1.0 460.13331109285355 181.22545257210732 535.8497702479362 243.7640279531479 
Vehicle 1.0 665.5378264188766 182.08406120538712 742.6594294309616 253.82168591022491 
Vehicle 1.0 763.8980444669724 156.2497392296791 1107.3087329864502 363.6789321899414 
Vehicle 0.9652486065719744 719.6152478456497 188.12432885169983 788.1677016019821 277.59750187397003 
Vehicle 0.8590440655665148 534.5125849843025 177.5999218225479 561.8858696222305 209.17712152004242 
Vehicle 0.8459646905468701 627.5528222322464 173.76089841127396 657.2412518262863 201.5264332294464 
Vehicle 0.5538559194176184 559.5 174.77 581.85 200.31 
Vehicle 0.22209441140727632 407.681396484375 209.24061584472653 503.1887512207031 261.0202941894531 
Vehicle 0.15909331418857223 601.4083251953125 174.86972045898438 623.21630859375 190.9633483886719 
