Vehicle 1.0 693.4973094463348 182.27345868945122 769.7934894561768 237.66405880451202 
Vehicle 1.0 755.6638762950897 186.19899451732635 1003.0267156362534 317.06010550260544 
Vehicle 1.0 896.6479758024216 216.57103300094604 1223.0416252613068 371.3899031281471 
Vehicle 0.9505541945787647 183.98328933119774 193.72013211250305 302.23747873306274 240.2144819498062 
Vehicle 0.9183435607869191 7.002449898049235 194.2678615450859 160.49972730875015 242.15063452720642 
Vehicle 0.8929517560382416 655.2916989326477 177.69313976168633 694.1207073926926 207.2909027338028 
Vehicle 0.8604143735217624 598.7968985438347 173.39598387479782 635.1157697439194 205.14708012342453 
Vehicle 0.7929868159746981 502.5117495059967 174.77461695671082 524.2507633566856 206.04776591062546 
Vehicle 0.7172695894978791 464.80638974905014 181.67636543512344 501.95331197977066 211.51553839445114 
Vehicle 0.1917068724157507 258.609619140625 197.32858276367188 319.9750671386718 237.5655975341797 
