Person 1.0 589.5291974544525 144.30639028549194 618.6747522354126 227.09102153778076 
Person 1.0 660.5746722221375 147.82968133687973 701.1421222686768 264.4757354259491 
Person 0.9906988928723813 552.8489570617676 133.443985581398 578.6581206321716 229.4171154499054 
Person 0.7810039528492081 506.309832572937 143.0491077899933 522.0128638744354 182.66186475753784 
Person 0.5620520407573629 407.14 137.64 428.38 194.28 
Person 0.5620520407573629 356.01 143.15 387.48 177.76 
Person 0.5620520407573629 304.09 217.88 414.22 294.18 
Person 0.5620520407573629 289.93 145.51 334.77 207.65 
Person 0.5620520407573629 437.82 137.64 462.21 202.93 
Person 0.5620520407573629 371.74 187.2 486.59 272.16 
Person 0.5620520407573629 655.72 154.16 668.3099999999998 211.59 
Vehicle 0.4554897357244872 0.8562089800834656 96.32685089111328 262.0947570800781 363.9032897949219 
Don't Care 0.22582318049572564 252.70468139648438 221.671630859375 319.7825927734375 299.2077331542969 
Don't Care 0.21617321075949694 308.39709472656256 193.1865692138672 406.0919494628906 290.6534118652344 
