Vehicle 1.0 31.28547664359212 292.75065565109253 162.856074526906 375.0279974937439 
Vehicle 1.0 237.56381937861443 188.11772680282593 359.9834499359131 249.7906370162964 
Vehicle 1.0 386.28344228863716 189.8754711151123 497.2772100865841 261.6228642463684 
Vehicle 1.0 578.285424977541 178.49665904045105 614.8917907476425 214.86941146850586 
Vehicle 1.0 29.18815391510725 190.28586769104004 113.91839625686407 261.18938398361206 
Vehicle 0.9457932012369719 199.6060703098774 184.8193256855011 269.46636232733727 225.76374626159668 
Vehicle 0.8074872491920786 362.94399976730347 178.07865381240845 408.29191705584526 217.93736791610718 
Vehicle 0.7798750558791684 471.7827441096306 182.12905645370483 517.6249246895313 220.8072304725647 
Vehicle 0.7272716580631835 512.9257989227772 160.8459644317627 561.4361654222012 204.9004635810852 
Vehicle 0.2728529260103303 293.6884765625 180.6157989501953 360.2115173339844 214.9749908447266 
Don't Care 0.18132174310018256 665.3426513671876 138.24459838867188 691.71142578125 164.19351196289062 
