Vehicle 1.0 68.05847232788801 210.34231781959534 219.5123824775219 264.6220922470093 
Vehicle 1.0 209.40718764066696 202.43630558252335 278.3303969800472 240.64093083143234 
Vehicle 0.9909043076450612 568.013802587986 183.350320905447 651.0819675922394 256.43500685691833 
Vehicle 0.9626813909619579 0.15188176158699207 210.6505036354065 86.37357696890831 254.84512746334076 
Vehicle 0.8709115601438134 311.9522262811661 191.59555435180664 360.1259114742279 227.7403101325035 
Vehicle 0.8301801896813147 274.5454623699188 193.728469312191 308.0305231511593 224.39123690128326 
Don't Care 0.3327337899462918 1166.849853515625 53.588882446289055 1216.6138916015625 143.16322326660156 
Don't Care 0.3307502029171702 933.4711303710938 0.0 962.1105346679688 33.582027435302734 
Don't Care 0.28995462378063336 251.1552276611328 59.12135696411133 271.0706481933594 97.49102783203126 
Don't Care 0.16998308439090296 859.2083129882812 124.62171173095705 876.9242553710938 167.11692810058594 
