Person 1.0 857.2687282562256 155.04636377096176 917.1480917930603 292.17518389225006 
Person 0.559427102271941 1140.43 230.36 1221.61 362.51 
Person 0.559427102271941 252.16 202.04 286.14 285.11 
Person 0.559427102271941 289.92 202.98 311.63 285.11 
Person 0.559427102271941 315.41 202.04 340.89 286.99 
Person 0.559427102271941 345.61 203.93 366.37999999999994 286.05 
Person 0.559427102271941 371.1 201.08999999999997 424.91 285.11 
Person 0.559427102271941 921.43 187.88 959.19 280.39 
Person 0.559427102271941 961.07 195.43 1002.61 287.94 
Don't Care 0.2354588033177925 250.92909240722656 207.17494201660153 307.3936767578125 282.6380310058594 
