Vehicle 1.0 4.22914023231715 228.24807465076447 278.2257015109062 373.35994094610214 
Vehicle 1.0 244.27979189157486 170.8478182554245 560.4959387183189 361.0103130340576 
Vehicle 1.0 552.7912257313728 173.36628958582878 676.1997005939484 263.2477730512619 
Vehicle 1.0 918.9859210252762 210.0006267428398 1229.1634508371353 373.175784945488 
Vehicle 0.974251384447436 837.9309368133545 176.69102177023888 904.1516261100769 233.19053649902344 
Vehicle 0.8514600726507426 695.6266787052155 163.13130408525467 738.9946993589401 207.9676017165184 
Vehicle 0.850610571637992 809.8313909769058 168.47777366638184 837.19775390625 192.95771420001984 
Person 0.5379836170593605 770.23 165.19 790.98 201.11 
Vehicle 0.5379836170593605 753.46 161.2 774.22 183.55 
Vehicle 0.1738176223262741 732.4185180664064 169.55194091796875 753.3472290039062 198.59194946289062 
