Vehicle 1.0 171.8392811715603 191.39695912599564 370.86570113897324 302.79768258333206 
Vehicle 1.0 348.899196267128 197.356715798378 423.4759794473648 257.7633038163185 
Vehicle 1.0 809.7747588157654 158.94237533211708 940.5233910083771 203.42501252889633 
Vehicle 0.9933646929610621 453.18476700782776 189.60215896368027 491.60954028367996 230.23217171430588 
Vehicle 0.969982044615067 416.20355862379074 191.95794314146042 462.036114692688 240.76516181230545 
Vehicle 0.9388926326963594 1083.6345648765564 139.52604308724403 1144.2289785146713 177.78435721993446 
Vehicle 0.925698678817371 487.03762221336365 185.2218322455883 520.4927567839622 219.60246562957764 
Vehicle 0.8324886860584216 749.7314168214798 156.70829638838768 812.7684903144836 198.37266951799393 
Vehicle 0.5539429388139915 521.19 179.56 556.31 210.69 
Vehicle 0.5539429388139915 604.2 168.38 633.73 198.71 
Vehicle 0.19341050071407148 1115.0455322265625 144.15097045898438 1183.793212890625 180.1448974609375 
Vehicle 0.16606536584421105 658.8486328125 178.64224243164062 706.3401489257812 211.2796783447266 
