Vehicle 1.0 96.47139666974545 178.47949638962746 312.187712430954 269.5651575922966 
Vehicle 0.9741999789789871 399.3986125588417 175.22644624114037 470.813692510128 209.4133123755455 
Vehicle 0.9655132443822757 546.9003335237503 177.38089710474014 660.9895606040955 213.30193430185318 
Person 0.9593792903902503 351.7563813328743 167.5427332520485 384.35992366075516 253.3402070403099 
Vehicle 0.9178859143195353 827.8301281929016 157.2096236050129 935.3278158903122 203.59696447849274 
Vehicle 0.8466295563631993 697.247172832489 169.71997171640396 732.7855195999146 194.575734436512 
Person 0.8315925504457302 1134.787249803543 169.27525028586388 1236.391195178032 278.19740027189255 
Vehicle 0.5502126362465024 521.19 173.97 553.11 195.52 
Don't Care 0.38203530199206465 1120.080322265625 207.14880371093747 1233.9522705078125 301.45086669921875 
Don't Care 0.25732581998021037 358.3996887207031 104.86551666259766 372.15203857421875 145.33018493652344 
