Person 1.0 74.59418461471796 168.3581806719303 169.527023345232 303.44313383102417 
Person 0.9463813492910539 929.3017097711563 169.9414663016796 953.3654183149338 234.38812047243118 
Person 0.9459722448809766 1024.0877351760864 168.70731487870216 1046.4652118682861 246.4936226606369 
Vehicle 0.8271052000957488 423.0705968141556 143.3577798306942 542.7042235136032 235.1010963320732 
Person 0.8097841436090333 826.559124827385 180.86446076631546 861.8599866628647 232.660174369812 
Person 0.7725968221988491 305.61245942115784 167.3744022846222 322.7850703597069 216.7249694466591 
Person 0.5796008321582309 640.12 174.77 680.03 229.84 
Person 0.5796008321582309 2.36 215.48 39.86999999999999 350.37 
Person 0.5796008321582309 852.44 181.95 885.1700000000001 240.22 
Person 0.5796008321582309 338.4 177.96 383.1 215.48 
Don't Care 0.49999742954609483 54.763160705566406 221.58436584472656 173.27484130859375 330.7286682128906 
Vehicle 0.41249225851143134 375.50775146484375 181.06898498535156 427.48040771484375 211.2084045410156 
Don't Care 0.29464680910720503 1135.1314697265625 119.94261932373045 1241.2967529296875 185.3313751220703 
Person 0.22386612368516717 49.749717712402344 194.42263793945312 87.78651428222656 267.442626953125 
Don't Care 0.15125972837013063 2.6503303050994877 273.8188171386719 42.69913864135742 321.3800354003906 
