Vehicle 1.0 593.21652084589 188.88194113969803 666.2554632425308 245.61428278684616 
Vehicle 1.0 184.32608047127724 185.43757125735283 299.0734065771103 236.74001544713974 
Vehicle 0.9952829511331619 686.1965725421906 167.8350269794464 760.6454336643219 236.85528337955475 
Person 0.9616141681615729 916.8809813261032 175.21585151553154 993.7195715904236 262.5047564506531 
Person 0.95165966424691 450.70113211870193 172.20960929989815 475.66347831487656 253.10947000980377 
Vehicle 0.9446735008332731 472.616964161396 180.33442273736 517.1208853125572 230.7557389140129 
Vehicle 0.8060952209873723 329.70996218919754 174.30415749549866 388.2437424659729 212.36669272184372 
Don't Care 0.45585782558851934 905.5833129882812 204.63595581054688 992.572509765625 263.9503173828125 
Vehicle 0.3126717059500297 510.2440490722657 181.84449768066406 547.4487915039062 214.72329711914062 
Don't Care 0.2674069396420288 1201.59423828125 97.37696838378906 1230.468017578125 136.68930053710938 
Vehicle 0.22999728508060807 577.7619018554688 182.12716674804688 618.8419189453125 220.9986572265625 
Vehicle 0.1635834459745498 552.24462890625 182.2011260986328 571.154052734375 200.6876220703125 
Vehicle 0.144634204069209 663.4193725585938 177.1633758544922 687.5236816406249 213.66148376464847 
