Vehicle 1.0 371.87134766578674 191.21970981359482 449.3090543746948 242.42451041936874 
Vehicle 1.0 432.70968675613403 184.66230109333992 481.32873022556305 230.03239184617996 
Vehicle 0.964250798322794 473.2050502896309 174.20586571097374 510.4933308362961 216.06134623289108 
Vehicle 0.8899385661449991 656.5697350502014 177.83378809690475 724.3020218610764 219.99764442443848 
Vehicle 0.8885509413937884 35.075209971517324 204.60167527198792 126.22498100996017 238.35036903619766 
Vehicle 0.7998092367877833 5.326812285929918 202.45284587144852 40.19127566367388 242.19518154859543 
Vehicle 0.7803048223309446 1139.3841526508331 114.03775960206985 1229.2433280944824 173.2206791639328 
Vehicle 0.6461050203672147 1056.7554606199265 132.11874291300774 1163.8365873098373 177.48025059700012 
Vehicle 0.5933751383495547 536.5 173.95 571.58 198.66 
Vehicle 0.5933751383495547 510.99 175.54 538.1 204.24 
Vehicle 0.1831912290890548 627.3942871093751 174.19003295898438 649.1160888671875 193.7137451171875 
