Person 1.0 810.3200283050537 158.12493056058884 864.8140654563904 302.5961834192276 
Person 0.5767816257486277 255.92 187.50000000000003 278.57 278.12 
Person 0.5767816257486277 280.84 193.16 306.89 281.52 
Person 0.5767816257486277 308.0199999999999 196.56 338.61 282.65 
Person 0.5767816257486277 339.74 192.03 363.53 282.65 
Person 0.5767816257486277 365.79 193.16 419.03 287.18 
Person 0.5767816257486277 868.73 176.17 893.65 279.25 
Person 0.5767816257486277 897.05 188.63 923.11 288.31 
Person 0.5767816257486277 919.71 185.23 957.09 280.38 
Person 0.5767816257486277 965.02 180.7 1052.24 276.99 
Don't Care 0.1602813673781377 282.4225158691406 207.46694946289062 337.5075378417969 282.7230224609375 
