Person 1.0 280.7494415938854 177.1385259926319 339.8208017349243 313.97469341754913 
Vehicle 1.0 750.0973420143127 181.64344131946564 1012.8433270454407 339.003749191761 
Vehicle 1.0 582.8322182893753 174.1717904806137 638.643324136734 217.01154112815857 
Vehicle 0.9994345936087821 416.5549371242523 178.55154722929 452.7852326631546 211.0404297709465 
Person 0.9845608728670616 371.6478542089462 178.15663665533066 412.58039581775665 283.76298397779465 
Vehicle 0.8462576138023398 301.61959594488144 185.31706184148788 391.8589471578598 261.2307742238045 
Vehicle 0.7961865432769398 649.6643868684769 170.32526805996895 765.2863837480545 252.99198925495148 
Vehicle 0.7829799590611565 542.8475435972214 173.8727129995823 567.1847521662712 195.69218158721924 
Vehicle 0.7829606971359165 560.4659569859505 174.98353868722916 591.5720043182373 204.24062758684158 
Vehicle 0.6915155518808805 153.18001122772694 203.21910828351974 325.60031801462173 307.2430416941643 
Vehicle 0.566949965482942 529.22 174.94 544.31 186.56 
Don't Care 0.43750633325788996 275.822021484375 233.87692260742188 337.1233215332031 327.76336669921875 
Don't Care 0.32275430270257516 371.3784790039063 217.22047424316406 412.5612487792969 293.4806213378906 
