Vehicle 1.0 688.4746659994125 186.66483834385872 797.3943021297455 267.4400880932808 
Vehicle 1.0 439.56658297777176 188.86352330446243 521.1893323659897 265.40496200323105 
Vehicle 1.0 730.9512298107147 199.6554583311081 979.7500830888748 358.0494448542595 
Vehicle 1.0 327.7392740249634 195.46133279800415 488.3602977991104 320.8308443427086 
Vehicle 1.0 0.3794883987866342 203.08875292539597 413.45234602689743 372.50208109617233 
Vehicle 0.980484600114075 657.0162777900696 186.74831092357635 718.9623863697052 241.23381078243256 
Vehicle 0.9198367323106665 516.2028520703316 184.3789927661419 562.0629469156265 219.93539482355118 
Vehicle 0.7436532011359095 606.3763545155525 182.20394477248192 634.1197839975357 200.15674084424973 
Vehicle 0.7109545815062532 568.9523418545723 176.00972950458527 600.6764940619469 206.74726366996765 
Vehicle 0.6944050675183684 542.2131153345108 174.2834709584713 580.059278190136 209.7020074725151 
Vehicle 0.50168369754987 978.5704345703125 252.4481201171875 1239.992431640625 372.7247009277344 
