Vehicle 1.0 1.010723005514592 197.74246215820312 148.01327039301395 362.36315220594406 
Vehicle 1.0 640.7934215068817 176.35545507073402 726.288367152214 239.36015367507935 
Vehicle 1.0 305.2400011718273 176.269993185997 455.92498630285263 230.70500046014786 
Vehicle 0.9202867917800537 405.0463936328888 174.86951127648354 481.25451618433 210.89208126068115 
Vehicle 0.7696423631897198 582.5492795705795 176.57263576984406 606.3087290525436 194.60827857255936 
Person 0.5874193598421693 431.69999999999993 179.46 444.5 233.21000000000004 
Person 0.5874193598421693 419.71 182.74 434.64 235.9 
Person 0.5874193598421693 395.52 185.4 407.17 238.88 
Person 0.5874193598421693 406.57 184.83 417.92 237.97999999999996 
Vehicle 0.5874193598421693 569.28 175.09 592.09 191.26 
Vehicle 0.5874193598421693 562.89 172.33 577.58 185.72 
Vehicle 0.2387181676316779 490.3013610839843 171.66664123535156 513.6959228515625 191.51347351074222 
Vehicle 0.20356840719966066 447.0318603515625 170.59742736816406 492.7171630859375 202.2125701904297 
