Vehicle 1.0 0.9562364554731175 209.28499102592468 338.51085913181305 372.55603820085526 
Vehicle 1.0 330.44647639989853 194.69672441482544 457.53844767808914 279.3970853090286 
Person 0.9963864004842934 1094.8315204381943 134.99029353260994 1215.4764568805695 307.47348815202713 
Vehicle 0.9739458028977915 476.51270163059235 185.92436984181404 523.8523394465446 222.42464125156403 
Person 0.9492258260670998 1004.5206942558289 144.9848860502243 1133.418824315071 337.3209536075592 
Vehicle 0.9239918016293633 561.3443477153778 179.15240675210953 593.8160814642906 206.904798746109 
Vehicle 0.7141258734367965 539.0957554578781 177.9988892376423 559.6519714593887 200.83359628915787 
Vehicle 0.5390853692758463 503.50000000000006 159.34 545.85 211.35 
Don't Care 0.4829674028993416 997.5180053710939 222.0743103027344 1140.101806640625 357.0859680175781 
Don't Care 0.2881787697185003 1094.0166015625 218.2792510986328 1234.7161865234375 319.8437194824219 
