Person 1.0 1046.8927291631699 195.67519426345825 1148.2057406902313 322.4715292453766 
Vehicle 1.0 97.56302784383297 196.05517387390137 236.89549478888512 262.7939432859421 
Vehicle 1.0 587.0332142114639 201.18983834981918 663.1714164018631 260.9734609723091 
Vehicle 0.9814289497375938 421.3736307621002 194.9623078107834 500.6938571333885 249.4807094335556 
Person 0.9659925854891324 390.01111006736755 184.73971635103226 421.09757673740387 301.4700785279274 
Vehicle 0.9641165865157185 674.6147403717041 193.60750168561935 709.7096536159515 230.38825392723083 
Vehicle 0.856023979996118 703.4523550271988 177.95545980334282 803.7075666189194 266.29534363746643 
Vehicle 0.8132967647126776 481.4686819911003 195.7104429602623 530.6221035718918 237.075537443161 
Vehicle 0.7368586530783445 507.5476441383362 194.03940439224243 551.4618875384331 227.42034494876862 
Vehicle 0.5600761618752497 528.4 193.05 568.96 215.23 
Vehicle 0.5600761618752497 261.96 188.04 345.79999999999995 235.81999999999996 
Don't Care 0.4668298674780007 1030.67919921875 235.70555114746094 1158.266845703125 322.8774108886719 
Don't Care 0.1611909539864438 71.83892059326172 60.667118072509766 109.48188018798828 104.29613494873047 
