Vehicle 1.0 411.560313642025 188.79655748605728 516.1498843431473 262.751542031765 
Vehicle 1.0 659.5368161201477 179.1970655322075 725.7980732917786 229.50001806020737 
Vehicle 1.0 720.7866822481155 177.48311161994934 847.9149277210236 288.9099195599556 
Vehicle 1.0 764.4435639381409 183.01544710993767 1089.5168327093124 372.54323065280914 
Vehicle 1.0 958.3557111024857 243.81984025239944 1241.3354419469833 373.76777082681656 
Vehicle 0.800119981765586 589.1505167484283 176.29612237215042 615.0252329707146 198.045551776886 
Vehicle 0.7690099389922538 638.6413993835449 178.27723547816277 669.1113528013229 207.13958144187927 
Person 0.7125798371141504 826.9628047943115 159.9615141749382 866.0885953903198 198.10710847377777 
Vehicle 0.5503048189662277 349.81 185.88 422.67 211.56 
Vehicle 0.5503048189662277 245.3 187.07 325.32 211.86 
