Vehicle 0.992038469519352 299.74590423703194 166.74311086535454 359.8769890666008 199.9296247959137 
Vehicle 0.9584446295233585 360.9269049167633 165.8686213195324 436.37804424762726 196.85820490121841 
Vehicle 0.8061205839755816 763.0185803174973 158.2333780825138 815.4219846725464 183.0647550523281 
Vehicle 0.7859006751779198 718.4049482345581 168.31845045089722 770.3212419748306 187.44833394885063 
Vehicle 0.7793595346818762 612.4929610490799 162.31649369001389 664.6725758314133 188.7127161026001 
Vehicle 0.6145539445628123 807.66 162.44 843.27 182.27 
Vehicle 0.6145539445628123 404.0 166.82 450.0 192.2 
Vehicle 0.6145539445628123 1110.75 155.13 1142.67 174.54 
Vehicle 0.6145539445628123 532.18 154.38 597.63 192.23999999999998 
Vehicle 0.6145539445628123 235.24 154.38 299.61 199.81 
Vehicle 0.6145539445628123 660.37 168.44 700.94 192.23999999999998 
Vehicle 0.6145539445628123 585.19 163.57 620.35 187.90999999999997 
Vehicle 0.6145539445628123 687.42 166.28 725.82 189.0 
Person 0.6145539445628123 268.72 162.35 283.15 206.07 
