Vehicle 1.0 523.5123984217644 177.74853855371475 735.0770123004913 370.7367405295372 
Vehicle 0.9952169826850827 345.1096163392067 182.3349930346012 447.8489440083504 219.2809358239174 
Vehicle 0.9830178036566052 438.32348853349686 179.20523509383202 498.2600437402725 208.64490419626236 
Vehicle 0.9805003230878113 176.49722090363503 193.32057237625122 258.73383700847626 225.32343864440918 
Vehicle 0.5662767178620313 333.15 187.17 372.92 208.67000000000002 
Don't Care 0.4142102729769119 599.3381958007812 0.0 630.9559936523438 31.56665229797363 
Don't Care 0.3394058185471663 732.7709350585938 88.59471130371094 753.0377807617188 140.3797607421875 
Don't Care 0.29354708389791623 933.213623046875 84.60395050048828 954.7607421875 138.46083068847656 
Don't Care 0.2865662896077991 392.8927001953125 96.4111557006836 404.45709228515625 121.17416381835938 
Person 0.15979699416889093 635.1298828125 200.01068115234375 697.6220092773438 256.3431701660156 
Don't Care 0.14752635406967127 469.92431640625 99.27729034423828 517.5686645507812 122.27108001708983 
