Vehicle 1.0 0.3589348411769606 217.70017594099045 396.91730958223343 372.7055490016937 
Vehicle 1.0 655.4680359363556 182.18343704938889 714.3443112373352 227.94140875339508 
Vehicle 1.0 524.8931867480278 181.3909225165844 568.3169512152672 213.14171701669693 
Vehicle 1.0 568.2554331421852 181.58691376447678 625.7239365577698 227.03053057193756 
Vehicle 1.0 822.7820928096771 185.7004165649414 1241.3141216039658 373.06438386440277 
Vehicle 0.9842236760924251 303.8659124672413 198.81704449653625 475.82993245124817 324.99054819345474 
Vehicle 0.8448233487535981 460.9113185405731 176.29801109433174 515.4433888792992 205.67384362220764 
Vehicle 0.7972233951433877 81.65391558408737 185.8454905450344 198.99549436569214 232.75849968194962 
Vehicle 0.7952537100778233 380.3815698623657 177.7869388461113 473.5164531469345 226.5176698565483 
Vehicle 0.7033702382758095 638.9172313213348 131.32664188742638 708.0273452997208 210.23614704608917 
Person 0.5608022230755413 737.17 169.56 751.7799999999999 212.86 
Vehicle 0.5608022230755413 618.32 176.37 647.12 199.02000000000004 
Vehicle 0.5608022230755413 299.98 179.69 346.5 204.57 
Vehicle 0.16094597369650201 489.8449401855469 180.86134338378906 525.3547973632812 201.19151306152347 
