Vehicle 1.0 0.5059501921059564 206.75694197416306 165.66191536188126 364.8519739508629 
Vehicle 1.0 912.7451308965683 238.10262233018875 1241.6640565395355 373.2922822237015 
Vehicle 1.0 699.4673756361008 185.3652410209179 838.9726724624634 272.59641140699387 
Vehicle 1.0 271.7176112830639 187.56772577762604 457.96022772789 247.46880680322647 
Vehicle 0.9376338266589542 672.5182399749756 180.3717389702797 729.069487452507 222.68334031105042 
Vehicle 0.9022955015811571 51.37725643068552 189.08675014972687 292.45190396904945 299.528069794178 
Vehicle 0.8918873612506099 448.9633020758629 174.94206503033638 517.4842194914818 215.01338481903076 
Vehicle 0.8260717025951335 645.1832653284073 171.05070501565933 681.6838406324387 201.57478004693985 
Vehicle 0.6991674231188318 495.78066551685333 170.99351808428764 547.2139202356339 206.92413300275803 
Vehicle 0.554358554397551 353.29 170.1 458.15 217.2 
