Vehicle 1.0 0.6217800085432827 203.7380039691925 190.66099843382835 328.50757241249084 
Vehicle 0.9922837847763321 223.00116419792175 161.04712709784508 531.9780921936035 322.55832105875015 
Vehicle 0.9177223402991018 1171.1592367887497 155.51331639289856 1202.3936133384705 175.58357119560242 
Vehicle 0.9060088523481058 1138.0218715667725 157.91666507720947 1173.065408706665 176.78716778755188 
Vehicle 0.9027689761871452 685.1344789266586 166.02182015776634 738.4459966421127 207.93136954307556 
Vehicle 0.8914501526081211 1205.3361908197403 158.65533426404 1241.0777471065521 174.04821887612343 
Vehicle 0.8466601619750961 1103.9059174060822 158.7538942694664 1136.1836582422256 177.47202515602112 
Vehicle 0.759703997081043 1045.9306486845016 159.62109714746475 1076.6733988523483 178.89371886849403 
Vehicle 0.7559490377050406 889.4659073352814 158.20781886577606 918.8796154260635 173.77400770783424 
Vehicle 0.5742731497029775 973.45 164.24 1003.17 179.1 
Vehicle 0.5742731497029775 860.52 159.78 882.81 172.42 
Vehicle 0.5742731497029775 526.84 180.32 553.72 198.24 
Vehicle 0.5742731497029775 843.43 161.27 863.49 174.57 
