Vehicle 1.0 388.68199396133423 195.09775936603546 496.8121481537819 271.1704596877098 
Vehicle 1.0 41.196917563676834 210.52177995443344 295.2865101993084 333.31945538520813 
Vehicle 1.0 1122.0502696037292 156.8482518196106 1241.6459934711456 260.0344642996788 
Vehicle 1.0 264.33138942718506 200.3248706459999 380.6492586135864 282.036691904068 
Person 1.0 817.0445516109467 181.16499111056328 915.1088758707047 283.7822288274765 
Vehicle 0.902015301523146 458.3626121878624 172.91932180523872 533.7955033779144 239.35816437005997 
Vehicle 0.8582151948905384 546.6378268003464 182.96554684638977 567.6098635196686 201.09515637159348 
Vehicle 0.8379751770869209 371.4603758454323 192.44378060102463 444.25046986341476 241.90981686115265 
Vehicle 0.8281582036536688 615.3765374422073 179.66969311237335 665.3779238462448 205.13053983449936 
Vehicle 0.7941555132526039 516.6395859718323 184.8175674676895 544.3646562695503 225.82635283470154 
Vehicle 0.7822578558733458 637.8000601530075 180.0820827484131 707.1384054422379 212.0828703045845 
Don't Care 0.4525222846493362 819.8068237304688 223.88302612304688 938.9158325195312 286.57305908203125 
Don't Care 0.2928480760405894 786.598388671875 208.6070556640625 843.9407348632812 273.3191223144531 
Person 0.18308383137375445 231.1766357421875 182.29360961914062 255.30003356933594 209.99313354492188 
Person 0.1447876433016587 819.404052734375 184.71253967285156 847.2904052734374 228.0547332763672 
