Person 1.0 849.9210387468338 165.71524366736412 902.7270866632462 273.7158313393593 
Person 1.0 302.3969741463661 166.98423027992249 324.5668365955353 240.61401933431625 
Person 1.0 916.254622220993 167.1098917722702 944.1544378995895 247.34868854284286 
Person 1.0 943.9137697219849 168.1993380188942 969.6922852993011 256.2284991145134 
Person 1.0 1053.3536814451218 204.69224452972412 1122.0062223672867 308.23637545108795 
Person 0.8812849767364309 750.6313869953156 160.10349243879318 774.3916507959366 242.5849512219429 
Vehicle 0.8274358948398588 557.9096626639366 155.07646277546883 613.9901229143143 200.77981799840927 
Person 0.8025071925128279 1191.5864202976227 186.39976903796196 1225.8638316392899 274.8049423098564 
Person 0.7463004679511531 271.8880814909935 189.74346667528152 299.93184649944305 228.2470241189003 
Person 0.7370961814282084 1134.8216732740402 156.43854439258575 1192.8445426225662 288.0117818713188 
Person 0.5838846280592104 539.63 169.67 561.73 207.53 
Person 0.5838846280592104 785.15 182.18 827.3 230.85999999999999 
Person 0.5838846280592104 583.1 169.8 602.6 201.66 
Person 0.5838846280592104 523.51 169.13 544.88 209.52 
Don't Care 0.2512242179915167 861.7926635742186 206.06500244140625 903.4044189453125 276.2065734863281 
Don't Care 0.17212241329854674 1015.0892333984375 216.35997009277344 1092.8934326171875 312.49395751953125 
