Vehicle 1.0 0.9613183562178165 193.05749237537384 297.4968301355839 367.3899918794632 
Vehicle 1.0 826.8899602890015 179.14601415395737 1241.9387780427933 373.0855733156204 
Vehicle 0.9468787369617006 407.0509130358696 176.54942348599434 480.7972392439842 231.41931742429733 
Vehicle 0.8628176708451777 619.3211710453033 170.75670138001442 641.5257900953293 187.56064027547836 
Vehicle 0.8017953250265591 504.93456959724426 178.54532226920128 541.2432618141174 205.40153235197067 
Vehicle 0.7940923534294094 638.8762933015823 175.90778321027756 671.0376605987549 201.1343613266945 
Person 0.7841266851931271 482.23965668678284 175.11335760354996 507.07459902763367 245.30792981386185 
Vehicle 0.5640173276855454 655.2899999999998 175.02 680.92 194.67999999999998 
Person 0.5640173276855454 450.18 176.21 473.32 250.20000000000002 
Person 0.5640173276855454 522.58 174.17 535.72 215.07999999999998 
Person 0.5640173276855454 633.36 172.98 641.42 195.08000000000004 
Person 0.5640173276855454 704.8 164.07 719.99 209.86 
