Vehicle 1.0 896.7993650436401 243.1855872273445 1241.7561485767365 373.53289872407913 
Vehicle 1.0 658.9058672189713 174.89094659686089 735.7076650857925 238.3849024772644 
Vehicle 0.7620600469222555 312.3348820209503 185.70925667881966 421.42822712659836 241.33575707674026 
Don't Care 0.5395319845655054 793.1053466796875 199.3609161376953 998.4790649414062 328.87567138671875 
Don't Care 0.4127775779236941 266.8795775771141 207.15873688459396 376.6165305376053 282.75250643491745 
Vehicle 0.3818513485728922 393.2521353363991 180.20084872841835 469.6095373034477 233.57141017913818 
Don't Care 0.30427783727511243 185.3178253173828 212.86927795410156 282.7320556640625 331.89959716796875 
Don't Care 0.28611234307164485 118.3809585571289 202.64064025878903 186.0640869140625 310.0552978515625 
Person 0.20128244324752295 100.94160461425781 168.6515655517578 129.86639404296875 211.02938842773435 
Vehicle 0.1770430309901993 513.58544921875 177.94097900390625 545.327880859375 202.88200378417966 
