Vehicle 1.0 939.2443925142288 206.79643750190735 1240.9499731063843 373.19471687078476 
Vehicle 1.0 726.3267141580582 173.87891560792923 812.5801606178284 216.36459231376648 
Vehicle 1.0 153.48489953577518 185.03613397479057 349.84402799606323 292.5349473953247 
Vehicle 1.0 0.5821249527507462 168.59301924705505 145.34993943572044 353.29339653253555 
Vehicle 0.8777877432614838 632.0951657295227 176.62916332483292 660.5151089429855 201.6947641968727 
Vehicle 0.8464228402462342 312.18756437301636 176.4242649078369 415.78111231327057 242.41288751363754 
Vehicle 0.7744141708563216 478.38241428136826 172.44935408234596 507.6766396164894 207.03747868537903 
Vehicle 0.7285558127855459 350.6065263748169 163.67056220769882 483.0030063986778 226.48177295923233 
Vehicle 0.5503669554447199 496.93999999999994 167.77 532.39 201.01 
Vehicle 0.5503669554447199 401.76 183.84 442.97 231.04000000000002 
Vehicle 0.5503669554447199 612.67 170.22 637.56 199.89 
