Vehicle 1.0 147.7882408350706 210.52296459674835 359.9448736310005 350.96778720617294 
Vehicle 1.0 325.2940231561661 196.20048254728317 444.07594656944275 284.1237634420395 
Vehicle 1.0 0.47115686594042927 208.69338512420654 170.29337123036385 373.3666241168976 
Vehicle 0.9904417124185144 538.1349334716797 186.09432131052017 577.1785148978233 213.76655995845795 
Vehicle 0.8698858582511337 578.1930078864098 183.76639857888222 595.852692425251 209.53604578971863 
Vehicle 0.8474432933710248 719.0122818946838 189.4190087914467 746.3120927810669 231.90631717443466 
Vehicle 0.8369764553727351 599.6717728972435 183.25361609458923 621.4728230237961 198.83376359939575 
Vehicle 0.8110728450868107 734.7952580451965 179.83157560229301 837.858240365982 257.857583463192 
Vehicle 0.7083036525372913 703.4144521951675 185.14138832688332 723.2665046453476 221.61731868982315 
Vehicle 0.5568131866745969 568.07 186.6 585.8 211.53 
