Vehicle 1.0 0.6279714039992541 192.51742959022522 394.703251183033 372.5879117846489 
Vehicle 1.0 407.30139005184174 183.94220620393753 560.9749061465263 293.1614890694618 
Vehicle 1.0 886.8437272310257 221.32334858179092 1241.4940119981766 373.0183616280556 
Vehicle 1.0 749.8879880905151 182.86020308732986 816.1995109319687 242.44945496320724 
Vehicle 0.9989654232919133 587.2742895483971 171.3329739868641 637.3036959171295 213.3166417479515 
Vehicle 0.8178508191884638 708.3468543291092 174.41929131746292 733.0864473581314 195.43732702732086 
Vehicle 0.8034367853852297 631.4648830890656 173.99254068732262 660.2691106796265 205.30888438224792 
Person 0.5557384384738929 672.45 172.4 681.43 199.65 
Vehicle 0.23186592475579063 650.6740112304688 167.664306640625 671.1650390625 187.28343200683594 
Vehicle 0.15298426268299942 733.5853271484375 180.15740966796875 763.1263427734375 222.6736602783203 
