Person 1.0 331.84235858917236 160.2600172162056 362.10012888908386 242.9687064886093 
Person 1.0 380.97656750679016 166.87820583581924 420.32539558410645 244.16066586971283 
Person 1.0 629.1778750419617 159.13109838962555 671.3943514823914 279.6428054571152 
Person 1.0 1012.8047547340393 160.65223157405853 1075.5716471672058 313.95146667957306 
Person 0.9933673490419217 223.65537858009338 156.15360379219055 249.8762698173523 235.3090089559555 
Person 0.8407052854117866 303.99208438396454 165.4469746351242 324.610404253006 235.2413260936737 
Person 0.7737706315831419 266.44736909866333 158.64000618457794 290.056104183197 234.45396423339844 
Person 0.5785458395723103 284.25 165.3 302.1 228.70000000000002 
Vehicle 0.46312293198743293 1065.2470703125 186.826904296875 1153.587890625 225.1259460449219 
Don't Care 0.1693697539206622 626.97119140625 208.26388549804688 649.48876953125 241.468994140625 
Vehicle 0.16034874685217948 594.704345703125 172.55767822265625 634.9129638671875 203.74417114257812 
Vehicle 0.1596645130304215 1131.9920654296875 187.83474731445312 1198.3624267578125 225.23623657226565 
Don't Care 0.1555041852801547 840.864990234375 217.4442138671875 1005.9307861328125 286.8838806152344 
