Vehicle 1.0 552.0652559995651 180.96435928344727 597.8207838535309 217.4588838815689 
Person 1.0 375.77889358997345 173.31934887170792 411.8019275069237 285.0120623111725 
Person 1.0 741.563964009285 182.49072420597076 786.4044152498245 313.34073185920715 
Person 1.0 866.8144943714142 166.08366668224335 908.864187002182 287.22787845134735 
Person 0.9969395367753898 296.32914313673973 175.22158151865005 334.0142907500267 266.60976934432983 
Person 0.9919369318695473 915.3508929014206 174.6251219511032 955.2619878053665 286.47317814826965 
Person 0.9779701247214064 690.1037625074387 185.96623557806015 719.4104174375534 277.2031935453415 
Person 0.9263294747879898 643.5506325960159 168.9771192073822 664.1413691043854 246.86488783359528 
Person 0.9226596366756133 719.1177641153336 185.4900643825531 743.892867565155 281.8087936639786 
Don't Care 0.5194092213211646 42.144084580242634 220.54685759544373 151.17774412035942 296.6911358833313 
Don't Care 0.3969473903098905 0.593638002872467 232.31616210937503 51.3940315246582 321.4106750488281 
Don't Care 0.35367239884085844 291.23956298828125 244.75564575195312 357.68878173828125 288.071044921875 
Don't Care 0.14325826630148394 265.287841796875 222.550537109375 302.07122802734375 277.0833740234375 
Person 0.14066135245058436 775.553466796875 173.27154541015625 811.4810180664062 256.6634216308594 
