Vehicle 1.0 0.23522224085172638 277.822382748127 79.8763597458601 374.0066885948181 
Vehicle 1.0 792.3852800130844 190.26390463113785 1057.7612181901932 352.5967597961426 
Vehicle 1.0 46.957477144896984 183.39761719107628 349.32501089572906 281.8850800395012 
Vehicle 0.963344571007695 405.36419999599457 188.290536403656 475.5632430911064 237.19017952680588 
Vehicle 0.920834738949959 299.5489686727524 179.4203259050846 425.06945300102234 244.65490132570267 
Vehicle 0.9121886969958488 734.5954538583755 179.2733073234558 854.4231845140457 274.34221655130386 
Vehicle 0.4683061060591495 678.5930786132812 182.81817626953125 734.0272827148438 223.53076171875 
Vehicle 0.3526138564814555 447.50048828125 177.54627990722656 506.68310546875 226.19784545898438 
Vehicle 0.3260577352031671 473.9324951171875 176.7484130859375 549.0350341796875 212.07159423828122 
Vehicle 0.20145823640254584 711.4091796875 176.87582397460938 760.927978515625 206.39712524414062 
Vehicle 0.14642747610356877 636.70947265625 163.24278259277344 675.32373046875 198.01589965820312 
