Vehicle 1.0 696.9951220750809 190.97073602676392 796.3908634185791 257.7123980522156 
Vehicle 1.0 377.75225964188576 183.27540802955627 487.04920721054077 265.25372648239136 
Vehicle 1.0 162.7104103565216 189.78463792800903 311.6410678625107 260.7440481185913 
Vehicle 1.0 0.24244961608201265 215.88628149032593 291.92778849601746 374.044273853302 
Vehicle 0.964151940033899 339.5560703277588 185.2252848148346 391.9848899245262 228.5711932182312 
Vehicle 0.9575642490660683 644.0403802990913 182.4733283519745 687.8776582479477 214.1682949066162 
Vehicle 0.9176061382807829 465.4708273112774 184.0412037372589 521.0121298134327 233.53967666625977 
Vehicle 0.814266844025553 585.9421418011189 180.1231849193573 611.855126440525 203.38662195205688 
Vehicle 0.6980657571766051 502.91308388113976 181.66824555397034 532.118814766407 215.89455127716064 
Vehicle 0.5393844704818055 578.17 181.78 590.85 197.92 
Vehicle 0.5393844704818055 527.04 184.86 550.88 205.22999999999996 
