Person 1.0 353.52700620889664 179.756049066782 403.9322576522827 302.71241068840027 
Person 1.0 33.03573038801551 171.85157909989357 190.9008337855339 372.97075241804123 
Person 1.0 1099.9102038145065 138.2635161280632 1190.172837138176 373.8449513912201 
Person 0.9170811133576084 446.0034758448601 177.48266458511353 463.28168910741806 230.70184886455536 
Person 0.7432129152127454 426.29037576913834 173.36824536323547 442.98979353904724 232.1130707859993 
Person 0.7121271028059926 612.5624742507935 173.14361035823822 625.807663321495 222.8623330593109 
Person 0.5620407933412627 516.82 176.3 523.39 205.48000000000002 
Person 0.5620407933412627 525.78 174.3 533.6 204.8 
Don't Care 0.484760444304511 129.26783752441406 221.05015563964844 192.01747131347656 372.9632873535156 
Person 0.3451870064961376 1200.9669189453125 151.30184936523438 1242.0 371.3554382324219 
Don't Care 0.2176064270330853 170.87750244140625 243.1871337890625 254.6193389892578 343.25286865234375 
