Vehicle 1.0 858.0375008583069 175.53357034921646 1241.5049682855606 372.8124126791954 
Vehicle 1.0 0.2273485840705689 231.3380017876625 318.0261921286583 372.82732129096985 
Vehicle 1.0 696.7538437843323 184.44056063890457 817.1375319957733 267.35512912273407 
Vehicle 0.9847171334645609 678.7312692403793 179.69775572419167 747.9060845375061 235.82124710083008 
Person 0.9411538190419129 994.3608845472336 148.3929120004177 1039.1644749641418 184.03076380491257 
Vehicle 0.8710887631604688 596.7712808847427 175.56116357445717 623.0474191904068 201.51181519031525 
Vehicle 0.38051120829837876 654.3360595703125 179.0775909423828 693.7652587890625 217.07864379882812 
Vehicle 0.2568431628762384 313.4127502441406 193.4513397216797 368.76959228515625 225.57286071777344 
Vehicle 0.21611674460944727 637.385009765625 182.4136962890625 657.908203125 201.8417663574219 
Vehicle 0.2141853687701705 361.040283203125 194.5450439453125 398.58004760742193 221.96495056152344 
Vehicle 0.16248030935433203 489.147705078125 181.749267578125 517.2197875976562 207.57373046875 
