Person 1.0 870.7679706811905 162.2822888493538 943.8617905378342 350.3656086921692 
Person 1.0 775.1453793048859 173.95553302764893 829.5625157356262 360.3890006542206 
Person 1.0 546.8820601701736 168.53962486982346 583.1858302354813 259.12576389312744 
Person 0.961825853882673 210.9960905611515 168.07404243946075 274.86598095297813 339.93852841854095 
Person 0.9548952015529776 719.8091815710068 166.38440990447998 747.7096099853516 238.83563899993896 
Person 0.7514616286154348 491.7975988984108 176.6826639175415 507.9851425886154 229.17291152477264 
Person 0.7333179751588513 132.35984402894974 173.7993431687355 214.67523205280304 315.7089147567749 
Person 0.5662328643315098 507.29 175.07 532.65 233.71 
Person 0.45209029052942357 995.0476684570311 164.98870849609375 1042.4683837890625 267.37432861328125 
Person 0.3691586709827423 1135.6036376953125 148.62612915039062 1194.71826171875 262.7613830566406 
Person 0.3227911430973541 952.0695190429688 158.35728454589844 988.9735717773438 247.86009216308594 
Don't Care 0.24984631611723013 1.0822539329528809 238.24357604980466 127.40627288818361 340.37548828125 
Don't Care 0.1640257468921714 126.61186981201172 231.0488433837891 215.92388916015625 327.9310607910156 
