Vehicle 1.0 723.4671231508255 176.06664821505547 829.1564311981201 232.16555267572403 
Vehicle 1.0 788.1243206262589 211.4681974053383 1085.5149747133255 373.6379072070122 
Vehicle 1.0 5.629937200807035 188.24753165245056 220.50029906630516 362.92657256126404 
Vehicle 1.0 133.7754546403885 184.95972454547882 343.8231409192085 283.41300040483475 
Vehicle 0.9396678827409447 1.1461667394032702 229.47927564382553 58.99031230062246 369.55614387989044 
Vehicle 0.9088813894820342 638.9815624952316 160.9966792166233 689.483680844307 215.58058261871338 
Vehicle 0.7848230501056888 800.247304558754 187.75925785303116 911.1080542802811 236.03877425193787 
Vehicle 0.5596288084642193 301.44 169.42 449.02 246.0 
Vehicle 0.43901890121342857 434.7423095703125 182.9780731201172 504.7296752929688 217.43447875976562 
Vehicle 0.29351275684596323 488.3152770996094 177.91285705566406 525.8428344726562 210.4790802001953 
Vehicle 0.24936598871679952 395.65606689453125 184.36224365234375 449.1392517089844 215.1709747314453 
Vehicle 0.21211564668111574 899.3171997070312 193.7753143310547 1042.9871826171875 230.42179870605466 
Vehicle 0.14855118531413722 514.5051879882812 180.1468505859375 551.8507690429688 202.30296325683594 
