Vehicle 1.0 666.3049145936966 181.59393221139908 772.3314986228943 268.6689868569374 
Vehicle 1.0 728.2642743587494 175.8660189807415 960.6093009710312 330.78937232494354 
Vehicle 1.0 368.42119055986404 184.79565158486366 428.11256182193756 239.56865072250366 
Vehicle 1.0 317.53493589162827 193.53803247213364 395.8580290675163 267.64319837093353 
Vehicle 1.0 103.38945007324219 177.4216890335083 329.8613514304161 310.49636006355286 
Person 1.0 1091.11652469635 156.8533591926098 1166.772206068039 306.80834501981735 
Person 0.9265083214455827 575.3309739232063 173.23723062872887 610.9430535435677 265.4759958386421 
Vehicle 0.7803544074805084 645.2752093076706 179.1328266263008 692.7778959274292 242.30439215898514 
Vehicle 0.6934907408352669 559.9432384371758 164.2632856965065 587.1937090158463 203.15992087125778 
Vehicle 0.5522048696149356 408.83 150.93 509.87 205.04 
Person 0.5522048696149356 512.6 174.4 523.9 206.72000000000003 
Vehicle 0.514147740416426 0.7703221440315245 220.29460144042966 127.64373016357422 372.1546325683594 
Vehicle 0.24517971381637627 418.3739318847656 178.5205535888672 473.43872070312494 213.11773681640625 
Vehicle 0.14277389872175353 630.3643188476562 177.804443359375 663.2567138671875 228.51838684082028 
