Vehicle 1.0 724.9867898225784 180.3966388106346 817.0364824533463 250.7772222161293 
Vehicle 1.0 783.4693050384521 186.39883026480675 967.4265546798706 290.75606167316437 
Vehicle 1.0 920.5050694942474 204.494409263134 1241.3127890825272 372.94862419366837 
Vehicle 1.0 353.180550634861 188.47451359033585 454.109425842762 262.27178424596786 
Vehicle 1.0 130.17742466926575 197.7052018046379 374.5370938181877 323.3989253640175 
Vehicle 0.9911675700279993 434.6033477783203 184.1883771121502 494.30634158849716 238.11547458171844 
Vehicle 0.9095392981341395 511.96972757577896 178.32916975021362 549.1125041842461 207.52324908971786 
Vehicle 0.7243430522072337 538.9821580052376 175.71914568543434 562.9823126792908 204.63068783283234 
Vehicle 0.31844797036368133 705.3705444335938 178.3830108642578 762.6926879882812 229.87722778320312 
Vehicle 0.20116094196530793 571.1118774414062 174.5535125732422 609.9630737304688 188.6537170410156 
Vehicle 0.14623677717537661 1070.4395751953125 173.8121337890625 1171.0958251953125 206.5109558105469 
