Vehicle 1.0 239.67111843824387 190.36100059747696 486.8796073794365 340.6989723443985 
Vehicle 1.0 661.8622140884399 181.1588555574417 727.7858991622925 233.97371917963028 
Vehicle 1.0 771.9786765575409 194.75801289081573 1162.4281861782074 372.7022632956505 
Vehicle 1.0 1.6491277227178216 203.7881836295128 341.2771736383438 372.3737373948097 
Vehicle 0.9819798449305072 532.4753077626228 180.60440942645073 571.3847857117653 213.89718353748322 
Vehicle 0.9331361704531005 405.30908542871475 191.66551530361176 487.25312054157257 250.08981674909592 
Vehicle 0.7620486600923799 647.4115372896194 180.66755309700966 671.2095558643341 211.3206759095192 
Person 0.37192344191173177 1005.5693969726562 94.16445922851562 1092.8480224609375 239.95228576660153 
Person 0.3388550884242263 311.7728271484375 171.80430603027344 340.9590759277344 197.68406677246094 
Person 0.19081761298755553 354.6551208496094 174.4488525390625 378.45513916015625 197.89915466308594 
