Person 1.0 22.59208381175995 182.1381071805954 99.16700977087021 368.2781879901886 
Person 1.0 372.2047376036644 161.50733613967896 423.1149781346321 268.1355769634247 
Person 1.0 93.99286250770092 167.07703775167465 191.02355283498764 372.02384662628174 
Vehicle 1.0 167.47333562374115 186.00766551494598 354.922179043293 305.6614249944687 
Person 0.887526625257198 476.463922560215 169.0612051486969 492.698987364769 216.15367925167084 
Person 0.8508205701395438 491.46915715932846 166.56323742866516 507.60183757543564 214.66298174858093 
Person 0.40771351749758106 633.4034423828125 162.1949462890625 660.5339355468751 228.27587890625 
Don't Care 0.3783609888880009 382.4486999511719 206.0048828125 417.8840026855469 280.6899108886719 
Person 0.26190296738654206 0.6011284589767456 170.617919921875 46.7910270690918 360.0311584472656 
Person 0.2244752930855963 353.5611877441406 167.6335906982422 376.7163391113281 217.96290588378906 
Don't Care 0.15450255115544645 560.0596313476562 196.14381408691406 591.0410766601562 253.83758544921875 
