Vehicle 1.0 93.99451692402363 173.63429814577103 248.9330677986145 250.0600665807724 
Vehicle 1.0 237.26789751648903 118.35722252726555 413.4077805876732 251.3338252902031 
Vehicle 1.0 1040.3064458370209 158.86614471673965 1241.2035963535309 372.29546159505844 
Vehicle 1.0 584.453822851181 170.83733528852463 658.1791248321533 239.74529653787613 
Vehicle 0.9985691849001579 696.0231778621674 170.09615153074265 755.0221191644669 226.0749489068985 
Vehicle 0.8645870402825403 761.6033685207367 144.6405127644539 961.9994169473648 265.1113495230675 
Vehicle 0.26575868109550976 429.1372375488281 173.83657836914062 473.9568176269531 197.7876434326172 
Vehicle 0.2265760175034086 665.437255859375 170.96597290039062 698.79736328125 200.13380432128906 
Person 0.19695503600372108 474.2828979492187 173.43125915527344 488.2608642578125 214.047607421875 
Vehicle 0.19273758054612605 490.86401367187494 171.5107879638672 516.8729248046875 191.05023193359372 
