Vehicle 1.0 744.8047149181366 184.33717265725136 870.4419429302216 279.0308743715286 
Vehicle 1.0 801.5255627632141 196.2939351797104 1142.490112066269 373.1405586004257 
Vehicle 1.0 0.5252138816867955 201.6245350241661 302.66945627331734 373.6157789826393 
Vehicle 1.0 677.1144025325775 179.50839176774025 752.3507097959518 241.4693981409073 
Vehicle 1.0 442.7568984031677 178.10383066534996 503.4099059700966 224.39950704574585 
Vehicle 0.9781827901797718 256.2841258943081 175.61263963580132 351.28725975751877 232.8770086169243 
Vehicle 0.8224786431177693 484.00595086812973 171.4826412498951 520.576705634594 213.12285214662552 
Vehicle 0.7294489719948332 660.6626486778259 175.4545010626316 692.7975876331329 221.74633294343948 
Vehicle 0.7208913943588648 646.3321208953857 172.7004200220108 670.7969924211502 208.6227983236313 
Vehicle 0.2083849052047694 534.23388671875 175.2873077392578 556.8931274414062 189.36857604980466 
Vehicle 0.19618187470077683 583.8932495117188 172.67010498046875 601.4824829101562 186.3677520751953 
Vehicle 0.18549277480677237 511.2359008789062 172.2076416015625 538.6290283203125 207.71592712402344 
