Person 1.0 616.9273080825806 157.82981872558594 691.5985178947449 346.6013354063034 
Person 1.0 756.268177986145 161.65671229362488 820.423716545105 332.2565162181854 
Person 1.0 911.4014139175415 143.4621849656105 988.3441114425659 327.5745117664337 
Person 1.0 1061.774775981903 172.73132890462875 1223.8194336891174 367.76077568531036 
Vehicle 0.9633870746558286 0.7564227981492877 97.59483903646469 261.51710629463196 367.4822813272476 
Person 0.9630943372128652 824.8099822998047 172.1304753422737 897.3993902206421 369.0592986345291 
Person 0.8496393704253874 831.6059145927429 144.1397523880005 877.2357873916626 218.41517686843872 
Person 0.739846486543166 540.0141212940216 145.38730919361115 555.1791744232178 205.60317933559418 
Person 0.5461876458946346 525.4 145.8 539.1 207.50000000000003 
Don't Care 0.18735108786920776 293.8438720703125 203.3331604003906 409.0735168457031 294.68853759765625 
