Vehicle 1.0 528.1495730280876 179.53988537192345 732.9235836267471 372.8106915950775 
Vehicle 1.0 217.05225178599358 192.24120676517487 299.50236743688583 222.372405230999 
Vehicle 0.9981403364608759 390.930586874485 180.28845638036728 495.567684173584 216.6043147444725 
Vehicle 0.872958609647993 482.5472470521927 176.62223428487778 527.9167889356613 208.19326490163803 
Vehicle 0.56861216399392 333.41 186.66 372.18 208.26 
Vehicle 0.56861216399392 377.72 183.33 412.07 204.39 
Don't Care 0.4129763465716014 599.33251953125 0.0 630.9307861328125 31.540550231933594 
Don't Care 0.35150912348654073 732.7799682617188 88.47010040283203 753.0439453125001 140.20025634765625 
Don't Care 0.2973198485701238 392.8582763671875 96.3984603881836 404.50094604492193 121.13339996337892 
Don't Care 0.29174468540606796 933.3669433593749 84.69351959228516 954.7521362304688 138.37667846679688 
Person 0.15535708733810233 634.7120971679689 200.05543518066406 697.4766845703125 256.1063232421875 
Don't Care 0.15199114757847348 469.76696777343756 99.23688507080077 517.569580078125 122.36631011962889 
