Vehicle 1.0 760.6024968624115 178.46737056970596 830.9766554832458 252.78941541910172 
Vehicle 1.0 182.33033350110054 167.36623272299767 410.982258439064 319.2831873893738 
Vehicle 1.0 983.0976730585098 222.02733904123306 1240.2834903001785 373.8309144973755 
Vehicle 1.0 794.4222611188889 184.11657214164734 967.4806698560715 310.42130291461945 
Vehicle 1.0 438.49649423360825 175.98852887749672 548.5251953601837 249.14038181304932 
Vehicle 1.0 626.5718643665314 170.11137306690216 700.2877646684647 213.5574147105217 
Vehicle 0.322739648903137 700.3899536132812 167.1109619140625 732.3518676757812 194.86549377441406 
Vehicle 0.26453663297354624 730.0704345703125 162.94361877441406 767.5340576171875 187.69989013671875 
Person 0.21094497739767176 0.5683320164680481 297.38861083984375 51.93006896972656 374.16693115234375 
Vehicle 0.15966979275203996 988.2415161132812 147.71115112304688 1035.1407470703125 191.46084594726562 
