Vehicle 1.0 1011.6841814517975 178.48630249500275 1086.7086178064346 243.1560829281807 
Vehicle 1.0 0.9614541964838281 173.86369407176971 470.4024986028671 353.2722517848015 
Vehicle 1.0 641.1252193450928 180.19427731633186 754.2929338216782 249.07797574996948 
Vehicle 1.0 1076.6771743297577 192.99855083227158 1241.443302154541 337.1682018041611 
Vehicle 0.4783847253117177 773.6394653320312 170.91810607910156 838.233642578125 213.7988586425781 
Don't Care 0.40399835054400707 0.6481994986534119 195.41615295410153 61.890892028808594 253.85409545898438 
Vehicle 0.2970545981394791 825.85302734375 170.59295654296875 857.4827880859375 204.77952575683594 
Vehicle 0.22643341483354962 1062.8575439453125 164.94329833984375 1101.8287353515625 188.94276428222656 
Vehicle 0.22158806372501713 994.68115234375 171.64654541015625 1033.6427001953125 213.0226745605469 
Vehicle 0.22094150441908825 879.8355102539062 168.74441528320312 919.1728515625001 194.18174743652344 
Vehicle 0.21978925675928332 595.9237670898438 172.49334716796875 629.8289184570314 187.37074279785156 
Vehicle 0.1781237031996133 846.9924926757811 168.58226013183594 875.8834228515625 197.75135803222653 
Vehicle 0.17169840450658966 1141.8153076171875 5.164082050323486 1241.850341796875 197.33740234375 
