Vehicle 1.0 524.6634008288383 176.14921554923058 734.1079730987549 370.7108795642853 
Don't Care 0.4147020704394984 599.3562622070312 0.0 630.8987426757812 31.545734405517578 
Vehicle 0.3984290138207758 15.857690811157225 202.987060546875 112.1257095336914 235.95811462402344 
Vehicle 0.3506185097560933 173.75111389160156 193.4198760986328 243.4579315185547 221.77406311035156 
Don't Care 0.3481138247739992 732.8173217773438 88.41157531738281 753.00146484375 139.97247314453125 
Don't Care 0.29604359446716044 392.8876037597656 96.41204833984375 404.4281005859375 121.190673828125 
Don't Care 0.2846908249858759 933.1701660156249 84.7062759399414 954.7027587890625 138.37173461914062 
Vehicle 0.22910586090389873 422.3421936035156 180.3494873046875 460.9248962402343 202.3985595703125 
Vehicle 0.21554790969801035 376.8807373046875 182.6309814453125 415.9692077636719 205.52209472656247 
Person 0.18793101738029552 634.6532592773438 200.11907958984372 697.8140258789064 256.17523193359375 
