Car 0.6000000000000001 69.23 166.31 274.35 271.41 
Car 0.6000000000000001 456.29 173.09 501.5 213.77 
Car 0.6000000000000001 276.04 167.44 374.93 239.2 
Cyclist 0.6000000000000001 758.04 168.57 775.55 189.47 
Cyclist 0.6000000000000001 814.54 162.92 838.84 195.69 
DontCare 0.6000000000000001 687.97 148.22 737.69 197.38 
Car 0.6000000000000001 481.72 175.91 520.71 204.73 
Car 0.6000000000000001 528.62 173.09 562.5 200.2 
Car 0.6000000000000001 400.92 174.22 460.25 226.77 
Car 0.6000000000000001 368.71 179.3 420.7 228.46 
