Pedestrian 0.6000000000000001 520.08 164.19 556.22 256.11 
Cyclist 0.6000000000000001 100.56 155.55 206.61 329.96 
Pedestrian 0.6000000000000001 394.38 168.9 430.52 251.4 
Cyclist 0.6000000000000001 681.92 157.12 783.26 269.46 
Pedestrian 0.6000000000000001 348.81 153.98 366.1 194.04 
Pedestrian 0.6000000000000001 298.53 157.12 312.67 201.9 
Pedestrian 0.6000000000000001 328.39 156.33 342.53 200.33 
Cyclist 0.6000000000000001 213.69 157.12 289.11 198.76 
Car 0.6000000000000001 1157.22 186.97 1224.0 228.61 
Car 0.6000000000000001 1057.44 186.19 1151.72 229.4 
Car 0.6000000000000001 959.24 182.26 1059.02 226.26 
Car 0.6000000000000001 597.07 167.33 656.78 216.83 
