Car 0.6000000000000001 1.3 198.33 146.33 363.95 
Car 0.6000000000000001 641.5 177.46 725.68 239.0 
Car 0.6000000000000001 581.46 176.56 606.25 194.48 
Car 0.6000000000000001 296.7 177.56 442.77 232.77 
Car 0.6000000000000001 313.78 174.98 469.08 228.64 
Car 0.6000000000000001 569.28 175.09 592.09 191.26 
Van 0.6000000000000001 406.54 169.58 492.54 205.11 
Car 0.6000000000000001 393.11 178.2 473.73 213.17 
Pedestrian 0.6000000000000001 431.7 179.46 444.5 233.21 
Pedestrian 0.6000000000000001 419.71 182.74 434.64 235.9 
Pedestrian 0.6000000000000001 395.52 185.4 407.17 238.88 
Pedestrian 0.6000000000000001 406.57 184.83 417.92 237.98 
Car 0.6000000000000001 562.89 172.33 577.58 185.72 
