['Car'] 0.9308116976340326 75.43 192.52 273.65 277.52 76.32516479492188 193.61810302734375 269.19561767578125 274.93157958984375
['Car'] 0.8368765072644619 269.01 176.97 375.72 242.36 274.6956481933594 180.1815948486328 373.3759765625 239.35781860351562
['Car'] 0.7257930548458487 455.95 181.43 500.99 209.72 455.1763916015625 181.95802307128906 494.07196044921875 206.57943725585938
['Car'] 0.6845728429127332 480.03 181.4 517.92 205.67 488.69268798828125 180.11807250976562 516.963623046875 204.54519653320312
['Car'] 0.6638944642541348 387.31 178.52 455.56 221.43 405.7132263183594 180.9348907470703 454.8435974121094 220.5089111328125
['Car'] 0.628767936101099 346.6 186.7 419.98 229.04 368.3970947265625 187.57110595703125 420.9482421875 225.8949737548828
['Tram'] 0 694.04 152.62 734.19 188.24
['DontCare'] 0 532.46 177.22 558.68 194.04
['DontCare'] 0 654.37 171.38 663.83 177.6
['DontCare'] 0 642.14 171.49 649.84 176.74
['DontCare'] 0 759.56 166.69 772.1 186.52
['DontCare'] 0 814.77 163.56 832.52 193.81
