['Car'] 0.878464739240224 558.55 179.04 635.05 230.61 560.9513549804688 179.83367919921875 632.0385131835938 228.58560180664062
['Car'] 0.8696457655251182 1013.39 182.46 1241.0 374.0 1013.2619018554688 203.81544494628906 1240.384521484375 370.9210510253906
['Car'] 0.852036621228736 819.63 178.12 926.85 251.56 823.7556762695312 182.20916748046875 921.9137573242188 252.73423767089844
['Car'] 0.628112421003606 784.59 178.04 839.98 220.1 784.7760620117188 175.45333862304688 823.1248779296875 217.82275390625
['Car'] 0.5505298371969095 800.54 178.06 878.75 230.56 805.7529296875 181.92942810058594 853.8486938476562 233.5222625732422
['Pedestrian'] 0 354.43 185.52 549.52 294.49
['Car'] 0 859.54 159.8 879.68 221.4
['Car'] 0 598.3 178.68 652.25 218.17
['Car'] 0 663.74 175.36 707.21 204.15
['DontCare'] 0 737.69 163.56 790.86 197.98
['DontCare'] 0 135.6 185.44 196.06 202.15
['DontCare'] 0 796.02 162.52 862.73 183.4
['DontCare'] 0 879.35 165.65 931.48 182.36
['Car'] 0 369.31298828125 189.53013610839844 542.5735473632812 291.3576965332031
