['Car'] 0.9282811211700303 846.35 184.06 1241.0 374.0 860.3515014648438 188.2030029296875 1240.815185546875 371.0950622558594
['Car'] 0.9211767363933123 476.22 175.94 570.51 241.53 477.2818908691406 178.59898376464844 570.3020629882812 239.84376525878906
['Car'] 0.8946621882355451 0.0 192.19 334.16 374.0 0.5992640256881714 200.80062866210938 321.1800842285156 370.34906005859375
['Car'] 0.8576750609892029 311.03 166.77 473.94 282.46 319.9976806640625 171.05667114257812 467.2585754394531 280.8254699707031
['Car'] 0.8456821312787267 635.86 176.79 705.58 216.29 635.788330078125 173.1306610107422 706.2196655273438 213.6385955810547
['Car'] 0.7904776292385951 760.24 178.07 894.06 277.07 765.30810546875 184.2532958984375 888.4573364257812 269.29150390625
['Car'] 0 749.22 179.42 821.9 244.62
['Van'] 0 968.2 150.98 1045.59 197.64
['Van'] 0 906.67 152.6 973.7 193.83
['Truck'] 0 806.52 140.24 852.48 179.7
['DontCare'] 0 709.32 170.06 735.18 191.97
['DontCare'] 0 568.94 176.06 593.98 187.56
['DontCare'] 0 738.73 152.1 793.98 192.77
['DontCare'] 0 883.52 154.19 930.44 179.23
