['Car'] 0.934078823115163 427.15 179.96 600.34 281.01 431.2547607421875 182.76280212402344 598.6842651367188 280.3989562988281
['Car'] 0.8628197350796759 76.38 181.99 384.72 306.19 82.64350128173828 188.41622924804688 380.0999755859375 299.4993591308594
['Truck'] 0 671.83 174.3 702.61 195.46
['Car'] 0 0.0 73.11 444.03 270.73
['Car'] 0 704.82 171.69 744.06 200.12
['Car'] 0 478.81 182.19 515.67 207.52
['Tram'] 0 591.57 158.36 651.13 188.67
['DontCare'] 0 793.66 159.06 950.02 172.41
['DontCare'] 0 1026.4 159.19 1239.95 177.41
['Truck'] 0 0.9067328572273254 81.65361022949219 436.82763671875 259.8534851074219
['Car'] 0 1170.26220703125 155.86920166015625 1203.5223388671875 176.8540802001953
['Car'] 0 1137.369384765625 157.40408325195312 1172.7867431640625 179.34898376464844
