['Car'] 0.9435736436941872 599.12 182.07 667.54 247.13 596.3738403320312 182.2528533935547 666.573974609375 247.0084686279297
['Car'] 0.9133746157297165 452.35 183.18 509.3 222.21 450.244140625 183.84136962890625 507.61492919921875 221.90200805664062
['Car'] 0.9125382447159923 774.94 172.0 963.28 270.83 780.7258911132812 174.46316528320312 957.9812622070312 270.2890930175781
['Car'] 0.9009805906217045 71.71 187.44 194.72 239.44 72.22509002685547 186.29676818847656 197.4657440185547 242.532470703125
['Car'] 0.9002440349068186 527.28 181.12 563.95 206.6 527.4573974609375 181.2559356689453 560.9050903320312 206.40399169921875
['Car'] 0.8917471438283473 146.16 192.89 340.09 290.07 146.39163208007812 198.33335876464844 334.7616882324219 287.55120849609375
['Car'] 0.8362334346299817 705.57 179.11 802.71 228.95 705.6492919921875 181.28543090820312 791.4523315429688 228.47010803222656
['Car'] 0.7393787454656309 327.5 181.26 399.59 228.12 340.0636291503906 181.80462646484375 397.1266174316406 225.57595825195312
['Car'] 0.7043381624135614 410.89 183.43 465.31 213.35 411.38360595703125 183.9781494140625 451.87969970703125 212.29782104492188
['Car'] 0.41508163706763856 673.38 181.32 757.07 216.77 674.7815551757812 183.75830078125 713.27880859375 219.235107421875
['Car'] 0 241.74 191.35 355.4 242.41
['Car'] 0 581.09 180.64 609.45 196.67
['Car'] 0 486.69 184.25 533.31 204.92
['Car'] 0 87.38 185.27 204.23 220.99
['Car'] 0 648.79 178.98 673.89 194.56
