['Car'] 0.9259351594296901 444.29 171.04 504.95 225.82 444.3534240722656 172.4042510986328 506.0467224121094 224.0454864501953
['Pedestrian'] 0.8463247325486393 873.7 152.1 933.44 256.07 881.2943725585938 151.48826599121094 933.15087890625 258.5310363769531
['Pedestrian'] 0.83445269220138 240.35 190.31 268.02 261.61 242.03384399414062 193.0093231201172 269.6894836425781 259.9496765136719
['Pedestrian'] 0 883.68 144.15 937.35 259.01
['Car'] 0 649.28 168.1 664.61 206.4
['Pedestrian'] 0 0.0 217.12 85.92 374.0
['DontCare'] 0 0.0 226.06 88.58 373.0
['DontCare'] 0 567.39 173.95 574.86 190.6
['DontCare'] 0 727.58 165.75 737.08 192.75
['Car'] 0 1.1289501190185547 251.81622314453125 79.28192138671875 373.8161315917969
