['Car'] 0.8863874042912507 245.86 199.03 378.43 265.35 250.0352325439453 201.04318237304688 374.60601806640625 263.6032409667969
['Car'] 0.8471369355760632 383.87 166.42 639.19 310.56 391.77685546875 172.77577209472656 632.9545288085938 302.042236328125
['Car'] 0.7692666634275318 710.82 180.57 802.89 243.25 711.2142333984375 182.19540405273438 798.8379516601562 232.8597412109375
['Car'] 0.5441196135064266 624.74 177.5 695.15 239.15 634.1026000976562 181.05628967285156 690.968994140625 222.59051513671875
['Van'] 0 309.83 179.79 406.67 219.91
['Car'] 0 40.56 187.32 73.97 212.48
['DontCare'] 0 94.68 187.44 141.7 217.36
['DontCare'] 0 118.67 196.54 185.66 237.69
['DontCare'] 0 785.6 175.02 934.6 221.94
['Car'] 0 113.47625732421875 193.91476440429688 183.43472290039062 233.12161254882812
['Car'] 0 90.72586059570312 192.3900604248047 140.28640747070312 226.5092315673828
