['Car'] 0.9047903563517554 572.31 171.6 624.11 218.82 573.6080932617188 174.05311584472656 624.7569580078125 218.38938903808594
['Car'] 0.8971620744927381 0.0 190.67 171.41 313.27 0.04705009609460831 194.26068115234375 165.03465270996094 308.53436279296875
['Car'] 0.8096063176079753 428.19 180.81 498.01 226.24 427.86962890625 181.5568389892578 486.37225341796875 225.8917999267578
['Car'] 0.4473582772194054 193.59 181.29 294.71 229.39 193.77684020996094 180.93789672851562 241.31211853027344 227.2218017578125
['Car'] 0 214.99 165.2 423.55 292.98
['Van'] 0 296.94 182.19 393.12 231.61
['Car'] 0 481.87 153.05 537.09 207.74
['Car'] 0 522.27 176.55 552.71 202.38
['Car'] 0 0.0 185.88 180.39 253.13
['Truck'] 0 486.2059326171875 153.47731018066406 536.0464477539062 208.74337768554688
