['Car'] 0.9361612084298153 357.22 182.05 567.87 301.78 360.9149475097656 184.19859313964844 564.9766845703125 299.9039611816406
['Car'] 0.8576720721674435 0.0 183.03 326.6 330.77 1.2947899103164673 193.49729919433594 322.64556884765625 322.27960205078125
['Truck'] 0 669.49 174.52 700.47 196.1
['Car'] 0 22.54 78.5 452.12 265.67
['Car'] 0 701.01 171.82 742.42 201.29
['Car'] 0 483.32 182.25 518.76 207.09
['Tram'] 0 590.5 158.43 650.51 188.63
['DontCare'] 0 793.51 157.3 945.87 170.75
['DontCare'] 0 1028.4 157.2 1236.32 176.32
['DontCare'] 0 488.73 168.77 508.56 181.31
['Truck'] 0 20.141719818115234 86.19247436523438 444.71832275390625 226.13211059570312
['Car'] 0 1170.1561279296875 155.85299682617188 1203.7081298828125 176.6896514892578
['Car'] 0 1137.4969482421875 157.12380981445312 1172.7642822265625 179.25340270996094
