['Car'] 0.8998907916397926 776.17 182.37 1014.36 335.44 780.4497680664062 190.1466522216797 1007.7913818359375 334.4659729003906
['Car'] 0.8356203395338148 178.19 189.36 435.56 344.73 194.9197235107422 191.8976287841797 424.6019287109375 337.3787841796875
['Car'] 0.7875921686039986 494.77 173.81 531.54 199.22 495.9814758300781 176.9550323486328 532.7320556640625 200.4270782470703
['Car'] 0.722621455076574 711.6 180.21 863.08 273.6 717.6880493164062 182.2826385498047 829.8997192382812 273.8978576660156
['Van'] 0 340.65 150.97 489.14 274.11
['Van'] 0 709.49 176.89 777.81 234.26
['Car'] 0 119.13 141.28 368.15 230.69
['Van'] 0 725.15 164.18 806.31 219.41
['Van'] 0 611.72 163.22 643.8 197.13
['Car'] 0 780.93 147.56 917.34 199.48
['DontCare'] 0 557.59 163.85 594.35 192.56
['DontCare'] 0 655.44 147.1 696.74 182.92
