['Car'] 0.8736878621170998 783.79 184.68 1176.76 339.87 793.1405029296875 187.07806396484375 1161.9124755859375 331.5626525878906
['Car'] 0.8509251754427493 505.85 185.26 557.04 219.6 502.3062744140625 183.69935607910156 556.2066040039062 218.368408203125
['Car'] 0.5432439499544204 639.45 187.58 879.59 275.73 668.413818359375 164.1287384033203 909.1060791015625 295.8884582519531
['Van'] 0 661.39 160.21 1003.28 300.49
['Car'] 0 279.93 178.16 368.23 242.44
['DontCare'] 0 410.95 180.75 429.39 191.21
['DontCare'] 0 473.08 180.95 502.87 199.1
['DontCare'] 0 459.56 172.94 480.44 191.73
['DontCare'] 0 421.02 168.77 451.27 188.6
['Car'] 0 475.5302429199219 179.58445739746094 503.8164978027344 201.58877563476562
