['Car'] 0.9125173279283977 0.0 193.56 386.2 374.0 0.8282901048660278 203.0294952392578 379.9298400878906 370.7671813964844
['Truck'] 0 661.23 174.85 694.38 197.63
['Car'] 0 125.12 91.71 474.04 253.26
['Car'] 0 684.49 172.19 733.85 205.26
['Car'] 0 494.45 181.84 527.48 205.27
['Tram'] 0 587.32 158.63 648.66 188.51
['DontCare'] 0 529.35 171.9 573.14 197.98
['DontCare'] 0 1050.1 159.71 1073.88 173.33
['DontCare'] 0 487.69 163.56 518.98 178.19
['DontCare'] 0 824.36 160.32 841.17 170.97
['DontCare'] 0 842.73 159.93 859.71 172.64
['DontCare'] 0 888.2 158.1 921.87 174.23
['DontCare'] 0 927.1 158.96 965.27 174.02
['DontCare'] 0 1106.2 156.06 1139.19 174.02
['DontCare'] 0 1138.6 154.95 1172.76 176.06
['DontCare'] 0 1167.9 153.55 1204.83 179.88
['DontCare'] 0 1202.3 152.88 1239.99 175.18
['DontCare'] 0 861.75 157.83 888.3 174.13
['DontCare'] 0 795.08 159.6 814.98 170.05
['DontCare'] 0 1074.0 161.96 1089.47 175.46
['DontCare'] 0 1026.8 158.5 1044.54 174.01
['DontCare'] 0 969.98 154.19 1034.61 178.19
['Truck'] 0 126.05562591552734 96.95097351074219 468.56439208984375 229.75546264648438
['Car'] 0 1170.262939453125 155.8037567138672 1203.5526123046875 176.81033325195312
['Car'] 0 1137.327392578125 157.53173828125 1172.560302734375 179.252685546875
