['Car'] 0.9462495999442 553.16 178.73 693.67 311.88 553.83642578125 181.72828674316406 691.8023071289062 313.8194885253906
['Car'] 0.9424670723653973 286.23 196.48 337.13 220.85 286.6575622558594 196.5050811767578 337.994873046875 221.67333984375
['Car'] 0.8611343256852927 1154.43 178.14 1241.0 222.29 1151.961669921875 180.5946044921875 1241.34619140625 225.11183166503906
['Car'] 0.7262724761316373 1123.12 213.78 1241.0 374.0 1134.31640625 244.20700073242188 1241.08740234375 372.8592224121094
['Car'] 0 341.05 194.66 390.28 218.73
['Car'] 0 412.76 190.23 455.28 212.54
['Car'] 0 960.19 183.87 1104.42 229.69
['DontCare'] 0 161.65 196.9 204.4 214.65
['DontCare'] 0 434.56 181.27 484.6 195.9
['DontCare'] 0 960.5431518554688 184.62850952148438 1102.0450439453125 225.76971435546875
['DontCare'] 0 599.029296875 -0.03915433958172798 632.7578735351562 30.761098861694336
['Car'] 0 389.27630615234375 101.88758087158203 401.6235046386719 125.83287048339844
['DontCare'] 0 953.33447265625 81.1717758178711 976.67822265625 143.09820556640625
