['Car'] 0 523.41 194.53 550.65 219.39
['Van'] 0 572.15 185.81 606.45 219.24
['Tram'] 0 387.26 166.06 473.51 213.36
['DontCare'] 0 176.23 181.27 229.4 218.81
['DontCare'] 0 280.4 180.23 305.44 204.23
['DontCare'] 0 473.1 177.1 526.27 210.47
['DontCare'] 0 638.42 180.23 680.62 197.42
['DontCare'] 0 1014.1 194.46 1033.6 213.63
['DontCare'] 0 685.12 185.18 720.99 196.91
['DontCare'] 0 728.15 185.64 761.31 198.77
['DontCare'] 0 767.51 186.02 806.6 199.96
['DontCare'] 0 834.96 190.62 867.62 203.53
['DontCare'] 0 940.02 193.5 955.24 208.91
['DontCare'] 0 1053.5 194.11 1083.65 220.0
['DontCare'] 0 1105.0 195.8 1145.53 220.1
['DontCare'] 0 1202.8 191.24 1239.9 220.9
['DontCare'] 0 889.87 187.13 918.06 207.79
['DontCare'] 0 800.19 180.23 843.98 203.19
['DontCare'] 0 955.4 184.4 1009.61 221.94
['DontCare'] 0 1135.6 182.31 1203.35 228.19
['Car'] 0 1103.6053466796875 196.24525451660156 1150.2796630859375 222.6588134765625
['Car'] 0 185.2056121826172 189.15504455566406 224.14938354492188 215.41192626953125
['Car'] 0 1204.166259765625 194.25576782226562 1241.987060546875 226.4964141845703
['DontCare'] 0 387.69049072265625 163.9495391845703 471.08758544921875 215.68893432617188
