['Pedestrian'] 0 602.33 172.98 626.06 220.54
['Tram'] 0 301.17 131.62 451.59 213.2
['Tram'] 0 444.01 132.15 516.75 207.36
['Tram'] 0 505.05 128.5 738.57 201.9
['Person_sitting'] 0 982.81 215.76 1140.08 373.0
['Person_sitting'] 0 920.27 205.21 1000.88 352.07
['Person_sitting'] 0 763.61 198.98 823.39 287.61
['Person_sitting'] 0 800.11 197.33 863.04 285.9
['Person_sitting'] 0 738.19 201.8 796.13 277.35
['DontCare'] 0 846.3046264648438 260.9405517578125 901.5083618164062 351.4219055175781
['Pedestrian'] 0 1039.936767578125 229.06094360351562 1115.5340576171875 303.13226318359375
['DontCare'] 0 903.034423828125 287.4154052734375 994.9198608398438 373.01544189453125
['DontCare'] 0 477.1047058105469 205.18678283691406 533.8828735351562 239.4059295654297
