['Car'] 0.9252575892079853 595.5 177.15 657.31 227.34 593.8832397460938 177.9281768798828 657.40625 229.13418579101562
['Car'] 0.9168253360449139 305.23 179.59 494.97 263.68 306.1529235839844 178.64724731445312 485.8160400390625 265.6495056152344
['Car'] 0.8265206447269924 0.0 178.64 252.92 280.6 13.243151664733887 180.1693878173828 234.81546020507812 276.3641052246094
['Car'] 0.7916241099145478 753.34 185.35 885.42 263.59 757.7875366210938 182.96995544433594 869.2638549804688 260.6182556152344
['Car'] 0.7433594882957124 194.14 174.89 341.99 241.74 223.47093200683594 175.2851104736328 335.2552185058594 242.71978759765625
['Car'] 0.7478405252006383 984.43 188.05 1128.77 374.0 971.1633911132812 197.60719299316406 1109.14599609375 372.458984375
['Car'] 0.05871675443525441 0.0 170.48 111.64 240.66 0.17032435536384583 226.19480895996094 68.95368194580078 373.10858154296875
['Car'] 0.7429169264985517 823.97 189.33 1083.14 327.79 823.930908203125 191.47157287597656 1032.545654296875 319.3055114746094
['Van'] 0 410.09 176.18 514.77 228.78
['Pedestrian'] 0 435.96 173.6 537.84 218.33
['Pedestrian'] 0 473.64 171.53 556.16 203.86
['Car'] 0 515.19 156.84 585.71 193.55
['Car'] 0 719.83 169.31 816.44 238.11
['Car'] 0 693.57 173.32 709.9 209.83
['Car'] 0 776.77 170.97 882.28 211.7
['Car'] 0 603.49 171.71 639.3 204.36
['Van'] 0 287.85 175.62 379.41 228.84
['Car'] 0 881.73 155.07 1040.99 215.24
['DontCare'] 0 362.69 159.4 400.23 185.48
['Pedestrian'] 0 1080.7742919921875 241.81256103515625 1240.7703857421875 372.60015869140625
