['Cyclist'] 0 919.02 155.73 967.93 230.96
['Car'] 0 713.9 174.69 744.43 204.49
['DontCare'] 0 276.64 179.44 325.47 214.08
['DontCare'] 0 623.07 172.15 659.67 189.39
['DontCare'] 0 309.33 177.65 360.6 203.36
['DontCare'] 0 310.58 172.11 387.48 201.1
['DontCare'] 0 355.59 177.0 408.17 197.26
['DontCare'] 0 468.81 173.47 500.92 187.77
['DontCare'] 0 525.69 174.67 549.12 191.49
['DontCare'] 0 396.02 168.77 462.73 190.69
['DontCare'] 0 508.52 178.15 530.44 189.65
['Pedestrian'] 0 928.947509765625 160.419921875 956.1699829101562 228.51927185058594
['Car'] 0 308.3048400878906 181.9439697265625 358.2387390136719 211.90484619140625
