['Truck'] 0.8949748764972809 0.0 103.01 272.28 267.86 1.029693603515625 115.1224594116211 267.6507263183594 265.7904968261719
['Car'] 0.8763144715686819 595.95 175.74 627.85 206.45 593.3145141601562 176.4165802001953 628.6083374023438 206.78187561035156
['Car'] 0.8391948636631155 317.87 186.6 376.12 218.12 320.2052001953125 187.5287322998047 374.4784851074219 215.91830444335938
['Truck'] 0 666.32 163.48 724.23 194.63
['Car'] 0 426.78 182.03 458.71 202.32
['Misc'] 0 438.66 169.49 465.07 196.38
['DontCare'] 0 522.27 173.94 536.95 183.89
['DontCare'] 0 504.34 180.02 519.89 188.59
['DontCare'] 0 376.23 184.4 402.31 203.19
['DontCare'] 0 285.6 192.73 324.18 214.65
