['Pedestrian'] 0.8800560245527309 549.49 129.31 578.58 225.29 551.0249633789062 132.05931091308594 579.7308959960938 225.9779052734375
['Pedestrian'] 0.7665007816832887 592.18 142.3 623.62 224.85 588.3908081054688 146.76614379882812 620.5762939453125 224.80491638183594
['Pedestrian'] 0 660.51 145.73 706.89 262.13
['Pedestrian'] 0 654.37 147.3 678.72 222.86
['Cyclist'] 0 413.95 145.37 453.59 193.64
['DontCare'] 0 231.74 132.6 390.05 218.96
['DontCare'] 0 503.07 140.82 523.65 176.82
['DontCare'] 0 717.87 124.38 1222.0 171.69
['Truck'] 0 654.1276245117188 147.7813262939453 700.90478515625 261.8680114746094
['Pedestrian'] 0 0.8562089800834656 96.32685089111328 262.0946960449219 363.9032897949219
