['Pedestrian'] 0.8847319096729598 241.89 176.88 270.18 234.71 243.39950561523438 176.4778594970703 270.06109619140625 238.31021118164062
['Car'] 0.8678824391450449 333.28 177.65 489.6 277.55 339.03363037109375 180.69622802734375 484.21246337890625 274.0512390136719
['Pedestrian'] 0.826561238001132 210.6 172.77 242.54 244.3 212.1725311279297 169.73367309570312 244.449462890625 247.66844177246094
['Cyclist'] 0 1084.56 129.65 1195.82 213.78
['Cyclist'] 0 993.86 137.83 1070.27 203.41
['Cyclist'] 0 562.59 158.2 594.85 225.88
['Cyclist'] 0 790.12 154.43 834.52 194.72
['Pedestrian'] 0 402.59 157.37 427.24 234.07
['Pedestrian'] 0 858.79 151.31 887.58 197.13
['Cyclist'] 0 196.36 177.31 229.19 234.95
['Pedestrian'] 0 189.12 181.0 219.25 236.74
['Pedestrian'] 0 283.29 168.34 364.92 241.44
['Pedestrian'] 0 334.47 162.73 354.71 234.29
['Car'] 0 1137.36 137.54 1223.0 177.88
['Car'] 0 1028.25 151.61 1157.03 185.9
['DontCare'] 0 623.97 162.02 652.39 174.14
['DontCare'] 0 473.26 166.51 498.98 191.2
['DontCare'] 0 1088.7855224609375 162.19830322265625 1190.5042724609375 213.3715057373047
['Pedestrian'] 0 569.2781982421875 160.63233947753906 595.0569458007812 226.17337036132812
['DontCare'] 0 286.388671875 201.49349975585938 346.27581787109375 239.93719482421875
