['Truck'] 0.9041550017753852 198.79 150.14 271.46 234.67 196.43612670898438 152.45431518554688 271.84332275390625 237.85427856445312
['Car'] 0.8651958727154292 219.4 194.58 279.65 242.44 218.3146514892578 197.49449157714844 282.7121887207031 241.5251922607422
['Car'] 0.8029581655261127 319.23 192.29 406.17 238.46 326.78619384765625 194.82342529296875 401.9656982421875 239.41229248046875
['Car'] 0.4608743395252314 610.31 186.53 748.5 253.2 586.6709594726562 182.88104248046875 697.6957397460938 244.48190307617188
['Misc'] 0 1201.15 177.29 1241.0 360.68
['Cyclist'] 0 891.44 125.59 1231.34 319.09
['Car'] 0 676.37 210.41 1048.2 305.11
['Misc'] 0 656.98 173.08 892.62 262.76
['Misc'] 0 0.0 176.92 63.09 355.76
['Car'] 0 581.09 183.36 728.9 244.92
['Car'] 0 754.24 159.97 817.77 210.95
['DontCare'] 0 147.41 184.2 167.88 208.02
['DontCare'] 0 172.03 190.72 184.2 199.73
['DontCare'] 0 0.0 166.69 81.29 373.0
['DontCare'] 0 47.06 182.31 142.94 220.89
['Pedestrian'] 0 661.5208740234375 178.4242401123047 882.5301513671875 258.84619140625
['Car'] 0 0.9082376956939697 180.67929077148438 53.7840576171875 341.9737854003906
['Car'] 0 1197.9208984375 202.5015411376953 1241.2598876953125 338.52813720703125
