['Car'] 0.9328029948487526 526.48 173.25 570.3 203.47 524.848388671875 173.43238830566406 571.2682495117188 203.273193359375
['Car'] 0.9136408330300453 0.0 208.68 267.12 374.0 1.264351487159729 213.0168914794922 254.89601135253906 372.09259033203125
['Car'] 0.7057563050470609 170.35 187.87 405.54 313.74 222.2726593017578 189.76649475097656 396.16278076171875 309.91571044921875
['Car'] 0.4712319911280305 709.33 170.79 767.58 216.55 726.2950439453125 179.9812469482422 765.83740234375 226.7432098388672
['Car'] 0 748.38 163.3 893.8 265.27
['Car'] 0 724.84 176.54 802.29 229.29
['Car'] 0 702.15 170.78 747.12 206.15
['Car'] 0 591.95 170.23 614.45 187.15
['DontCare'] 0 618.33 167.8 648.86 177.87
['DontCare'] 0 659.56 165.65 671.06 180.28
['DontCare'] 0 682.48 167.73 712.73 193.81
