['Car'] 0.9235836092864524 0.0 197.78 273.61 374.0 0.5433484315872192 205.2673797607422 271.99261474609375 369.3168029785156
['Car'] 0.907221473282048 835.06 166.73 1241.0 374.0 840.4487915039062 179.47837829589844 1240.726318359375 370.1782531738281
['Car'] 0.831211798557755 726.07 154.71 916.86 306.71 725.6712036132812 163.4756317138672 905.4755859375 298.08587646484375
['Car'] 0.7133835226633942 428.14 178.08 495.67 225.49 441.3665466308594 179.76913452148438 496.4051208496094 222.2386016845703
['Car'] 0.6318070832311963 197.05 186.01 398.12 301.0 245.9953155517578 188.43048095703125 392.6125183105469 288.0643310546875
['Pedestrian'] 0 1199.3 108.54 1241.0 348.03
['Cyclist'] 0 36.57 165.55 248.54 374.0
['Pedestrian'] 0 688.52 153.34 806.1 252.85
['Pedestrian'] 0 678.28 170.36 747.97 231.25
['Pedestrian'] 0 656.08 160.85 672.41 199.98
['Car'] 0 661.72 162.97 676.05 200.69
['Car'] 0 530.82 167.68 560.49 197.37
['Car'] 0 605.72 167.06 616.06 191.92
['Car'] 0 337.15 176.21 452.69 252.15
['Pedestrian'] 0 367.5810546875 178.59707641601562 451.1971740722656 246.4842071533203
['Car'] 0 67.9713363647461 176.83238220214844 198.00634765625 371.15960693359375
['DontCare'] 0 63.88198471069336 276.6864929199219 221.3547821044922 373.91864013671875
['Car'] 0 686.4237670898438 161.55975341796875 769.7647705078125 245.42071533203125
