['Car'] 0.9262477397367511 738.48 169.58 918.26 253.0 741.7344970703125 172.1868438720703 913.9148559570312 253.1459197998047
['Car'] 0.8912486312339869 386.09 185.25 455.28 225.54 386.2463073730469 184.07337951660156 451.6101379394531 224.30902099609375
['Car'] 0.833719309113823 591.97 174.6 640.35 220.36 588.4110107421875 172.72470092773438 638.6677856445312 218.60398864746094
['Car'] 0.6379093996600592 1187.95 197.2 1241.0 374.0 1196.644287109375 236.98204040527344 1241.2681884765625 372.39349365234375
['Car'] 0.6253612340011876 682.09 169.25 770.32 211.71 686.8364868164062 173.1999053955078 764.4949951171875 225.05056762695312
['Car'] 0 684.2 174.95 809.64 227.09
['Van'] 0 651.9 164.11 736.33 204.26
['Car'] 0 646.27 173.34 712.42 199.45
['Car'] 0 393.82 175.82 444.37 206.32
['Van'] 0 536.11 160.96 566.4 188.56
['Car'] 0 425.76 175.42 465.53 200.91
['Car'] 0 490.26 176.93 516.06 192.21
['Car'] 0 372.76 177.51 404.38 199.68
['Car'] 0 135.31 178.56 175.28 203.7
