['Car'] 0.9411143199661394 327.61 183.69 399.92 214.87 328.83380126953125 183.40673828125 398.9833984375 215.57742309570312
['Car'] 0.8816915812240812 518.63 165.68 740.8 374.0 523.9069213867188 177.07839965820312 734.8941650390625 370.48748779296875
['Car'] 0.857334109890254 207.64 191.87 314.06 224.57 207.16673278808594 191.07740783691406 303.3382568359375 225.3856201171875
['Car'] 0.834872836647001 62.38 201.43 144.37 232.69 57.003910064697266 200.2454833984375 143.2122039794922 234.93348693847656
['Car'] 0 376.83 185.26 418.16 205.23
['Car'] 0 335.04 187.99 374.41 208.15
['Car'] 0 425.88 181.46 464.31 201.44
['DontCare'] 0 178.54 192.85 202.14 203.06
['DontCare'] 0 449.15 175.02 484.61 188.6
['DontCare'] 0 599.342041015625 -0.08867832273244858 630.9004516601562 31.600086212158203
['DontCare'] 0 732.8211669921875 88.47057342529297 753.038330078125 140.6616973876953
