['Car'] 0.8276259894433186 442.96 178.65 530.25 217.98 439.4026184082031 174.53378295898438 526.8555297851562 217.42959594726562
['Car'] 0.7023726398099968 205.19 186.62 358.07 240.66 207.87364196777344 181.66207885742188 322.9102783203125 240.82386779785156
['Car'] 0 208.95 180.57 327.36 223.32
['Car'] 0 459.14 174.29 520.51 205.65
['Van'] 0 565.54 170.8 601.35 195.62
['Car'] 0 576.15 174.56 629.6 202.46
['Car'] 0 711.82 173.54 737.26 190.13
['DontCare'] 0 834.85 161.8 934.71 172.94
['DontCare'] 0 986.25 164.28 1240.0 172.13
['DontCare'] 0 678.31 168.77 708.56 181.31
['DontCare'] 0 756.44 166.69 799.19 183.4
