['Car'] 0.9128555082748395 787.95 180.39 1089.82 304.56 788.3793334960938 184.11563110351562 1083.5081787109375 300.053955078125
['Car'] 0.7832265451192324 0.0 185.53 277.59 293.52 2.2973973751068115 186.37132263183594 238.07012939453125 285.9533996582031
['Car'] 0.3667590291139821 739.41 184.28 969.84 278.48 742.6785278320312 189.2620086669922 835.8443603515625 274.71240234375
['Car'] 0 66.66 176.24 291.52 264.62
['Car'] 0 110.15 170.05 328.1 253.25
['Car'] 0 202.62 166.48 363.01 245.21
['Car'] 0 242.3 169.32 366.22 224.23
['Car'] 0 453.46 178.57 492.92 204.2
['DontCare'] 0 1108.2 190.2 1169.52 221.86
['DontCare'] 0 388.78 177.5 401.22 189.66
['DontCare'] 0 431.17 178.54 453.42 192.4
