['Car'] 0.9320430973066145 53.08 185.99 265.42 288.46 54.734317779541016 185.87351989746094 258.0084533691406 285.8645324707031
['Car'] 0.8900705771800479 301.7 185.67 399.78 235.31 302.6851806640625 187.6690216064453 394.41802978515625 235.76026916503906
['Car'] 0.7864313528379638 385.9 175.79 451.78 221.27 391.341796875 178.59576416015625 448.9399108886719 219.5054931640625
['Car'] 0.6943661973289895 497.01 180.44 532.54 203.57 498.5126953125 179.5410614013672 542.2052612304688 202.3285369873047
['Car'] 0.5921067641674871 429.43 183.6 476.76 214.77 445.0445556640625 183.1305694580078 476.9139099121094 211.50192260742188
['Tram'] 0 703.52 154.24 740.35 188.71
['Car'] 0 451.47 178.0 500.72 211.1
['DontCare'] 0 552.71 176.66 576.75 191.53
['DontCare'] 0 760.6 161.48 773.14 184.44
['DontCare'] 0 810.6 163.56 820.02 187.56
