['Car'] 0.9176459886704342 709.94 180.29 757.95 209.18 709.5589599609375 180.91712951660156 755.9385375976562 209.58848571777344
['Car'] 0.5406133888962473 212.99 197.16 278.75 236.85 236.7792510986328 196.7493133544922 277.16680908203125 232.31874084472656
['Car'] 0.24065054055188606 122.2 177.68 204.03 230.69 158.69570922851562 190.53897094726562 246.2415008544922 248.17910766601562
['Van'] 0 159.15 189.27 249.65 250.26
['Misc'] 0 808.25 173.89 823.5 195.07
['DontCare'] 0 6.29 203.27 81.12 225.9
['DontCare'] 0 322.52 190.12 339.19 205.63
['DontCare'] 0 887.36 173.39 927.84 189.12
['DontCare'] 0 928.12 167.39 945.49 188.94
['DontCare'] 0 853.31 172.94 866.89 192.77
['DontCare'] 0 949.15 170.85 1000.23 195.89
