['Car'] 0.8885768329204607 581.95 178.78 636.65 223.24 579.6858520507812 177.87208557128906 635.4302368164062 221.64044189453125
['Car'] 0.731896006264953 0.0 189.63 164.89 374.0 0.573000967502594 198.8972625732422 129.2104034423828 371.8656311035156
['Car'] 0.7014738133760896 356.62 163.82 486.03 243.24 342.6048889160156 162.96144104003906 464.55914306640625 249.1865692138672
['Car'] 0 287.29 164.14 471.26 259.37
['Car'] 0 412.04 177.09 511.76 221.61
['Car'] 0 443.08 167.94 536.35 215.62
['Van'] 0 652.46 148.45 715.08 206.99
['Car'] 0 583.11 173.29 617.63 204.61
['Van'] 0 0.0 133.59 374.55 360.75
['Truck'] 0 0.0 116.14 226.71 235.61
['DontCare'] 0 536.4 173.07 575.86 186.84
['DontCare'] 0 649.3518676757812 150.8069610595703 713.4971923828125 210.4172821044922
