['Pedestrian'] 0.7530986173787763 501.19 157.16 553.53 255.59 508.9411315917969 162.1348114013672 556.793212890625 254.2238006591797
['Car'] 0.6913445534559264 960.87 180.9 1069.16 229.09 963.8619384765625 185.62155151367188 1066.3916015625 220.8092041015625
['Pedestrian'] 0.6438541396832419 396.31 166.22 429.98 255.71 404.2746887207031 169.69825744628906 434.5312805175781 256.6800842285156
['Pedestrian'] 0.6514752851098822 1034.19 183.18 1155.16 229.33 1054.4708251953125 186.50270080566406 1154.2122802734375 222.96731567382812
['Car'] 0 323.27 158.29 339.6 202.04
['Car'] 0 421.79 163.38 432.46 195.3
['Pedestrian'] 0 324.02 155.94 336.02 189.84
['Pedestrian'] 0 1097.59 183.53 1223.0 230.26
['Pedestrian'] 0 346.05 154.79 357.72 191.06
['Cyclist'] 0 676.76 152.81 784.3 270.01
['Cyclist'] 0 79.95 151.55 225.32 335.95
['Car'] 0 601.61 171.69 637.7 199.9
['Pedestrian'] 0 297.11 155.81 312.44 195.32
['Pedestrian'] 0 221.78 153.26 232.78 197.15
['Pedestrian'] 0 997.76 173.67 1017.76 210.16
['DontCare'] 0 572.25 170.61 584.14 178.68
['DontCare'] 0 462.91 174.66 485.4 195.01
['DontCare'] 0 691.87353515625 199.5881805419922 768.4053344726562 269.95587158203125
['DontCare'] 0 97.45726013183594 228.40184020996094 199.37139892578125 334.0971374511719
['Car'] 0 102.35248565673828 156.6244659423828 193.0884246826172 299.5795593261719
['Pedestrian'] 0 714.5904541015625 157.33554077148438 758.9705810546875 254.90040588378906
