['Car'] 0.882034237242624 570.81 182.88 644.9 253.6 568.7153930664062 185.1910400390625 646.6019897460938 256.7702331542969
['Car'] 0.8671956130119237 58.49 205.4 232.86 270.3 51.23746109008789 204.2224884033203 219.56288146972656 269.913330078125
['Car'] 0.42983954392923984 0.0 209.02 132.78 259.95 0.3656136989593506 215.0982208251953 66.43753814697266 261.9450378417969
['Car'] 0 307.61 195.31 361.42 227.03
['DontCare'] 0 377.45 191.4 453.56 203.51
['DontCare'] 0 218.94 194.81 313.77 232.35
['DontCare'] 0 518.94 176.06 524.19 192.77
['Car'] 0 208.8182830810547 202.11465454101562 274.1837158203125 240.17857360839844
['DontCare'] 0 1166.849853515625 53.58888244628906 1216.6138916015625 143.16322326660156
['DontCare'] 0 933.4711303710938 -0.20554539561271667 962.1105346679688 33.582027435302734
