['Car'] 0.8713973073534201 57.05 202.42 394.68 374.0 79.94058990478516 205.85296630859375 389.3565368652344 369.0007629394531
['Car'] 0.8643999024023385 814.15 164.79 997.27 262.07 816.2620849609375 170.7666778564453 985.594970703125 262.4956970214844
['Car'] 0.837766664698258 664.25 178.14 721.96 227.83 666.2606811523438 182.63658142089844 720.4105834960938 227.00209045410156
['Car'] 0.806399142806853 486.97 186.14 549.32 232.01 498.36480712890625 186.50047302246094 549.2529907226562 231.82135009765625
['Car'] 0.7719964467313094 346.63 185.82 485.85 278.21 370.3970947265625 189.266845703125 483.71197509765625 276.89727783203125
['Car'] 0.6422753371102398 455.26 186.71 532.19 243.46 470.8701477050781 192.1265411376953 526.38427734375 244.7417449951172
['Car'] 0.5087912485421282 0.0 210.49 119.82 374.0 0.21205994486808777 261.4221496582031 89.36084747314453 373.236572265625
['Car'] 0 785.76 164.26 985.11 229.86
['Car'] 0 679.78 180.23 745.05 220.33
['Car'] 0 716.11 175.23 783.6 212.42
['DontCare'] 0 528.31 185.44 570.02 209.44
