['Car'] 0.9311787012159185 455.9 171.22 499.06 205.38 456.63116455078125 172.5290985107422 498.8378601074219 205.72727966308594
['Car'] 0.8591025235859876 692.53 171.83 770.72 215.35 696.1881713867188 173.0398406982422 768.4183959960938 213.51290893554688
['Car'] 0.8382047296253419 318.14 182.8 401.33 229.76 315.3936462402344 183.70823669433594 392.5211181640625 229.137939453125
['Car'] 0.8177440849726839 37.15 187.2 172.25 237.32 25.52011489868164 188.3211212158203 161.71563720703125 236.44680786132812
['Car'] 0.1471456747373931 833.86 127.39 1087.03 223.36 930.6373901367188 148.2421417236328 1241.94970703125 364.3902587890625
['Van'] 0 1077.71 205.78 1241.0 374.0
['Van'] 0 924.07 136.19 1241.0 374.0
['Car'] 0 530.61 162.61 585.88 223.22
['Car'] 0 214.55 166.45 318.87 230.67
['Van'] 0 573.97 163.73 607.83 193.3
['Car'] 0 610.16 149.12 646.04 187.52
['Van'] 0 745.82 166.87 827.42 212.81
['Truck'] 0 1119.45 132.29 1241.0 202.96
['Misc'] 0 566.29 136.24 602.63 190.21
['Car'] 0 93.41 199.77 259.3 236.34
['Car'] 0 0.0 192.82 32.87 233.67
['Misc'] 0 0.0 191.0 79.64 233.33
['Misc'] 0 0.0 173.43 36.44 215.69
['Car'] 0 764.08251953125 166.61309814453125 828.0285034179688 212.69061279296875
