['Car'] 0.9185485660017068 812.76 184.44 1241.0 374.0 824.47314453125 190.62181091308594 1240.0255126953125 370.05810546875
['Car'] 0.8939540230869997 470.09 178.3 539.83 233.3 470.8478698730469 180.76783752441406 542.0150146484375 234.74969482421875
['Car'] 0.8152157045361854 733.06 182.54 934.34 317.95 732.8596801757812 183.83792114257812 908.4465942382812 310.64166259765625
['Car'] 0.7315460142730598 683.98 178.38 792.24 258.45 685.3352661132812 179.48748779296875 770.4540405273438 253.98712158203125
['Car'] 0 671.73 179.32 733.51 228.42
['Car'] 0 650.51 179.32 692.59 214.58
['Car'] 0 634.97 177.56 666.89 203.78
['Misc'] 0 627.47 154.29 664.8 198.6
['DontCare'] 0 579.44 175.79 595.04 188.1
['DontCare'] 0 557.36 176.74 575.12 190.17
