['Car'] 0.9374903513841418 879.4 188.21 1241.0 374.0 883.6612548828125 194.27584838867188 1240.923095703125 370.5671691894531
['Truck'] 0.9265910439426438 645.81 126.0 719.5 212.69 643.3016357421875 128.564208984375 719.9445190429688 211.9879150390625
['Car'] 0.9188594791580821 36.64 186.39 184.66 236.85 37.55602264404297 185.62060546875 177.9243621826172 235.9900665283203
['Car'] 0.8747735434021193 572.69 180.0 629.57 226.24 570.4783325195312 182.04241943359375 629.5233764648438 228.6720733642578
['Car'] 0.8692285079910174 522.61 180.67 568.7 213.54 523.39501953125 181.80064392089844 569.1814575195312 216.24876403808594
['Car'] 0.8398393741015423 190.44 194.5 462.47 367.42 214.27012634277344 201.85772705078125 460.4753112792969 362.31561279296875
['Car'] 0.7295531525945783 0.0 202.2 349.19 374.0 0.4049971103668213 239.83505249023438 334.0081481933594 371.02838134765625
['Car'] 0 71.1 197.25 289.22 323.84
['Car'] 0 177.22 188.88 351.51 278.84
['Car'] 0 328.15 182.33 449.42 236.88
['Car'] 0 360.75 176.72 472.46 228.91
['Car'] 0 416.16 180.46 496.27 214.65
['Car'] 0 456.27 174.77 530.41 203.38
['Pedestrian'] 0 661.54 180.74 728.15 230.43
['Car'] 0 747.5 166.38 761.5 215.2
['Car'] 0 588.43 176.0 624.41 208.84
['Car'] 0 279.93 178.43 340.47 208.27
['DontCare'] 0 533.52 161.48 562.73 184.44
['Car'] 0 661.8911743164062 182.53616333007812 727.0419311523438 233.04002380371094
