['Car'] 0.835533174035633 845.82 161.32 1004.89 210.46 850.3530883789062 163.3736572265625 995.396728515625 212.92279052734375
['Cyclist'] 0 0.0 200.41 303.17 369.0
['Pedestrian'] 0 991.61 147.14 1029.48 216.82
['Car'] 0 1213.3 130.53 1223.0 226.21
['DontCare'] 0 564.4 167.73 577.75 178.42
['DontCare'] 0 584.7 169.15 598.49 179.1
['DontCare'] 0 657.54 166.38 667.68 173.63
['Car'] 0 0.9227082133293152 227.88552856445312 286.5030517578125 364.6722106933594
['DontCare'] 0 986.2808227539062 41.66132736206055 1015.4808349609375 105.51875305175781
['DontCare'] 0 137.43746948242188 73.90229034423828 164.08737182617188 136.18646240234375
