['Car'] 0.9779164437627619 834.24 194.95 1241.0 374.0 833.580810546875 193.8117218017578 1240.5726318359375 371.6253356933594
['Car'] 0.9615432454592876 0.0 185.13 300.15 305.17 2.124957323074341 187.4336700439453 296.77435302734375 305.0120849609375
['Car'] 0.9128103025847779 680.54 183.22 743.9 228.01 679.900146484375 181.9996337890625 742.45703125 226.59219360351562
['Car'] 0.795880244205355 747.95 177.8 927.98 304.8 745.8158569335938 178.4111328125 904.62646484375 295.826904296875
['Car'] 0.731870908290894 192.6 180.33 398.55 256.63 241.31210327148438 181.94509887695312 398.9938659667969 255.23797607421875
['Car'] 0 255.73 181.54 454.81 249.04
['Car'] 0 289.99 178.65 458.88 238.11
['Car'] 0 370.11 181.69 493.41 233.01
['Van'] 0 395.47 172.1 500.54 224.67
['Van'] 0 642.53 163.18 675.06 197.73
['Car'] 0 486.03 176.27 553.64 199.12
['Car'] 0 504.07 171.83 565.27 197.31
['Van'] 0 633.96 162.72 657.54 190.92
['DontCare'] 0 554.35 165.65 643.98 186.53
