['Car'] 0.8746300308926022 657.19 166.33 702.65 198.71 656.4070434570312 168.4850616455078 703.5196533203125 199.75079345703125
['Car'] 0.8595352136221295 815.59 143.96 962.82 198.54 818.15673828125 145.08912658691406 958.1856079101562 194.41513061523438
['Car'] 0.8461229718441923 599.3 171.76 631.96 197.12 601.4618530273438 172.02432250976562 631.6275634765625 195.25625610351562
['Car'] 0.8271969759605309 346.64 175.63 449.93 248.9 349.75958251953125 180.1085968017578 440.9407043457031 248.76617431640625
['Car'] 0.8016643021382359 862.65 129.39 1241.0 304.96 886.36865234375 154.45904541015625 1240.74560546875 305.24859619140625
['Car'] 0 1184.97 141.54 1241.0 187.84
['Van'] 0 420.44 170.72 540.83 256.12
['Car'] 0 966.1 144.74 1039.76 182.96
['Car'] 0 1084.26 132.74 1173.25 177.89
['Car'] 0 1004.98 144.16 1087.13 178.96
['Car'] 0 407.73 178.44 487.07 230.28
['Car'] 0 557.79 165.74 591.61 181.27
