['Car'] 0.3658634354488109 398.89 175.33 492.56 214.08 427.1145324707031 172.68214416503906 466.8685302734375 226.04164123535156
['Car'] 0 258.45 164.94 438.13 248.04
['Car'] 0 321.99 171.43 472.77 230.26
['Car'] 0 804.72 152.49 871.5 197.29
['Car'] 0 857.19 161.47 917.02 193.08
['Car'] 0 374.76 175.04 495.42 216.99
['Car'] 0 404.63 167.36 515.88 208.73
['DontCare'] 0 526.28 166.88 574.62 183.67
['DontCare'] 0 751.84 160.06 779.52 175.17
['DontCare'] 0 641.85 162.52 685.64 180.27
['DontCare'] 0 911.65 153.15 972.11 176.11
['DontCare'] 0 616.85 159.4 629.39 182.36
