['Car'] 0.9297693000743814 175.97 194.37 259.89 227.15 176.90354919433594 193.21194458007812 258.3973388671875 226.83193969726562
['Car'] 0.8833642668147669 518.65 165.8 740.84 374.0 523.7471313476562 177.16641235351562 735.02099609375 370.5854797363281
['Car'] 0.8433195203535381 344.82 184.22 457.2 218.38 343.8020935058594 182.57919311523438 446.5670471191406 219.1500701904297
['Car'] 0.6125135711659274 426.64 178.59 498.57 210.48 449.2532043457031 179.48410034179688 498.08343505859375 208.2575225830078
['Car'] 0 376.56 185.33 418.02 205.3
['Car'] 0 334.95 187.99 374.32 208.15
['Car'] 0 425.71 181.46 464.15 201.44
['DontCare'] 0 124.15 196.9 160.65 215.69
['DontCare'] 0 599.3381958007812 -0.17139708995819092 630.9559936523438 31.566652297973633
['DontCare'] 0 732.7709350585938 88.59471130371094 753.0377807617188 140.3797607421875
