['Car'] 0.8963364216427877 757.12 163.22 900.55 206.77 761.3345336914062 164.3849334716797 897.4209594726562 208.1569366455078
['Car'] 0.8833347314554861 268.09 192.26 461.43 302.52 277.0887145996094 195.0105438232422 457.54962158203125 299.3580017089844
['Car'] 0.8210076283192538 45.83 205.78 291.36 323.21 60.36474609375 209.67662048339844 288.0721435546875 313.63360595703125
['Car'] 0.7095818324697816 415.1 189.07 501.07 247.4 436.4539489746094 189.8180389404297 500.6576843261719 245.23989868164062
['Car'] 0 640.02 176.66 683.6 212.96
['Car'] 0 745.3 153.19 865.1 203.08
['Van'] 0 992.9 136.02 1119.69 180.22
['DontCare'] 0 610.52 176.86 619.58 186.79
['DontCare'] 0 504.75 177.62 563.5 206.13
['DontCare'] 0 585.96 176.33 599.34 185.81
['DontCare'] 0 890.81 148.98 1014.81 180.27
['DontCare'] 0 679.35 166.69 724.18 187.56
['DontCare'] 0 717.9 172.94 801.27 196.94
