['Car'] 0.9517182773708687 353.01 183.81 448.54 243.22 354.2585754394531 183.71746826171875 446.5892333984375 242.39886474609375
['Car'] 0.902522606725278 837.5 168.67 1076.72 313.08 840.796630859375 170.89767456054688 1067.8348388671875 308.2240295410156
['Car'] 0.8833545806370847 164.4 191.99 311.09 253.28 165.21328735351562 189.51380920410156 304.8063659667969 251.0706787109375
['Car'] 0.8829931906583216 595.62 181.33 661.35 243.71 592.1940307617188 178.8304443359375 659.5015258789062 243.26324462890625
['Car'] 0.5048571253559269 677.52 180.56 771.35 220.77 678.5130615234375 181.8296661376953 727.8065795898438 221.36183166503906
['Car'] 0 715.76 178.58 827.33 237.3
['Car'] 0 484.19 180.78 533.53 213.19
['Car'] 0 280.37 180.38 367.24 233.95
['Car'] 0 555.46 180.3 589.04 199.34
['Car'] 0 388.4 182.18 449.36 214.91
['Car'] 0 471.91 183.21 521.83 205.3
['Car'] 0 0.0 188.86 116.94 251.89
['Car'] 0 11.83 184.92 151.34 225.56
['Car'] 0 660.8 176.86 685.15 191.86
