['Cyclist'] 0 902.26 132.03 1022.05 299.65
['Cyclist'] 0 760.59 163.39 784.48 220.28
['Pedestrian'] 0 783.62 168.5 801.18 211.35
['Pedestrian'] 0 803.94 167.82 818.66 210.65
['Misc'] 0 800.14 182.68 817.18 207.48
['Cyclist'] 0 720.38 170.9 731.76 201.34
['DontCare'] 0 1036.1 167.63 1225.84 182.13
['DontCare'] 0 1152.9 200.09 1239.96 225.15
['DontCare'] 0 654.35 166.69 780.43 181.31
['DontCare'] 0 840.81 172.94 916.89 200.06
['DontCare'] 0 587.69 175.02 633.57 183.4
['DontCare'] 0 482.48 176.06 505.44 187.56
['Pedestrian'] 0 920.716552734375 137.05967712402344 982.449462890625 279.77301025390625
['DontCare'] 0 928.2996826171875 202.05343627929688 987.4512329101562 293.08013916015625
