['Car'] 0.8734877721488229 562.18 178.55 594.26 206.23 560.14599609375 179.84202575683594 594.3988037109375 206.92550659179688
['Car'] 0 0.0 196.92 358.49 374.0
['Car'] 0 316.11 191.89 461.97 282.37
['Van'] 0 475.46 183.89 525.42 222.67
['Car'] 0 499.86 160.21 547.31 212.16
['Cyclist'] 0 979.93 140.54 1173.61 373.94
['Cyclist'] 0 1051.55 132.89 1241.0 332.88
['Car'] 0 537.61 179.82 561.21 200.59
['DontCare'] 0 0.5241139531135559 207.5878448486328 339.2951354980469 371.0792236328125
['Car'] 0 997.5180053710938 222.07424926757812 1140.1019287109375 357.0859680175781
['Pedestrian'] 0 327.1076965332031 193.3245849609375 458.5140075683594 278.87628173828125
['Car'] 0 1097.16748046875 134.57806396484375 1194.489013671875 291.42181396484375
['Pedestrian'] 0 475.3011474609375 187.566162109375 523.29736328125 222.34361267089844
['Car'] 0 1013.419921875 143.9923858642578 1125.2154541015625 313.7288818359375
