['Car'] 0.9418550160969635 0.0 216.97 387.72 374.0 0.7033478617668152 222.292724609375 385.5576171875 371.29351806640625
['Car'] 0.9057930564609687 723.32 176.8 1026.99 374.0 729.0023193359375 178.68789672851562 1023.3858642578125 362.94500732421875
['Car'] 0.6863399580403574 215.93 190.62 415.34 261.33 270.719482421875 188.8024139404297 413.1329040527344 259.8216552734375
['Van'] 0 639.56 184.91 673.91 211.49
['Car'] 0 441.36 172.76 539.87 212.34
['Car'] 0 380.88 187.77 500.81 231.78
['Car'] 0 357.17 184.91 480.64 235.1
['Car'] 0 0.0 194.28 332.43 303.55
['Truck'] 0 624.2 171.27 660.11 203.26
['DontCare'] 0 602.82 179.26 618.51 192.1
['DontCare'] 0 546.83 178.71 580.25 195.64
['Car'] 0 640.1720581054688 185.47506713867188 675.1080322265625 210.51197814941406
