['Car'] 0.8906941004007595 405.67 186.33 516.16 266.0 411.45220947265625 187.54571533203125 516.6377563476562 262.7315368652344
['Car'] 0.8784148756841974 761.3 175.99 1116.88 374.0 763.29248046875 181.6458740234375 1088.379638671875 371.8957214355469
['Car'] 0.7880075576694995 664.82 178.8 742.05 237.1 658.394775390625 179.78945922851562 735.1294555664062 234.1681671142578
['Car'] 0.7588246241804166 718.78 171.95 863.66 299.07 719.8175048828125 175.98529052734375 842.7845458984375 289.6367492675781
['Car'] 0.6984541869971267 955.63 192.0 1241.0 374.0 959.9389038085938 243.22694396972656 1240.6322021484375 372.46356201171875
['Car'] 0 589.39 176.3 613.97 199.68
['Car'] 0 639.38 178.03 675.93 209.91
['Car'] 0 654.65 176.84 711.32 224.76
['Car'] 0 347.45 185.84 425.72 214.38
['Car'] 0 243.48 186.4 331.56 216.19
['Car'] 0 627.58 177.72 652.34 198.47
['Pedestrian'] 0 828.67 154.74 867.0 261.18
['DontCare'] 0 496.02 176.06 535.64 195.89
