['Car'] 0.8625308422400126 277.11 180.84 412.58 232.04 278.17681884765625 183.44297790527344 406.40576171875 234.29110717773438
['Car'] 0.6484831688202733 334.05 182.0 443.19 222.67 368.0660705566406 182.17752075195312 441.1515197753906 221.56207275390625
['Cyclist'] 0 1114.48 134.65 1231.81 254.34
['Cyclist'] 0 982.01 151.07 1043.36 231.53
['Cyclist'] 0 937.35 161.73 957.52 221.18
['Car'] 0 872.38 162.78 902.54 184.24
['DontCare'] 0 592.17 174.8 610.22 189.67
['DontCare'] 0 544.98 167.73 588.77 186.52
['DontCare'] 0 759.56 162.52 856.48 186.52
['DontCare'] 0 1042.9 153.15 1123.15 186.53
['DontCare'] 0 1135.5821533203125 187.45286560058594 1211.693115234375 251.6944122314453
['Pedestrian'] 0 1136.8759765625 139.91192626953125 1191.5640869140625 242.65786743164062
['Pedestrian'] 0 933.2111206054688 165.54603576660156 956.9901123046875 215.81068420410156
['Car'] 0 1036.5067138671875 156.8171844482422 1111.6077880859375 182.64266967773438
