['Car'] 0.891062946306369 0.0 183.99 421.32 374.0 0.7914599776268005 197.23667907714844 414.1930236816406 369.79058837890625
['Car'] 0.8565615611256429 513.85 182.74 563.17 223.35 516.3548583984375 183.52020263671875 561.4613647460938 221.55450439453125
['Car'] 0.8245289240702784 730.11 191.65 1000.19 374.0 729.1954345703125 198.15672302246094 979.0978393554688 361.74163818359375
['Car'] 0.7885172186976944 685.04 181.86 806.7 271.17 687.7949829101562 184.54673767089844 791.7819213867188 266.9378356933594
['Car'] 0.7593790278185069 307.67 188.31 487.75 335.88 336.0848388671875 189.132568359375 488.11279296875 322.4312744140625
['Car'] 0.6256288379068667 410.78 188.92 522.89 272.41 447.19866943359375 190.3376007080078 523.0048828125 267.7770080566406
['Car'] 0.6145358689557042 656.44 183.23 735.82 245.57 657.0623168945312 186.75888061523438 712.75244140625 241.36570739746094
['Car'] 0.590548344792283 948.87 191.74 1241.0 374.0 978.5704345703125 252.4481201171875 1239.992431640625 372.7246398925781
['Car'] 0 539.66 172.6 581.58 214.11
['Car'] 0 561.47 175.94 598.84 209.67
['DontCare'] 0 607.88 180.95 652.35 199.64
