['Car'] 0.8656201364462813 380.94 190.96 499.06 277.0 388.6290283203125 193.7157745361328 497.8961181640625 274.2279968261719
['Car'] 0.8506850855940719 27.82 201.43 299.81 344.53 39.94724655151367 208.9956817626953 296.6482849121094 337.97906494140625
['Car'] 0.8212512967652803 1109.86 152.35 1241.0 254.2 1120.2783203125 158.2972412109375 1241.22509765625 260.14678955078125
['Car'] 0.38620103950589346 782.25 178.85 898.46 277.33 847.5712280273438 179.81663513183594 906.1172485351562 288.5699462890625
['Car'] 0.288776224376127 497.8 182.98 547.03 225.38 464.1201477050781 172.80044555664062 533.2496337890625 239.6410675048828
['Cyclist'] 0 226.87 195.63 385.02 287.64
['Cyclist'] 0 814.99 177.33 943.25 293.34
['Car'] 0 548.97 182.69 568.89 200.98
['Car'] 0 632.82 178.59 724.49 214.71
['Car'] 0 612.81 177.29 676.27 203.8
['Van'] 0 452.62 172.39 532.56 244.12
['Pedestrian'] 0 272.4940490722656 199.091064453125 380.4363098144531 280.40301513671875
['DontCare'] 0 819.8068237304688 223.88302612304688 938.9158325195312 286.57305908203125
