['Car'] 0.9624960132221646 818.02 184.92 1241.0 374.0 820.453125 183.06918334960938 1243.5299072265625 370.8302307128906
['Car'] 0.931058684380478 568.86 181.02 626.19 227.73 567.0593872070312 181.72679138183594 626.0592041015625 228.83966064453125
['Car'] 0.9180728485903643 0.0 198.33 400.94 374.0 0.7472549080848694 207.62855529785156 398.4398193359375 370.2233581542969
['Car'] 0.901848577552058 653.87 179.35 715.48 225.48 654.4568481445312 181.4025421142578 715.3693237304688 227.69631958007812
['Car'] 0.8830647951883135 522.62 180.83 566.78 212.11 523.6881103515625 180.79966735839844 569.0508422851562 213.71202087402344
['Car'] 0.791039850864094 269.26 192.99 478.9 331.41 301.91351318359375 197.13107299804688 477.0350341796875 328.2096862792969
['Car'] 0 133.71 193.8 327.83 299.58
['Car'] 0 217.74 186.79 377.32 265.99
['Car'] 0 341.28 182.24 455.26 232.72
['Car'] 0 371.8 177.0 477.29 225.87
['Car'] 0 421.83 180.51 497.71 213.06
['Car'] 0 457.86 175.01 529.62 202.59
['Truck'] 0 639.24 127.63 709.44 209.85
['Pedestrian'] 0 736.96 167.21 752.96 213.24
['Car'] 0 71.39 185.16 205.32 232.0
['Car'] 0 584.95 176.28 621.09 209.27
['Car'] 0 290.86 177.87 347.79 206.42
['DontCare'] 0 530.4 168.77 558.57 185.48
