['Car'] 0.929185476560217 686.55 185.67 795.16 256.9 686.4190063476562 188.04774475097656 792.503173828125 255.97129821777344
['Car'] 0.9107659485185761 0.0 194.0 170.36 358.84 0.7766206860542297 203.8133087158203 168.168701171875 361.2930603027344
['Car'] 0.8490834480036649 645.4 182.47 708.98 225.99 649.80810546875 182.29254150390625 706.0281982421875 224.4102783203125
['Car'] 0.7849722129335559 83.8 191.17 370.06 285.66 139.55653381347656 190.4052276611328 372.3441467285156 284.6166687011719
['Car'] 0.5716717480488008 285.14 186.73 443.22 246.81 307.74017333984375 191.00888061523438 411.2591247558594 243.45745849609375
['Car'] 0.5604472434944023 406.42 185.53 515.89 223.49 440.2279357910156 181.73854064941406 513.1793823242188 219.5792694091797
['Car'] 0 224.52 190.75 413.86 257.73
['Car'] 0 428.17 175.37 501.76 212.31
['Car'] 0 628.8 175.58 654.21 199.23
['DontCare'] 0 520.31 171.14 625.69 204.23
