['Pedestrian'] 0.4815012884023653 720.07 187.86 743.07 227.98 717.7315673828125 184.88381958007812 744.0635986328125 257.6629638671875
['Cyclist'] 0 881.58 181.87 932.51 271.98
['Cyclist'] 0 261.66 172.81 509.99 369.0
['Cyclist'] 0 704.95 184.39 747.3 262.3
['Pedestrian'] 0 315.87 175.41 331.54 224.89
['Cyclist'] 0 334.73 179.46 351.4 222.24
['Pedestrian'] 0 667.48 182.64 702.07 221.2
['Pedestrian'] 0 466.95 177.08 482.95 222.79
['Pedestrian'] 0 456.74 181.39 475.08 219.98
['Pedestrian'] 0 699.55 179.62 712.88 219.24
['DontCare'] 0 751.79 191.18 776.48 225.12
['DontCare'] 0 933.71 194.26 949.15 219.98
['DontCare'] 0 969.68 192.21 992.32 223.07
['DontCare'] 0 817.07 185.09 878.49 211.99
['DontCare'] 0 314.07489013671875 277.7969970703125 474.3374938964844 369.2541809082031
['DontCare'] 0 327.154052734375 181.5247039794922 457.0580749511719 367.4501953125
['Pedestrian'] 0 117.37757873535156 209.37521362304688 275.2021179199219 307.91021728515625
['DontCare'] 0 472.2021179199219 212.55201721191406 564.422607421875 289.20843505859375
