['Pedestrian'] 0.8706676583299083 743.45 148.2 810.11 271.45 740.5758666992188 154.5934600830078 807.35400390625 271.8267822265625
['Car'] 0.8549182164881153 0.0 193.02 354.35 369.0 0.8929898738861084 208.39163208007812 342.03436279296875 364.66534423828125
['Pedestrian'] 0.5613869996905353 418.77 156.32 504.9 285.15 449.8514099121094 149.42575073242188 509.9217224121094 293.0677185058594
['Cyclist'] 0 1171.5 136.49 1223.0 187.95
['Pedestrian'] 0 429.58 147.53 495.58 294.57
['Cyclist'] 0 967.23 147.27 1000.75 211.93
['Pedestrian'] 0 100.51 175.68 123.01 269.38
['Pedestrian'] 0 80.49 181.86 116.16 272.96
['Cyclist'] 0 425.2 162.05 540.25 273.36
['Pedestrian'] 0 0.0 166.38 38.42 283.86
['Car'] 0 1199.35 151.65 1223.0 195.91
['Car'] 0 452.52 168.47 485.07 192.21
['DontCare'] 0 627.45 165.31 658.27 173.1
['DontCare'] 0 429.2864074707031 202.2924346923828 538.6305541992188 279.0227966308594
