['Pedestrian'] 0.7132405045363056 349.68 175.39 405.91 303.67 355.45245361328125 178.3854522705078 397.1415100097656 301.79278564453125
['Pedestrian'] 0.6893095806488371 6.77 161.04 229.28 374.0 27.701934814453125 170.48265075683594 190.57281494140625 371.03070068359375
['Pedestrian'] 0.4345899593748024 1157.58 134.43 1241.0 374.0 1200.9669189453125 151.30178833007812 1242.2984619140625 371.3554382324219
['Pedestrian'] 0 1060.72 121.83 1241.0 374.0
['DontCare'] 0 423.1 166.69 461.68 233.4
['DontCare'] 0 475.19 171.9 491.9 210.48
['DontCare'] 0 509.56 175.02 533.56 202.15
['DontCare'] 0 607.48 170.85 625.23 220.89
['DontCare'] 0 627.27 167.73 638.77 197.98
['DontCare'] 0 1098.986572265625 138.07125854492188 1195.118408203125 372.51116943359375
['Pedestrian'] 0 129.26783752441406 221.05015563964844 192.01748657226562 372.9632873535156
['Pedestrian'] 0 444.97998046875 175.87217712402344 463.2525939941406 230.43568420410156
