['Car'] 0.9209781031280702 100.05 188.89 276.08 273.57 96.85438537597656 191.56924438476562 272.2969970703125 274.5277099609375
['Car'] 0.9106115910712351 242.95 181.37 326.77 223.59 243.92898559570312 181.67909240722656 322.9842529296875 224.85037231445312
['Car'] 0.8846422946192676 572.57 174.58 622.77 220.34 573.5342407226562 176.8414306640625 624.3258056640625 221.4451904296875
['Car'] 0.049011489719392155 492.87 157.47 541.63 206.75 450.2422180175781 183.50779724121094 501.7555236816406 222.66883850097656
['Car'] 0 315.05 170.86 457.84 265.27
['Van'] 0 337.86 181.63 416.87 224.41
['Car'] 0 449.36 181.41 508.49 221.08
['Car'] 0 526.46 176.89 554.38 200.81
['Misc'] 0 0.0 132.86 92.86 319.54
['Car'] 0 0.43773114681243896 155.56851196289062 75.10176849365234 316.12109375
