['Car'] 0.9348276583403088 725.19 176.13 817.42 215.67 727.1422729492188 177.00550842285156 815.7198486328125 215.49273681640625
['Car'] 0.8668155651716462 0.0 166.63 163.63 358.89 1.2016717195510864 170.56500244140625 150.45803833007812 365.37579345703125
['Car'] 0.8627731175498151 625.58 176.88 663.91 203.47 629.3472290039062 176.1403045654297 663.7008666992188 203.11471557617188
['Car'] 0.831528791039136 925.17 184.37 1241.0 374.0 939.8416748046875 205.27923583984375 1239.8387451171875 371.2840576171875
['Car'] 0.635886777329553 98.12 181.89 340.85 276.69 124.50579833984375 187.18032836914062 344.55389404296875 309.0058288574219
['Car'] 0 0.0 179.79 350.52 306.88
['Van'] 0 276.07 174.38 418.72 237.11
['Car'] 0 311.39 179.05 446.33 230.94
['Car'] 0 340.18 162.16 485.31 225.09
['DontCare'] 0 481.69 165.99 539.57 193.36
['DontCare'] 0 539.86 169.6 575.39 179.44
['DontCare'] 0 588.83 166.73 620.47 190.55
