['Car'] 0.8870923735959257 801.6 200.59 1241.0 374.0 801.3340454101562 217.248779296875 1238.70263671875 371.97149658203125
['Car'] 0.8688193278274192 596.74 180.16 620.3 202.58 595.475341796875 179.43588256835938 620.09619140625 201.47482299804688
['Car'] 0.8617260641047503 681.86 183.32 754.16 240.31 682.090576171875 184.71104431152344 750.1820068359375 236.85617065429688
['Car'] 0.8418332415091603 726.87 184.13 914.98 309.8 726.0736694335938 186.0088653564453 900.1705932617188 301.2885437011719
['Car'] 0 551.09 182.5 578.03 204.99
['Car'] 0 660.71 177.78 722.96 228.57
['Car'] 0 642.41 176.32 679.49 205.83
['Car'] 0 434.52 183.89 485.99 203.35
['Car'] 0 362.94 185.24 420.82 205.55
['Pedestrian'] 0 722.95 167.93 739.56 215.24
