['Car'] 0.8989727880196803 785.07 200.33 1094.71 374.0 787.8019409179688 210.2322235107422 1086.2691650390625 372.201171875
['Car'] 0.8550250940101755 720.78 175.82 861.11 229.83 721.5171508789062 176.87869262695312 845.6777954101562 230.71585083007812
['Car'] 0.7928236650387883 93.42 179.73 346.66 288.36 129.3905029296875 183.33193969726562 343.0183410644531 285.42608642578125
['Car'] 0.5988632708373026 433.34 176.51 525.97 214.93 434.7423095703125 182.9780731201172 504.72967529296875 217.43447875976562
['Van'] 0 0.0 166.52 221.62 361.38
['Car'] 0 813.32 192.57 1044.32 264.76
['Misc'] 0 795.64 181.82 964.19 254.6
['Car'] 0 344.93 199.16 438.04 244.35
['Van'] 0 294.24 159.48 452.46 239.89
['Car'] 0 637.45 161.81 689.57 215.14
['Car'] 0 390.82 182.82 500.66 219.34
['Van'] 0 625.12 164.87 657.83 203.03
['Van'] 0 506.05 168.1 565.12 197.11
['DontCare'] 0 574.11 175.46 618.69 188.8
['Car'] 0 1.3614252805709839 181.2709503173828 221.98809814453125 370.3926086425781
['Car'] 0 0.8901941776275635 294.87445068359375 56.61996841430664 373.2760314941406
['Truck'] 0 637.654052734375 160.28631591796875 689.1851196289062 217.11981201171875
