['Car'] 0.9621683905439549 32.99 185.54 350.25 285.1 28.908449172973633 185.104736328125 350.2240295410156 282.9716491699219
['Car'] 0.9073650595204724 792.08 191.36 1069.66 363.02 791.648193359375 190.37413024902344 1058.430908203125 354.82135009765625
['Car'] 0.8830060471471626 679.74 183.29 737.71 224.72 678.5930786132812 182.81817626953125 734.0272827148438 223.53076171875
['Car'] 0.7725284029896549 734.41 177.49 878.59 283.02 731.787841796875 178.48687744140625 856.7261962890625 276.2025146484375
['Car'] 0.6864086968610733 247.35 180.16 425.97 247.3 295.949951171875 182.72097778320312 426.2281494140625 246.1190643310547
['Car'] 0.6267801115095487 393.68 181.0 506.18 228.03 393.5416564941406 180.2769012451172 474.86077880859375 237.07041931152344
['Car'] 0.40229199898890833 495.79 177.31 560.64 199.28 473.9324951171875 176.7484130859375 549.0350341796875 212.07159423828125
['Car'] 0.09146726428793471 295.85 180.98 472.61 241.34 447.50048828125 177.54627990722656 506.68310546875 226.19784545898438
['Van'] 0 323.62 178.69 475.86 232.65
['Van'] 0 416.89 173.69 513.59 222.36
['Car'] 0 645.33 164.11 676.49 197.37
['DontCare'] 0 547.34 165.08 589.95 186.36
['DontCare'] 0 614.01 174.26 633.94 181.84
['DontCare'] 0 0.0 244.81 106.29 373.0
['DontCare'] 0 600.19 175.02 609.61 185.48
['Car'] 0 0.496465265750885 279.2801513671875 80.92756652832031 372.9033203125
