['Car'] 0.931118218424329 394.98 185.44 483.98 240.67 396.3357849121094 185.71499633789062 481.748046875 242.1405029296875
['Car'] 0.8906130325489696 573.22 174.08 611.54 209.01 572.3215942382812 175.0658416748047 611.7308959960938 211.16702270507812
['Car'] 0.8831284192046002 148.83 190.03 391.12 315.88 152.23387145996094 188.2465362548828 384.90106201171875 307.3434143066406
['Car'] 0.8557055865122538 334.51 181.23 406.12 221.77 338.1205139160156 180.64515686035156 400.9898681640625 222.38504028320312
['Car'] 0.8409300833884681 56.79 179.27 215.8 248.04 57.33174514770508 179.38638305664062 194.94786071777344 246.20755004882812
['Car'] 0.7026423018870656 0.0 179.63 106.98 310.05 0.6789959669113159 193.69908142089844 91.8588638305664 301.2173156738281
['Car'] 0 185.38 186.02 331.59 251.55
['Misc'] 0 435.92 178.89 497.2 220.45
['Van'] 0 489.1 163.31 534.53 211.33
['Van'] 0 498.42 159.11 543.39 204.81
['Car'] 0 540.51 167.65 561.3 191.56
['Truck'] 0 493.21044921875 159.12022399902344 545.5479736328125 210.1957550048828
