['Car'] 0.7165522244951081 885.76 146.58 1008.93 186.77 891.1073608398438 151.38328552246094 1005.5433959960938 192.89732360839844
['Car'] 0 524.9 173.82 559.59 200.39
['Cyclist'] 0 627.13 171.95 654.71 198.36
['Cyclist'] 0 574.86 172.28 601.55 199.1
['Pedestrian'] 0 575.59 172.75 590.83 199.4
['Pedestrian'] 0 455.65 174.92 470.37 204.12
['DontCare'] 0 808.57 164.77 853.05 180.31
['DontCare'] 0 391.04 179.88 415.73 215.88
['DontCare'] 0 713.76 166.51 732.29 186.07
['DontCare'] 0 860.74 159.32 903.93 178.88
