['Car'] 0.9498164309399356 694.73 180.25 827.33 269.28 695.9581298828125 182.23878479003906 826.3209838867188 268.2521057128906
['Car'] 0.8811179801762041 0.0 198.95 259.41 349.93 0.5460823774337769 201.0879364013672 254.8765869140625 336.7760314941406
['Car'] 0.6431088574258166 98.5 194.11 375.17 276.94 140.2028350830078 192.26443481445312 356.3081970214844 297.8471374511719
['Car'] 0 25.48 192.11 361.15 303.68
['Car'] 0 232.08 183.45 405.87 257.15
['Car'] 0 380.79 179.88 498.29 225.41
['Car'] 0 661.78 173.37 709.12 212.04
['Car'] 0 408.91 180.24 508.06 213.66
['Van'] 0 636.2 161.66 657.03 185.33
['DontCare'] 0 507.33 171.56 570.39 195.2
['DontCare'] 0 561.68 165.35 619.05 180.08
['DontCare'] 0 625.19 169.81 640.86 180.27
