['Car'] 0.8960030421908205 550.26 175.17 644.51 244.53 552.2633666992188 176.82643127441406 640.577392578125 243.15036010742188
['Car'] 0.8546749962745027 613.46 180.93 789.58 289.35 619.0703125 184.19244384765625 782.2718505859375 284.1912536621094
['Car'] 0.816023727739594 790.84 179.16 1010.03 371.7 793.5845947265625 180.12367248535156 1001.6292724609375 345.6579284667969
['Car'] 0.6893448328773305 215.39 183.89 325.08 263.42 240.43609619140625 183.1998291015625 321.0799255371094 258.9356384277344
['Car'] 0.3404819051240269 275.06 191.43 339.86 242.11 312.6001281738281 188.60609436035156 346.4187927246094 237.4080810546875
['Van'] 0 429.44 170.31 465.77 209.34
['Cyclist'] 0 504.42 174.25 561.08 274.38
['Van'] 0 107.38 194.33 285.97 295.88
['Car'] 0 524.12 179.11 600.18 231.15
['Car'] 0 502.96 182.68 553.93 219.83
['DontCare'] 0 316.85 172.94 418.97 194.86
['DontCare'] 0 465.81 173.98 514.81 204.23
['Car'] 0 114.5423583984375 198.07369995117188 282.6681823730469 293.1522521972656
['Car'] 0 429.0840759277344 172.1159210205078 465.8055419921875 210.57728576660156
['Pedestrian'] 0 509.4244384765625 178.18490600585938 547.9874267578125 270.1025085449219
