['Pedestrian'] 0.8139240474964946 207.75 163.51 279.62 351.47 211.1336212158203 166.63418579101562 275.67608642578125 336.9878234863281
['Pedestrian'] 0.641937728779762 552.07 162.7 590.96 261.25 547.9769287109375 168.30331420898438 582.1255493164062 258.0033264160156
['Pedestrian'] 0.6416467281325444 873.74 148.51 972.01 363.01 871.4083862304688 161.7662811279297 946.41162109375 351.7924499511719
['Pedestrian'] 0.5901167635164257 959.8 150.99 997.67 249.56 952.0695190429688 158.35728454589844 988.9735717773438 247.86009216308594
['Pedestrian'] 0.5848460845531055 783.35 160.83 847.33 363.62 774.0057983398438 173.72341918945312 829.7564697265625 359.0629577636719
['Pedestrian'] 0.5243216694645233 1149.4 139.14 1214.56 266.37 1135.6036376953125 148.62612915039062 1194.71826171875 262.7613830566406
['Pedestrian'] 0.5154872274526733 1002.39 152.63 1061.97 273.62 995.0476684570312 164.98870849609375 1042.4683837890625 267.37432861328125
['Pedestrian'] 0.4936062285703241 725.98 160.19 755.81 238.67 719.5311889648438 166.21603393554688 745.1449584960938 238.85845947265625
['Pedestrian'] 0 513.68 172.69 534.53 228.33
['Misc'] 0 498.94 194.47 527.91 230.14
['Pedestrian'] 0 494.35 169.93 515.37 226.38
['Car'] 0 558.66 166.6 584.6 192.66
['Car'] 0 457.4 159.47 528.48 220.94
['Van'] 0 498.21 163.2 546.54 209.31
['DontCare'] 0 685.51 173.51 729.18 223.42
['DontCare'] 0 141.13 172.48 215.97 325.24
