['Pedestrian'] 0.7879893385636898 238.55 159.27 285.88 299.17 233.2244415283203 162.85391235351562 281.93975830078125 295.9799499511719
['Van'] 0 800.69 122.95 1237.0 373.0
['Tram'] 0 343.03 136.35 541.9 195.65
['Person_sitting'] 0 406.54 191.34 472.86 296.28
['Person_sitting'] 0 356.06 192.07 425.06 295.16
['Person_sitting'] 0 393.84 191.47 446.81 282.87
['Person_sitting'] 0 431.58 185.13 472.21 261.72
['Pedestrian'] 0 229.92 158.26 287.45 287.0
['DontCare'] 0 665.77 174.55 734.38 221.34
['Car'] 0 808.717529296875 137.09580993652344 1216.5028076171875 369.4871826171875
['DontCare'] 0 369.8188171386719 230.50611877441406 418.0014953613281 299.4608154296875
['DontCare'] 0 419.8974609375 230.68968200683594 463.90460205078125 298.4776306152344
