['Car'] 0.9094020593150542 625.8 161.48 716.57 221.18 625.1885375976562 163.41036987304688 716.1065063476562 224.2862548828125
['Car'] 0.898835497675655 857.81 160.13 1103.62 255.03 859.5040283203125 164.65782165527344 1096.88623046875 257.30438232421875
['Car'] 0.8915719128393101 545.95 165.55 596.8 196.12 548.1541748046875 164.34983825683594 596.4114379882812 196.99514770507812
['Car'] 0.7400346784638201 1125.07 156.83 1241.0 252.2 1138.938720703125 166.4914093017578 1241.096435546875 259.59954833984375
['Car'] 0 499.45 161.17 555.23 184.79
['Cyclist'] 0 434.06 164.68 453.28 210.68
['Car'] 0 589.35 158.97 648.08 184.28
['Car'] 0 686.07 157.45 725.7 176.98
['DontCare'] 0 710.6 151.06 822.1 171.94
['Pedestrian'] 0 433.4836730957031 159.44589233398438 455.2056884765625 209.58412170410156
