['Car'] 0.8856680490802384 672.36 178.56 847.01 246.29 670.0775756835938 181.6347198486328 842.2178344726562 244.0562744140625
['Car'] 0.5719429705650988 631.63 175.39 726.45 214.82 631.1232299804688 177.71571350097656 689.9418334960938 214.5699005126953
['Car'] 0.7135823219676255 472.71 185.62 539.91 241.81 487.8214416503906 186.79379272460938 540.5037841796875 238.94654846191406
['Car'] 0.27286933515172335 0.0 206.72 159.58 374.0 2.0768041610717773 153.30712890625 432.4609069824219 369.9722900390625
['Van'] 0 370.99 185.7 504.41 287.4
['Car'] 0 505.28 161.67 561.22 220.17
['Car'] 0 658.58 179.47 798.55 228.1
['Van'] 0 541.59 172.44 577.96 206.14
['Misc'] 0 843.16 196.43 990.8 280.95
['Misc'] 0 815.52 194.46 909.41 265.13
['Van'] 0 0.0 128.7 437.78 374.0
['DontCare'] 0 610.6 178.15 641.89 202.15
['Car'] 0 422.0037536621094 189.3580780029297 503.9696350097656 279.37115478515625
['Truck'] 0 508.7487487792969 162.7466583251953 559.5906982421875 218.631103515625
