['Car'] 0.8937064874337114 532.15 178.61 570.19 213.4 532.2726440429688 179.25631713867188 573.6056518554688 213.1800079345703
['Car'] 0.8571020764649342 756.68 184.51 1183.5 374.0 770.210205078125 194.22584533691406 1163.881591796875 370.3138427734375
['Car'] 0.8565262330872828 0.0 189.2 358.69 374.0 1.552258014678955 205.51344299316406 347.6177978515625 369.5737609863281
['Car'] 0.8379794375731877 658.94 178.33 734.47 232.89 662.0694580078125 181.85153198242188 730.0223999023438 232.66969299316406
['Car'] 0.7786779214516641 202.44 187.74 489.44 360.05 233.2334747314453 192.4658203125 489.7267150878906 342.89727783203125
['Pedestrian'] 0.1784592586152923 310.31 169.04 346.65 285.51 311.7728576660156 171.80430603027344 340.9590759277344 197.68406677246094
['Pedestrian'] 0 350.21 186.59 496.65 281.86
['Car'] 0 356.71 171.27 375.91 262.18
['Car'] 0 640.97 178.24 686.49 214.17
['Pedestrian'] 0 358.58 173.8 381.52 267.13
['Car'] 0 629.66 175.32 656.15 202.35
['DontCare'] 0 563.73 181.27 591.9 202.15
['DontCare'] 0 609.56 178.15 635.64 193.82
['Car'] 0 388.3387145996094 189.81845092773438 482.994384765625 246.96144104003906
['Pedestrian'] 0 1005.5693969726562 94.16445922851562 1092.8480224609375 239.95228576660156
