['Car'] 0.9340117214418621 215.03 191.89 299.47 225.14 215.53305053710938 190.58348083496094 298.13299560546875 224.85801696777344
['Car'] 0.8827782008748226 389.63 182.0 501.47 216.43 388.8662414550781 180.44525146484375 493.8833923339844 216.6761932373047
['Car'] 0.8815157152021222 518.66 165.84 740.86 374.0 523.7025756835938 177.6280517578125 735.1030883789062 370.49835205078125
['Car'] 0 376.47 185.35 417.98 205.32
['Car'] 0 459.1 176.96 530.48 209.13
['Car'] 0 334.92 187.99 374.3 208.15
['Car'] 0 425.66 181.46 464.09 201.44
['DontCare'] 0 171.06 189.65 204.61 203.73
['DontCare'] 0 155.4 190.65 196.07 209.44
['DontCare'] 0 599.33251953125 -0.15232647955417633 630.9307861328125 31.540550231933594
['DontCare'] 0 732.7799682617188 88.47010040283203 753.0439453125 140.2003173828125
