['Car'] 0.8942910639883962 194.88 194.11 296.73 249.49 198.3163299560547 195.11627197265625 295.69830322265625 246.9144287109375
['Car'] 0.8242670766438831 390.63 183.7 448.79 221.23 393.5543212890625 182.32037353515625 451.9436950683594 219.14260864257812
['Van'] 0 507.13 171.54 542.16 202.47
['Car'] 0 437.13 163.03 484.34 199.67
['Car'] 0 316.48 187.17 383.87 224.45
['Cyclist'] 0 304.66 176.71 344.97 239.28
['Pedestrian'] 0 471.28 177.82 479.61 200.71
['Car'] 0 1048.06 144.3 1241.0 246.77
['Car'] 0 290.01 181.53 352.91 200.92
['DontCare'] 0 534.56 173.98 571.06 197.98
['DontCare'] 0 984.56 157.31 1011.68 177.14
['DontCare'] 0 975.3451538085938 5.492096424102783 1018.091064453125 88.73941040039062
