['Car'] 0.9351480207384573 0.0 198.06 315.45 374.0 1.0842087268829346 200.49053955078125 303.4458312988281 372.14251708984375
['Car'] 0.9322656238353706 439.68 178.5 506.26 224.68 441.1207580566406 178.4672088623047 503.5024719238281 224.47999572753906
['Car'] 0.8606976432044252 792.64 191.19 1168.05 374.0 799.8006591796875 196.53172302246094 1137.4674072265625 371.4632568359375
['Car'] 0.754051441651462 740.84 180.92 907.08 293.77 742.5132446289062 184.1708221435547 871.6630249023438 293.70367431640625
['Car'] 0.7372955035388407 671.59 176.6 761.98 244.46 677.4754638671875 177.387939453125 750.24658203125 239.53445434570312
['Car'] 0.5533709504521903 204.87 180.64 357.39 236.47 255.952880859375 176.5290985107422 352.08380126953125 231.9319610595703
['Car'] 0 663.28 176.97 722.17 226.75
['Car'] 0 471.92 169.79 523.92 213.5
['Car'] 0 501.64 173.59 542.48 209.17
['Van'] 0 631.74 151.77 674.91 198.34
['Car'] 0 534.35 176.46 556.33 190.61
['DontCare'] 0 557.48 169.81 603.36 192.77
['DontCare'] 0 611.65 171.9 633.57 188.61
