['Car'] 0.8982066884421797 432.08 171.21 549.68 251.14 434.0787658691406 177.42018127441406 548.8496704101562 250.98355102539062
['Car'] 0.8819418047757644 623.7 171.8 703.33 216.31 626.0239868164062 169.45980834960938 701.178955078125 215.45655822753906
['Car'] 0.859477827473549 167.9 162.91 421.8 327.79 183.76808166503906 164.7286834716797 412.8390808105469 321.7994079589844
['Car'] 0.8166043994959872 782.31 172.8 979.41 307.01 786.8452758789062 181.71058654785156 970.10302734375 299.5853576660156
['Car'] 0.7372686010970356 757.95 174.3 850.33 254.04 758.9737548828125 178.26023864746094 832.4605102539062 252.16473388671875
['Car'] 0.728518908328366 967.57 190.81 1241.0 374.0 988.1631469726562 228.33541870117188 1240.9246826171875 372.7056884765625
['Van'] 0 983.41 149.52 1071.91 200.65
['Van'] 0 917.62 150.1 994.26 195.26
['Truck'] 0 807.22 140.4 852.2 180.49
['DontCare'] 0 700.69 161.88 756.75 191.09
['DontCare'] 0 739.77 153.15 789.81 181.32
['DontCare'] 0 550.19 172.94 573.15 187.56
['Car'] 0 700.3899536132812 167.1109619140625 732.3518676757812 194.86549377441406
