['Pedestrian'] 0.9331775188145424 94.96 162.19 191.3 373.0 97.33735656738281 167.7068328857422 191.11488342285156 369.8054504394531
['Pedestrian'] 0.8768548339562205 25.04 170.46 100.04 373.0 20.55477523803711 181.34854125976562 99.72406768798828 369.6120300292969
['Pedestrian'] 0.7363298621965046 631.97 152.85 663.64 229.73 633.4034423828125 162.1949462890625 660.533935546875 228.27587890625
['Car'] 0.7254977377134226 133.34 182.71 364.05 323.19 166.8465576171875 183.84225463867188 356.4134826660156 307.8801574707031
['Pedestrian'] 0.47897996995422437 482.16 166.58 496.5 214.51 475.89324951171875 169.1481475830078 492.6802673339844 212.9342041015625
['Cyclist'] 0 364.05 155.72 433.37 281.3
['Pedestrian'] 0 494.52 164.1 513.19 213.87
['Pedestrian'] 0 357.09 164.18 379.09 219.03
['DontCare'] 0 437.21 165.2 459.07 197.44
['DontCare'] 0 374.00079345703125 163.6935272216797 424.1612243652344 258.0298767089844
['Pedestrian'] 0 382.4486999511719 206.0048828125 417.8840026855469 280.6899108886719
