['Car'] 0.9085420202355957 292.15 189.96 484.12 322.95 296.3845520019531 193.97393798828125 480.32098388671875 320.0781555175781
['Car'] 0.8865095853689235 689.39 178.57 803.99 260.29 689.9664916992188 181.26641845703125 802.9160766601562 254.7705535888672
['Car'] 0.8739081432094794 511.78 178.47 559.9 219.89 510.3276672363281 177.03614807128906 558.6295166015625 218.01202392578125
['Car'] 0.743117467461318 401.3 182.7 514.28 264.31 417.9591064453125 185.1221466064453 513.109130859375 257.13226318359375
['Car'] 0.458054139038802 673.48 179.23 753.32 235.62 671.7388305664062 179.82022094726562 716.1077880859375 229.12046813964844
['Van'] 0 651.2 165.07 701.06 213.87
['Car'] 0 538.51 173.44 574.49 203.22
['Car'] 0 634.32 170.98 660.39 193.7
['DontCare'] 0 581.53 172.88 592.21 181.56
['DontCare'] 0 597.12 171.13 605.1 177.65
['DontCare'] 0 613.73 166.69 643.98 185.48
