['Car'] 0.9482465698758549 600.98 176.25 681.74 249.58 600.5494384765625 178.26063537597656 680.7166137695312 249.05047607421875
['Car'] 0.8020906454931576 55.73 186.55 215.48 246.54 56.92060470581055 186.6288604736328 186.87696838378906 245.77761840820312
['Car'] 0.5205839390001467 0.0 190.99 78.19 316.3 1.2533777952194214 228.82095336914062 65.1314926147461 308.67108154296875
['DontCare'] 0.04244684546315296 166.19 168.18 236.21 208.96 144.9625244140625 189.163330078125 395.6712646484375 313.5594177246094
['Car'] 0.013826784911172486 520.57 142.31 562.39 197.56 351.25860595703125 91.75645446777344 527.4248046875 236.2737579345703
['Misc'] 0 134.68 189.01 400.73 326.51
['Misc'] 0 346.57 88.62 523.9 249.51
['Van'] 0 219.94 163.87 322.4 220.63
['Car'] 0 658.49 183.52 692.09 209.23
['Car'] 0 717.36 182.56 748.23 199.28
['DontCare'] 0 0.0 184.89 90.91 317.58
['DontCare'] 0 522.7950439453125 140.1816864013672 567.1795654296875 196.87416076660156
