['Car'] 0.7299837714360996 165.23 179.69 347.58 257.32 181.67507934570312 183.0498809814453 321.66082763671875 257.93878173828125
['Car'] 0.645741695551517 0.0 176.73 66.12 327.35 0.9078084230422974 205.57029724121094 57.80113220214844 318.6053161621094
['Car'] 0.5899834091284006 295.74 180.98 380.71 228.13 326.7996826171875 181.19818115234375 384.1143493652344 230.26441955566406
['Car'] 0 0.0 187.07 218.35 304.23
['Car'] 0 105.62 180.32 321.84 265.59
['Car'] 0 324.45 179.79 436.66 223.8
['Car'] 0 449.49 179.36 491.05 210.2
['DontCare'] 0 486.88 173.72 528.68 198.93
['DontCare'] 0 593.01 174.34 617.71 188.59
['DontCare'] 0 651.33 172.36 673.66 195.31
['DontCare'] 0 680.11 171.22 698.6 184.98
['DontCare'] 0 814.66 157.06 890.77 175.92
['DontCare'] 0 892.9 146.42 1034.89 171.72
['DontCare'] 0 998.05 152.76 1170.26 182.17
['DontCare'] 0 1118.0 145.81 1239.91 185.15
