['Car'] 0.9019340245809008 0.0 189.5 173.94 320.78 1.656319499015808 196.3512725830078 168.72592163085938 319.6263732910156
['Car'] 0.739804414731086 132.95 179.9 329.0 263.42 135.2317657470703 185.2314453125 292.82489013671875 265.2070617675781
['Car'] 0 56.81 179.93 297.36 273.18
['Car'] 0 277.32 182.85 366.69 232.75
['Car'] 0 308.32 180.48 426.66 226.72
['Car'] 0 442.05 180.08 485.37 211.98
['Car'] 0 456.52 180.87 497.08 207.88
['DontCare'] 0 491.36 179.05 524.06 202.73
['DontCare'] 0 588.35 170.97 613.24 191.88
['DontCare'] 0 646.2 170.55 674.24 195.14
['DontCare'] 0 681.86 173.02 697.02 186.2
['DontCare'] 0 808.17 154.17 926.01 176.85
['DontCare'] 0 925.5 147.16 1238.66 183.08
['Car'] 0 650.1381225585938 173.910888671875 674.8670043945312 195.7906494140625
