['Car'] 0.7995106924903584 437.83 172.24 471.58 199.6 437.5596618652344 174.3590545654297 470.8917236328125 203.0066680908203
['Car'] 0.7981094808938143 902.39 157.2 1063.73 205.46 907.9466552734375 161.1958770751953 1055.709228515625 208.2267608642578
['Cyclist'] 0 0.0 201.41 303.97 369.0
['Car'] 0 991.71 147.34 1029.65 217.33
['Misc'] 0 380.98 169.3 402.17 200.67
['Car'] 0 247.46 175.43 324.61 214.58
['DontCare'] 0 409.82 166.08 442.58 187.13
['DontCare'] 0 879.24 155.21 904.96 193.27
['DontCare'] 0 0.8597182035446167 227.74256896972656 286.4981689453125 364.70758056640625
['DontCare'] 0 249.68838500976562 178.1981201171875 323.28399658203125 220.30023193359375
['Car'] 0 986.457275390625 41.74616622924805 1015.1777954101562 105.55375671386719
['Car'] 0 137.8579864501953 73.7784194946289 164.385986328125 136.1239013671875
