['Car'] 0.9228538388508416 114.24 188.62 315.52 261.44 117.5650405883789 190.56674194335938 311.3250427246094 260.37713623046875
['Car'] 0.6335257127047077 288.17 178.84 413.51 229.31 289.23138427734375 182.2351531982422 381.4754943847656 235.0382080078125
['Car'] 0.5856710246298203 377.37 180.5 467.81 215.95 394.8887023925781 175.57032775878906 453.0444030761719 216.4196319580078
['Car'] 0 245.22 181.77 386.03 240.02
['Car'] 0 344.9 176.38 456.86 220.47
['Car'] 0 411.56 179.21 477.95 210.81
['Car'] 0 428.83 182.27 499.2 207.1
['Car'] 0 442.33 174.7 503.94 202.7
['Car'] 0 455.86 175.66 517.73 200.78
['Car'] 0 467.39 176.5 526.31 199.3
['DontCare'] 0 535.37 174.02 563.12 189.79
['DontCare'] 0 615.86 177.63 632.67 190.62
['DontCare'] 0 639.11 172.12 654.85 182.72
['DontCare'] 0 767.87 162.47 940.83 180.24
['DontCare'] 0 973.64 155.58 1076.98 172.11
['DontCare'] 0 665.81 173.98 696.06 182.35
['DontCare'] 0 969.98 146.9 1011.69 224.03
['Pedestrian'] 0 345.2552185058594 178.2362823486328 411.6075134277344 224.82994079589844
['Car'] 0 974.5807495117188 153.20675659179688 1008.3369140625 218.98123168945312
