['Car'] 0.9653858372832304 455.11 187.46 552.0 256.65 456.9428405761719 187.04428100585938 552.1997680664062 256.0843505859375
['Car'] 0.9153459220676468 588.54 175.38 639.37 216.74 586.3264770507812 175.76693725585938 639.6085205078125 218.1002197265625
['Truck'] 0.9118414402831247 685.31 69.82 866.78 253.44 689.346435546875 74.61732482910156 869.560546875 248.34097290039062
['Car'] 0.9070003690181697 0.0 177.11 267.66 342.47 1.5844918489456177 179.3290252685547 252.4324188232422 339.3625183105469
['Car'] 0.880350516292126 777.98 193.67 1108.47 374.0 784.472412109375 198.36672973632812 1088.9478759765625 370.684326171875
['Car'] 0.8114154286957146 653.12 172.87 698.79 209.4 652.5778198242188 174.3397979736328 693.2681884765625 210.5653076171875
['Car'] 0.6777812768517292 498.82 180.98 573.83 235.69 511.0049133300781 176.69412231445312 570.1597290039062 230.90518188476562
['Car'] 0.24792218131323207 876.05 158.29 923.05 273.15 878.739990234375 164.6527099609375 916.1694946289062 200.4102783203125
['Pedestrian'] 0.7693674880657204 258.28 182.96 411.21 252.17 275.69512939453125 179.35107421875 407.1446533203125 247.68588256835938
['Car'] 0 393.2 171.2 503.41 217.02
['Truck'] 0 626.64 139.59 668.29 194.21
['Car'] 0 286.95 176.44 352.29 206.4
['Car'] 0 582.32 173.28 616.64 204.6
['Car'] 0 66.48 179.17 194.54 229.71
['DontCare'] 0 515.81 163.56 563.77 190.69
