['Car'] 0.9168515064091837 692.31 187.1 810.1 263.47 694.3201904296875 188.08010864257812 804.605224609375 262.8649597167969
['Car'] 0.9125344494745696 0.0 181.22 308.74 327.01 1.8758772611618042 187.5449981689453 304.7398376464844 323.16455078125
['Car'] 0.7614962123368267 553.91 178.08 587.07 204.48 552.7193603515625 172.90908813476562 587.6668701171875 203.37158203125
['Car'] 0.7271285342654531 671.49 182.01 732.7 224.36 673.1131591796875 181.0437774658203 719.2401733398438 223.57569885253906
['Car'] 0 480.13 175.51 548.19 199.83
['Car'] 0 646.81 172.34 680.64 201.74
['Car'] 0 335.73 175.76 493.04 232.86
['Car'] 0 228.87 162.42 443.3 253.48
['DontCare'] 0 605.31 171.03 617.69 183.8
['DontCare'] 0 629.35 173.98 658.56 189.65
