['Car'] 0.934489125030997 541.75 178.07 619.77 243.03 540.750244140625 180.28280639648438 619.5863647460938 244.24122619628906
['Car'] 0.9085717453172337 86.85 193.98 287.9 295.95 88.61175537109375 190.8341827392578 281.8191223144531 293.2459716796875
['Car'] 0.9064915815421785 446.5 180.26 502.06 231.81 443.50335693359375 181.3977813720703 501.6775207519531 232.72744750976562
['Car'] 0.9064380983657034 250.73 185.67 353.31 242.13 255.37205505371094 185.61422729492188 351.8925476074219 240.11094665527344
['Car'] 0.7737764436773681 0.0 164.16 96.07 272.14 0.9598190188407898 168.59414672851562 87.15410614013672 261.71954345703125
['Car'] 0.7128331993816764 349.56 183.91 401.96 218.31 343.6024475097656 182.63507080078125 393.4874267578125 219.28736877441406
['Car'] 0.3940252875098784 0.0 206.32 92.31 361.15 1.070841908454895 253.60610961914062 58.80416488647461 351.1502990722656
['Van'] 0 508.52 182.69 530.26 200.4
['Car'] 0 142.94 186.08 260.39 238.86
['Van'] 0 225.36 170.66 305.76 220.45
['Car'] 0 379.97 183.36 419.63 210.15
['Van'] 0 412.0 167.78 441.9 202.17
['Misc'] 0 457.49 161.72 492.73 202.91
