['Car'] 0.8861453115613346 1067.59 187.01 1241.0 374.0 1084.7021484375 186.25547790527344 1240.5791015625 372.01690673828125
['Car'] 0.8854094810683726 594.51 174.51 638.61 216.22 590.7302856445312 173.79718017578125 638.2589721679688 215.56275939941406
['Car'] 0.8766481859651859 838.52 163.91 1111.22 356.67 841.3381958007812 162.3206024169922 1106.1151123046875 339.3426208496094
['Car'] 0.8268102455873699 461.34 181.95 503.86 210.95 460.90399169921875 179.50674438476562 500.4859924316406 210.29779052734375
['Car'] 0.4071376297203403 728.04 166.95 903.14 255.35 773.82470703125 180.9409637451172 867.1215209960938 272.2017517089844
['Car'] 0 763.86 173.53 985.22 284.59
['Car'] 0 721.62 175.3 850.4 238.46
['Car'] 0 696.96 174.28 821.96 224.09
['Car'] 0 525.35 177.56 546.43 192.2
['Car'] 0 667.67 172.26 754.59 206.74
['Car'] 0 650.91 173.55 720.64 200.23
['Van'] 0 639.38 168.48 696.03 194.49
['Car'] 0 462.38 175.94 493.5 196.9
['Car'] 0 440.29 176.19 460.63 192.15
['DontCare'] 0 575.81 167.55 587.57 181.5
['DontCare'] 0 550.86 174.97 569.97 182.16
