Vehicle 0.8552482075087844 553.3963015079498 180.23378401994705 695.3529936075211 315.5144825577736 
Vehicle 0.8162638542332686 1132.9266797304153 242.05995351076126 1239.8303589820862 371.8993440270424 
Vehicle 0.8159413193529623 1151.6884335279465 179.9217201769352 1240.0303112268448 225.8666753768921 
Vehicle 0.7685080784867184 960.4921131134033 183.48948284983635 1104.9113788604736 227.22512483596802 
Vehicle 0.6180854679933856 285.8517587184906 195.75655460357666 337.5499631166458 221.675343811512 
Don't Care 0.5494050155741561 599.029296875 0.0 632.7578735351562 30.761098861694336 
Don't Care 0.4411291031788084 389.27630615234375 101.88758087158203 401.6235046386719 125.83287048339844 
Don't Care 0.43119277421504604 953.3344726562499 81.1717758178711 976.67822265625 143.09820556640625 
Vehicle 0.18395558044716276 338.76 190.6 391.88 219.40000000000003 
Vehicle 0.18395558044716276 396.4 187.78 456.2900000000001 212.64 
