Vehicle 0.8606699365781836 776.8064757585526 172.597948461771 962.9747486114502 272.9426845908165 
Vehicle 0.8396033695145133 145.68065460026264 196.34775817394257 336.4209102988243 289.5246595144272 
Vehicle 0.8365006233875381 594.8055896759033 179.54903841018677 667.7313047647476 248.7259805202484 
Vehicle 0.7497912212609869 70.44524493813515 183.33911150693893 199.14059114456177 242.62914061546326 
Vehicle 0.6801410366228434 337.7114573121071 180.36789447069168 397.9113335609436 227.69726067781448 
Vehicle 0.6568182228534162 449.33744448423386 182.99240246415138 507.7387869358063 223.62137585878372 
Vehicle 0.6550838867637863 526.190433382988 180.53190037608147 561.3918743133545 207.05381780862808 
Vehicle 0.6284861106336618 674.1978092193604 180.66679313778877 719.3858320713043 220.55194526910782 
Vehicle 0.6275460561481376 411.1739194393158 179.85978350043297 456.5024122595787 213.45189213752747 
Vehicle 0.6122531921641222 705.4234503507614 181.1554804444313 791.4913061857224 228.6350503563881 
