Vehicle 0.8790635233727676 100.97468988597393 196.48676365613937 437.10641527175903 372.3978325724602 
Vehicle 0.8488884080288168 1.276260000653565 215.26240557432175 183.61253374814987 372.2435161471367 
Vehicle 0.7367442902789144 396.02859181165695 168.4851385653019 527.0713410973549 287.01822459697723 
Vehicle 0.7267475473500453 667.3108202219009 183.49793180823326 769.9203010797501 228.47456485033035 
Vehicle 0.6983916169393176 640.0519473552704 180.81877380609512 687.1388872861862 213.77027034759521 
Vehicle 0.6620768986824699 534.4218254685402 189.11267817020416 573.2319195270538 226.4217585325241 
Vehicle 0.59797933076546 518.716552734375 189.76333618164062 551.7523193359375 243.67445373535153 
Don't Care 0.521178932359063 907.0822143554686 212.18161010742188 1025.35302734375 298.6401062011719 
Don't Care 0.4581746711001048 807.6800537109375 216.56492614746094 907.5598754882812 292.9895935058594 
Person 0.18173668315249303 731.6600000000001 194.77 1038.73 312.46 
Vehicle 0.18173668315249303 545.49 164.81 587.22 211.89 
