Vehicle 0.8520341880698665 194.39350202679634 190.67774713039398 426.3901668190956 339.4213914871216 
Vehicle 0.8462842735089463 780.1310427188873 187.9771426320076 1009.5813145637512 337.8552049398422 
Vehicle 0.6791914701251913 717.7491255998611 182.83697962760925 832.8459609746933 274.28247034549713 
Vehicle 0.6628133205970633 495.6414540410042 174.99947547912598 534.8231735229492 201.58693939447403 
Vehicle 0.17865950782681392 561.4 166.1 594.2 192.5 
Vehicle 0.17865950782681392 608.86 161.22 652.94 200.21 
Vehicle 0.17865950782681392 356.84 149.92 498.7 257.85 
Vehicle 0.17865950782681392 704.36 173.65 777.81 241.46 
Vehicle 0.17865950782681392 781.2 147.66 875.0 180.43 
Vehicle 0.17865950782681392 661.98 151.61 703.2300000000001 184.95 
Vehicle 0.17865950782681392 195.24 139.18 369.28000000000003 217.16 
