Vehicle 0.8515265226447368 903.9473801851273 158.19209441542625 1231.1183338165283 369.9316754937172 
Vehicle 0.8091868103894111 301.0854214131832 187.57302314043045 406.73517948389053 250.56092441082 
Vehicle 0.7791239196651292 758.5060704946518 175.55943131446838 888.5463194847107 262.832835316658 
Vehicle 0.7733473083449904 587.6558348536491 173.90530183911324 636.3536081314087 218.5969054698944 
Vehicle 0.6395086028091606 823.0946044921875 180.3601531982422 931.3662719726562 285.64093017578125 
Vehicle 0.5777484206234819 684.3759781122208 174.28838834166527 774.4507259130478 222.1519947052002 
Vehicle 0.17738128123537852 431.43 173.09 472.12 204.17000000000002 
Vehicle 0.17738128123537852 486.24 176.48 520.15 203.04000000000002 
Vehicle 0.17738128123537852 553.48 157.83 584.56 190.04 
Vehicle 0.17738128123537852 657.46 173.65 697.5800000000002 212.08000000000004 
