Person 0.7714662939472893 880.8289475440979 151.7668403685093 935.62992811203 259.23221558332443 
Person 0.7700614447997953 241.04909366369247 192.97555088996887 270.24208438396454 259.3463659286499 
Vehicle 0.6624494128572058 443.6764122247696 171.14677280187607 506.3462280035019 224.9988242983818 
Vehicle 0.4673787403642197 1.1289427280426025 251.81622314453125 79.28192138671875 373.8161315917969 
Don't Care 0.1865971372072337 959.26 247.26 999.49 375.0 
Don't Care 0.1865971372072337 830.07 210.43 858.97 313.56 
Don't Care 0.1865971372072337 873.7 234.79999999999998 901.47 340.19 
Person 0.1865971372072337 0.0 232.52999999999997 84.99 374.18 
Person 0.1865971372072337 163.18 210.43 226.07000000000002 267.09 
Person 0.1865971372072337 644.2299999999999 169.64 667.46 204.77 
