Vehicle 0.8840092432079947 0.6573060335358605 204.20625060796738 385.9493626356125 371.64095789194107 
Vehicle 0.8634887367111047 124.56029158830643 96.2659902870655 469.6454783678055 225.55294632911682 
Vehicle 0.432267637567688 1170.262939453125 155.8037567138672 1203.5526123046875 176.81033325195312 
Vehicle 0.42617125933439 1137.327392578125 157.53173828125 1172.560302734375 179.252685546875 
Vehicle 0.1824861813936061 687.2899999999998 170.77 736.58 207.03 
Vehicle 0.1824861813936061 491.24000000000007 177.0 528.07 204.77 
Vehicle 0.1824861813936061 575.67 161.14 653.86 189.47 
Vehicle 0.1824861813936061 660.09 170.77 692.96 198.54000000000002 
Vehicle 0.1824861813936061 826.67 159.44 889.0 176.44 
Vehicle 0.1824861813936061 887.87 153.21 944.53 177.57 
Vehicle 0.1824861813936061 1046.52 156.61 1153.61 183.24 
