Vehicle 0.8176405694072593 306.2373379468918 178.42672392725945 487.8281035423279 266.9932544231415 
Vehicle 0.8159251148032932 823.8561050891876 189.48139250278473 1034.7366542816162 322.4637508392334 
Vehicle 0.7905483888788709 592.8270914554596 176.98746174573898 659.1573436260223 230.22828251123428 
Vehicle 0.7838289724252028 756.7147915363312 182.65728279948235 869.282945394516 262.7609521150589 
Vehicle 0.7821326650000885 11.495568757876754 178.59599366784096 235.81432020664215 276.2676179409027 
Person 0.7785140139735448 971.519912481308 195.1606348156929 1108.9727561473846 373.02636355161667 
Vehicle 0.7653161371221483 222.3191538155079 173.3737662434578 335.79462522268295 243.20364743471146 
Vehicle 0.6435590575295211 1080.7742919921875 241.81256103515622 1240.7703857421875 372.60015869140625 
Vehicle 0.5505422173540169 0.1703280806541443 226.19480895996097 68.95369720458984 373.10858154296875 
Person 0.17382919663783827 685.71 166.31 715.09 206.42999999999998 
Vehicle 0.17382919663783827 450.64 162.35 534.84 218.86 
Vehicle 0.17382919663783827 723.0 160.09 806.6 238.62999999999997 
