Vehicle 0.6922241806792547 183.31299403309822 187.9688948392868 224.532268345356 216.72273427248 
Vehicle 0.645675878084519 385.59957575798035 163.27085718512535 471.5287753343582 217.52353012561798 
Vehicle 0.5031449772134521 1103.6053466796875 196.24525451660153 1150.2796630859375 222.65881347656247 
Vehicle 0.46230707014679123 1204.166259765625 194.25576782226565 1241.987060546875 226.49647521972653 
Vehicle 0.19479807251664014 567.17 184.94 611.36 220.07 
Vehicle 0.19479807251664014 520.71 192.87 553.0 221.2 
Vehicle 0.19479807251664014 500.88 184.94 526.37 207.6 
Vehicle 0.19479807251664014 479.35 194.57 499.18000000000006 210.43 
Vehicle 0.19479807251664014 725.82 179.84 804.01 207.03 
Vehicle 0.19479807251664014 637.9999999999999 174.74 679.36 203.64 
Vehicle 0.19479807251664014 926.4 186.07 1150.77 228.0 
Vehicle 0.19479807251664014 828.37 179.27 877.67 211.0 
Vehicle 0.19479807251664014 687.8600000000001 181.54 721.29 203.64 
