Vehicle 0.8360364821999947 74.78023329377174 187.67199665308 270.31798258423805 274.1647884249687 
Vehicle 0.8052002029722519 274.9995930790901 177.30097845196724 373.7273279428482 239.32215571403503 
Vehicle 0.754917197678268 368.4725666642189 185.5766326189041 420.8883708715439 226.51351243257523 
Vehicle 0.7199140976777885 404.5012072920799 179.23694103956223 456.2106640934944 222.0921590924263 
Vehicle 0.6806167061984754 486.82775008678436 178.99256944656372 517.9656668901443 204.59461212158203 
Vehicle 0.6402077111357264 455.49306428432465 179.43644151091576 496.18408638238907 208.62402766942978 
Don't Care 0.1820397999538886 687.97 148.22 737.69 197.38 
Person 0.1820397999538886 758.04 168.57 775.5499999999998 189.47 
Person 0.1820397999538886 814.54 162.92 838.84 195.69 
Vehicle 0.1820397999538886 528.62 173.09 562.5 200.2 
