Vehicle 0.81645067514942 371.5907038450241 192.11098551750183 449.10739946365356 243.439681828022 
Vehicle 0.7587259488099125 433.17099827528 187.78708577156067 480.62823110818863 229.08204048871994 
Vehicle 0.6384762212653311 470.8780236840248 177.1594025194645 509.3819709420204 215.94252437353134 
Vehicle 0.18241609877183945 7.18 199.46 41.46 241.71 
Vehicle 0.18241609877183945 39.86 205.04 126.76 235.33 
Vehicle 0.18241609877183945 1140.76 113.36000000000001 1228.45 172.35 
Vehicle 0.18241609877183945 1058.65 130.1 1163.88 175.54 
Vehicle 0.18241609877183945 654.49 178.73 724.64 218.59 
Vehicle 0.18241609877183945 536.5 173.95 571.58 198.66 
Vehicle 0.18241609877183945 510.99 175.54 538.1 204.24 
