Vehicle 0.8077798136777317 209.12658083438873 182.92836472392082 323.93618381023407 240.66904932260513 
Vehicle 0.7475004190449535 440.11454540491104 174.0218885242939 527.4354895949364 217.14136004447937 
Vehicle 0.17521265291224494 1084.16 156.41 1100.11 178.73 
Vehicle 0.17521265291224494 574.77 171.56 628.18 207.43 
Vehicle 0.17521265291224494 559.62 167.57 593.1 185.91 
Vehicle 0.17521265291224494 714.27 169.96 746.16 192.28 
Vehicle 0.17521265291224494 988.5 158.0 1018.8 181.92 
Vehicle 0.17521265291224494 1040.32 157.21 1073.0 182.72 
Vehicle 0.17521265291224494 1103.3 154.02 1120.83 177.93 
Vehicle 0.17521265291224494 1120.83 156.41 1152.72 177.93 
Vehicle 0.17521265291224494 1180.62 156.41 1206.13 176.34 
