Person 0.7953706955729648 79.87400007247925 168.3429814875126 161.98550722002983 299.1151884198189 
Person 0.6517613521266445 929.4985527992249 169.22910511493683 952.9877225160599 236.21302843093872 
Person 0.6512402489301433 1021.3990770578384 167.62522235512733 1046.5207335948944 246.39469385147095 
Don't Care 0.6368796140078193 54.763160705566406 221.58436584472656 173.27484130859375 330.7286682128906 
Vehicle 0.525418521892131 375.50775146484375 181.06898498535156 427.48040771484375 211.2084045410156 
Person 0.1845689259836056 640.12 174.77 680.03 229.84 
Person 0.1845689259836056 2.36 215.48 39.86999999999999 350.37 
Person 0.1845689259836056 852.44 181.95 885.1700000000001 240.22 
Person 0.1845689259836056 826.9 179.56 858.03 233.04 
Person 0.1845689259836056 304.87 166.79 322.43 216.27 
Person 0.1845689259836056 338.4 177.96 383.1 215.48 
Vehicle 0.1845689259836056 423.01000000000005 142.04 545.13 235.43 
