Person 0.7874991728847046 808.3959574699402 156.68013632297516 865.2201390266418 300.80844283103943 
Person 0.17356712904980787 255.92 187.50000000000003 278.57 278.12 
Person 0.17356712904980787 280.84 193.16 306.89 281.52 
Person 0.17356712904980787 308.0199999999999 196.56 338.61 282.65 
Person 0.17356712904980787 339.74 192.03 363.53 282.65 
Person 0.17356712904980787 365.79 193.16 419.03 287.18 
Person 0.17356712904980787 868.73 176.17 893.65 279.25 
Person 0.17356712904980787 897.05 188.63 923.11 288.31 
Person 0.17356712904980787 919.71 185.23 957.09 280.38 
Person 0.17356712904980787 965.02 180.7 1052.24 276.99 
