Vehicle 0.8013683271748133 343.6727510690689 180.84299191832542 413.2557250857353 222.5787341594696 
Vehicle 0.7177846764900216 722.5099285840988 168.6214730143547 755.7905398607254 196.98397815227509 
Vehicle 0.7148795021083121 636.9422124624252 170.94846814870834 682.700332403183 204.0344998240471 
Vehicle 0.6275805324595461 1167.3730251789093 154.79228273034096 1210.4167249202728 177.6398867368698 
Vehicle 0.1864774811750422 1108.08 157.21 1148.73 181.92 
Vehicle 0.1864774811750422 892.04 152.42 918.35 173.95 
Vehicle 0.1864774811750422 691.16 169.17 719.8500000000001 193.08 
Vehicle 0.1864774811750422 1045.1 156.41 1084.96 179.53 
Vehicle 0.1864774811750422 841.82 156.41 876.9 179.53 
Vehicle 0.1864774811750422 483.09 177.14 526.94 209.02 
Vehicle 0.1864774811750422 534.11 173.95 558.03 197.86 
