Vehicle 0.8488445079080136 339.9655809402466 179.66839224100113 485.8660418987274 273.73712837696075 
Person 0.7232061947176136 568.7517421245575 160.33758014440536 595.170271396637 224.9881774187088 
Person 0.6953438675108382 244.27223932743073 175.50737380981445 271.5745950937271 240.1192557811737 
Person 0.6731081231953684 213.02111721038818 169.50456112623215 244.6310008764267 246.74818456172943 
Don't Care 0.5736976069454806 1088.7855224609375 162.19830322265625 1190.5042724609375 213.37144470214847 
Don't Care 0.4562966502425852 286.388671875 201.49349975585938 346.2757873535156 239.93719482421872 
Person 0.18499188003021405 1084.94 132.77 1191.79 214.47 
Person 0.18499188003021405 997.74 134.34 1064.51 201.9 
Person 0.18499188003021405 280.46 165.76 349.6 237.24999999999997 
Person 0.18499188003021405 194.83000000000004 179.9 220.76 235.67999999999998 
Person 0.18499188003021405 794.26 153.98 831.97 196.4 
Vehicle 0.18499188003021405 619.07 157.12 643.42 178.33 
Vehicle 0.18499188003021405 475.3 165.76 500.44 194.83 
