Vehicle 0.8274102519277405 175.1405290067196 198.09646904468536 367.04465889930725 301.9592687487602 
Vehicle 0.8159855344152402 811.1237146854401 157.97602012753487 941.7653750181198 203.90568673610687 
Vehicle 0.776057406377235 347.31627184152603 197.52171635627747 424.9161390066147 258.867010474205 
Vehicle 0.7524917231631838 450.20476788282394 189.93441760540009 491.5804468989372 228.78869622945786 
Vehicle 0.7220452422203728 412.9022367596626 193.4773251414299 461.9733011126518 241.17357283830643 
Vehicle 0.6815638060075129 1082.7731637954712 141.33258908987045 1146.4822722673416 178.9148524403572 
Vehicle 0.6643839526110249 485.2280580997467 186.58312037587166 521.2278644442558 218.41572225093842 
Vehicle 0.1803218874145796 604.2 168.38 633.73 198.71 
Vehicle 0.1803218874145796 749.47 153.22 803.75 197.92 
Vehicle 0.1803218874145796 521.19 179.56 556.31 210.69 
