Person 0.8046823255546217 511.4525799751282 162.5981855392456 556.6639401912689 254.64908361434937 
Vehicle 0.7629388254102702 1055.1769194602966 186.4283311367035 1153.619556427002 224.49704110622406 
Person 0.7335972404843234 401.8275625705719 169.50083404779434 433.5392017364502 255.37423193454742 
Person 0.6952078738414799 101.88470506668091 156.34405970573425 196.61717855930328 307.5080096721649 
Vehicle 0.6723332725114299 962.614688873291 184.71443742513657 1064.4023623466492 222.28011310100555 
Person 0.6684944958953001 705.7236914634705 157.27704226970673 765.562783241272 258.851882815361 
Don't Care 0.618646791390073 691.87353515625 199.5881805419922 768.4053344726562 269.95587158203125 
Don't Care 0.6182955469394963 97.45726776123047 228.40184020996094 199.37139892578125 334.0970764160156 
Vehicle 0.18142989595064002 1157.22 186.96999999999997 1224.0 228.61 
Vehicle 0.18142989595064002 597.07 167.33 656.78 216.83 
Person 0.18142989595064002 348.81 153.98 366.09999999999997 194.04 
Person 0.18142989595064002 298.53 157.12 312.67 201.9 
Person 0.18142989595064002 328.39 156.33 342.53 200.33 
Person 0.18142989595064002 213.69 157.12 289.11 198.75999999999996 
