Vehicle 0.8314778641596223 40.459468737244606 209.62118357419968 296.0900946557522 336.06914430856705 
Vehicle 0.8197078250044019 388.6508277654648 194.28540766239166 497.4493525028229 272.96774089336395 
Vehicle 0.8123326809757414 269.1175288259983 199.6014341711998 380.5243717432022 281.0787856578827 
Vehicle 0.7733795768983547 1121.0258567333221 157.68591687083244 1241.402586221695 260.099396109581 
Person 0.6465037207952331 831.5698496103287 180.52340671420097 910.8305196762085 286.06031835079193 
Vehicle 0.5987455702274367 461.4024267196655 172.85656929016113 533.5073086023331 239.5075187087059 
Don't Care 0.567154631092253 819.8068237304688 223.88302612304688 938.9158325195312 286.57305908203125 
Vehicle 0.17725567060514655 511.40000000000003 184.02 543.21 226.21 
Vehicle 0.17725567060514655 547.75 184.02 566.57 200.90000000000003 
Vehicle 0.17725567060514655 637.97 180.13 713.91 211.93 
Vehicle 0.17725567060514655 615.25 180.13 672.37 204.79 
Vehicle 0.17725567060514655 371.31 192.82 442.07 242.85 
