Vehicle 0.8358816940950247 586.2080873250961 201.26140862703323 663.2309356927872 261.5749463438988 
Vehicle 0.8246980981908315 98.04698297381401 195.86051255464554 236.8793009519577 264.16316628456116 
Person 0.8118440288573633 1058.3091065883636 193.9014494419098 1144.1320745944977 322.3049193620682 
Person 0.707618013942082 392.5587800145149 184.58561226725578 422.18831956386566 301.6548380255699 
Don't Care 0.6050847497674023 1030.67919921875 235.70555114746094 1158.266845703125 322.8774108886719 
Vehicle 0.5461393628999709 426.82168167829514 196.02879881858826 499.781857252121 251.11661106348038 
Vehicle 0.5236997374667437 676.6104873418808 193.83280724287033 708.4822533130646 231.70273751020432 
Vehicle 0.18148664420820446 477.01 195.22 529.48 237.95 
Vehicle 0.18148664420820446 505.68 194.13000000000002 551.11 227.67 
Vehicle 0.18148664420820446 528.4 193.05 568.96 215.23 
Vehicle 0.18148664420820446 704.2 178.99 802.62 266.07 
Vehicle 0.18148664420820446 261.96 188.04 345.79999999999995 235.81999999999996 
