Vehicle 0.8399451125214751 783.5557708740234 182.64977261424065 1081.1433420181274 348.4109491109848 
Vehicle 0.8137664592857117 311.9119545221329 194.90694254636765 420.8825225830078 260.6215551495552 
Vehicle 0.7990240206914339 719.4469059705734 179.25482243299484 821.0336025953293 260.03558188676834 
Vehicle 0.6038558417574217 481.4800084233284 184.10639092326164 516.5205103754997 210.01093089580536 
Vehicle 0.17808280917031122 309.82 192.42999999999998 348.21 215.34 
Vehicle 0.17808280917031122 500.53 185.0 528.39 205.43 
Vehicle 0.17808280917031122 515.57 177.78 539.63 200.38 
Vehicle 0.17808280917031122 579.31 176.58 615.19 192.33999999999997 
Vehicle 0.17808280917031122 638.39 175.27 672.81 198.69999999999996 
Vehicle 0.17808280917031122 622.84 174.44 636.11 186.06 
