Vehicle 0.8429350989599208 729.9086058139801 198.76550137996674 979.3627635240555 360.24192720651627 
Vehicle 0.8223962278245224 0.6224901516688988 199.6365264058113 413.88930201530457 370.90254575014114 
Vehicle 0.7989085842187762 332.6231871843338 191.7576938867569 488.2154231071472 321.7674270272255 
Vehicle 0.7905249769106623 688.0780928134918 185.42901054024696 794.1196306943893 267.147034406662 
Vehicle 0.7631027907762846 443.97397166490555 189.71478939056396 522.237767636776 266.7747661471367 
Vehicle 0.7281788919872769 657.0424840450287 186.75433471798897 715.4276511669159 241.30889028310776 
Vehicle 0.6505636666276873 516.2860976457596 183.90868976712227 561.7335180044174 220.8220660686493 
Vehicle 0.6420386018280668 978.5704345703125 252.4481201171875 1239.992431640625 372.7247009277344 
Vehicle 0.1755378831001282 541.96 174.26 579.41 209.03 
Vehicle 0.1755378831001282 566.92 176.04 600.81 206.4 
Vehicle 0.1755378831001282 607.05 181.39 635.5800000000002 200.12 
