Vehicle 0.7858998538998214 640.3183776140213 175.61297491192818 726.6971551179886 239.6022230386734 
Vehicle 0.7580652708147413 0.8091343156993389 197.33302295207977 149.1862871646881 361.25732213258743 
Vehicle 0.3521823954270323 305.2400011718273 176.269993185997 455.92498630285263 230.70500046014786 
Vehicle 0.3521823954270323 399.82498240470886 173.89000207185745 483.1350000500679 209.13999527692795 
Person 0.17609119771351614 431.69999999999993 179.46 444.5 233.21000000000004 
Person 0.17609119771351614 419.71 182.74 434.64 235.9 
Person 0.17609119771351614 395.52 185.4 407.17 238.88 
Person 0.17609119771351614 406.57 184.83 417.92 237.97999999999996 
Vehicle 0.17609119771351614 581.46 176.56 606.25 194.47999999999996 
Vehicle 0.17609119771351614 569.28 175.09 592.09 191.26 
Vehicle 0.17609119771351614 562.89 172.33 577.58 185.72 
