Vehicle 0.8958361808157368 1.015581228886731 204.40171658992767 190.60462537407875 323.6229792237282 
Vehicle 0.7397753873414756 223.11709356307983 160.6154479086399 532.7359267473221 322.90980219841003 
Vehicle 0.64155464945945 1170.5570851564407 155.67544475197792 1203.1308678388596 176.41805112361908 
Vehicle 0.6261242708235598 1137.6791914701462 157.5692966580391 1172.8345863819122 178.1257465481758 
Vehicle 0.6218562937540584 684.7826932668686 165.39393737912178 738.3968414068222 208.306722342968 
Vehicle 0.18912441543869155 973.45 164.24 1003.17 179.1 
Vehicle 0.18912441543869155 860.52 159.78 882.81 172.42 
Vehicle 0.18912441543869155 843.43 161.27 863.49 174.57 
Vehicle 0.18912441543869155 888.75 158.3 919.21 173.9 
Vehicle 0.18912441543869155 1104.22 159.04 1133.94 176.87 
Vehicle 0.18912441543869155 1046.27 159.78 1073.76 179.1 
Vehicle 0.18912441543869155 1206.8 159.04 1240.9 173.9 
Vehicle 0.18912441543869155 526.84 180.32 553.72 198.24 
