Vehicle 0.8494255264310714 0.7884585452266037 192.97530502080917 298.0841389596462 367.1356737613678 
Vehicle 0.8327691190102575 826.1307191848755 178.38426679372787 1241.900060892105 371.8743324279785 
Vehicle 0.6524948335524712 408.5213134288788 181.11125752329826 477.20172625780106 232.3150858283043 
Vehicle 0.1756263041387606 505.56 178.65 543.78 204.03 
Vehicle 0.1756263041387606 619.71 170.79 641.6 187.21 
Vehicle 0.1756263041387606 639.86 176.26 670.72 201.4 
Vehicle 0.1756263041387606 655.2899999999998 175.02 680.92 194.67999999999998 
Person 0.1756263041387606 450.18 176.21 473.32 250.20000000000002 
Person 0.1756263041387606 480.77 175.07 507.35 248.23000000000002 
Person 0.1756263041387606 522.58 174.17 535.72 215.07999999999998 
Person 0.1756263041387606 633.36 172.98 641.42 195.08000000000004 
Person 0.1756263041387606 704.8 164.07 719.99 209.86 
