Vehicle 0.8759427481815814 750.6205047369003 180.6456372141838 1013.4392602443695 339.387372136116 
Vehicle 0.7914476079808631 582.5778547525406 174.24911633133888 640.3609442710876 217.62820333242416 
Person 0.7844699455760182 278.7253045141697 176.6769178211689 340.0656155347824 304.8361837863922 
Person 0.7201316363048246 370.4527305364609 177.9411993920803 411.9117661714554 276.49781852960587 
Don't Care 0.5632663870390555 275.822021484375 233.87692260742188 337.1233215332031 327.76336669921875 
Vehicle 0.5568012493779267 414.0772985816002 178.71089279651642 451.64503848552704 212.96151727437973 
Don't Care 0.415529184756803 371.3784790039063 217.22047424316406 412.5612487792969 293.4806213378906 
Vehicle 0.18247956338797464 153.27 205.22000000000003 319.94 306.47 
Vehicle 0.18247956338797464 294.24 184.19 397.83000000000004 261.3 
Vehicle 0.18247956338797464 560.53 175.27 591.57 204.48 
Vehicle 0.18247956338797464 543.37 173.89 567.89 195.8 
Vehicle 0.18247956338797464 529.22 174.94 544.31 186.56 
Vehicle 0.18247956338797464 647.93 170.47 764.37 252.48 
