Person 0.7729984614154005 1051.7680549621582 204.92780953645706 1121.9256048202515 306.72356486320496 
Person 0.7523591923813379 849.8999404907227 163.17663341760635 900.9838525056839 272.6273462176323 
Person 0.7193540289836255 943.7184813022614 167.8483597934246 970.1817648410797 256.189227104187 
Person 0.718268306455276 915.1746135950089 166.33911430835724 944.1425932645798 247.54607677459717 
Person 0.7073395156532823 301.7360064983368 166.23590514063835 324.2079441547394 240.74111133813858 
Vehicle 0.18269479032121966 558.29 154.73 613.9 200.56 
Person 0.18269479032121966 1135.64 156.76 1193.52 300.63 
Person 0.18269479032121966 539.63 169.67 561.73 207.53 
Person 0.18269479032121966 523.51 169.13 544.88 209.52 
Person 0.18269479032121966 583.1 169.8 602.6 201.66 
Person 0.18269479032121966 272.07 189.74 301.37 229.18000000000004 
Person 0.18269479032121966 751.08 160.0 774.34 243.3 
Person 0.18269479032121966 1190.27 185.97 1227.05 286.03 
Person 0.18269479032121966 785.15 182.18 827.3 230.85999999999999 
