Vehicle 0.8378765357074102 841.2238193750381 171.57713323831558 1067.6471207141876 307.8794404864311 
Vehicle 0.8281559164474015 165.02796828746796 190.02605974674225 304.4507968425751 250.5531683564186 
Vehicle 0.7994843114161079 354.7103222608566 184.3896098434925 446.4737448692322 242.29905009269714 
Vehicle 0.7829225342247156 592.3429419994354 179.4298253953457 659.4103006124496 242.86964535713196 
Vehicle 0.5817830132178431 678.6343653202057 180.96191436052322 739.3557386398315 221.4682325720787 
Vehicle 0.1777856705013395 722.25 180.85 821.32 233.48000000000002 
Vehicle 0.1777856705013395 0.0 185.71 110.17 250.72 
Vehicle 0.1777856705013395 287.67 180.55 364.55 231.63 
Vehicle 0.1777856705013395 485.52 180.17 530.97 211.27 
Vehicle 0.1777856705013395 556.71 179.79 586.16 198.66 
