Vehicle 0.8362276620186309 763.7597583532333 182.2018101811409 1088.8413183689117 372.15855717658997 
Vehicle 0.8308493735026277 959.294620513916 243.46820265054703 1240.9182887077332 372.9942888021469 
Vehicle 0.81509102711243 411.4965006709099 188.0585253238678 516.437745988369 262.73974031209946 
Vehicle 0.7573749177162229 720.2265790700912 176.6175962984562 844.950289607048 289.3299087882042 
Vehicle 0.5793837341336385 659.0229810476303 179.46362122893333 729.9967002868652 231.60045593976974 
Person 0.1738480635939697 825.59 160.79 867.08 200.42 
Vehicle 0.1738480635939697 589.42 176.36 615.05 198.01 
Vehicle 0.1738480635939697 638.94 177.86 671.54 207.22 
Vehicle 0.1738480635939697 245.3 187.07 325.32 211.86 
Vehicle 0.1738480635939697 349.81 185.88 422.67 211.56 
