Vehicle 0.822448882446383 0.5881665190681815 211.75456792116165 397.8160952925682 371.2402358651161 
Vehicle 0.8101535614816905 567.5522689819336 181.6692017018795 625.9210757017136 228.0941605567932 
Vehicle 0.7997337668216961 654.8757301568985 181.72596395015717 714.9446861743927 227.79782116413116 
Vehicle 0.7818396679782734 821.4265483617783 184.168953448534 1241.7134338617325 371.7639818787575 
Vehicle 0.7543620596737952 524.1991281509399 181.050393730402 568.7396196126938 213.47015351057053 
Vehicle 0.7038576802941321 302.7658790051937 197.86709547042847 476.508926153183 326.80434733629227 
Person 0.17508407482530394 737.17 169.56 751.7799999999999 212.86 
Vehicle 0.17508407482530394 299.98 179.69 346.5 204.57 
Vehicle 0.17508407482530394 462.25 175.91 525.53 202.41 
Vehicle 0.17508407482530394 381.12000000000006 176.45 473.61 224.59 
Vehicle 0.17508407482530394 638.79 131.63 707.98 210.25 
Vehicle 0.17508407482530394 618.32 176.37 647.12 199.02000000000004 
Vehicle 0.17508407482530394 82.55 186.18 198.84 239.19 
