Person 0.836402311110126 871.142605304718 161.98038643598557 945.3536140918732 351.20044922828674 
Person 0.8002464326489345 774.487167596817 173.8214681148529 829.6745297908783 359.623020529747 
Person 0.7765486819881167 547.5087633132935 168.40436732769012 582.5789398550987 258.483326792717 
Person 0.697846899249948 211.07205793261528 167.2787481546402 275.31340995430946 338.30868339538574 
Person 0.6888428098318331 719.6562875509262 166.2918529510498 746.2996201515198 238.84818947315216 
Person 0.5873388801795922 995.0476684570311 164.98870849609375 1042.4683837890625 267.37432861328125 
Person 0.4795972064997908 1135.6036376953125 148.62612915039062 1194.71826171875 262.7613830566406 
Person 0.4193582399141383 952.0695190429688 158.35728454589844 988.9735717773438 247.86009216308594 
Person 0.1839071660153842 128.47 172.69 217.23 330.4 
Person 0.1839071660153842 507.29 175.07 532.65 233.71 
Person 0.1839071660153842 492.2 177.0 508.06 230.3 
