Vehicle 0.8482187711721877 0.39357914007268846 216.60080003738403 291.3903640806675 373.17431020736694 
Vehicle 0.8187682368012883 376.2813418507576 183.70511198043823 487.9721229672432 265.9987692832947 
Vehicle 0.8174393171126518 697.0241920351982 190.87416553497314 796.7795724272728 259.53798151016235 
Vehicle 0.7984025614818647 162.45902547240257 189.21821355819702 311.95965391397476 261.56130027770996 
Vehicle 0.7314155294970474 339.6472005844116 185.749587059021 394.29443538188934 228.4780740737915 
Vehicle 0.7228054106796262 644.7064004540443 182.70255160331726 687.7076766490936 214.24019050598145 
Vehicle 0.6705801611275053 466.0627671480179 184.16827607154846 519.8310979604721 233.41318702697754 
Vehicle 0.17624401333481843 588.16 179.86 611.61 203.31 
Vehicle 0.17624401333481843 578.17 181.78 590.85 197.92 
Vehicle 0.17624401333481843 503.21 181.01 532.43 216.38 
Vehicle 0.17624401333481843 527.04 184.86 550.88 205.22999999999996 
