Vehicle 0.842024905702672 939.5986211299896 205.89662343263626 1240.2910412549973 372.0615953207016 
Vehicle 0.8383493086220708 0.9491134806303307 169.76119950413704 148.37597532570362 360.4508936405182 
Vehicle 0.7867295740310271 726.8014619350433 175.69876089692116 814.4076397418976 215.8571407198906 
Vehicle 0.6604541565871057 139.48061741888523 186.07230484485626 347.28754860162735 300.49458146095276 
Vehicle 0.5954047660768582 630.6440498828888 176.3710007071495 662.1974912881851 202.44459807872772 
Vehicle 0.17617328172913985 496.93999999999994 167.77 532.39 201.01 
Vehicle 0.17617328172913985 478.1 172.2 506.90999999999997 207.64999999999998 
Vehicle 0.17617328172913985 612.67 170.22 637.56 199.89 
Vehicle 0.17617328172913985 349.9 163.9 482.86 228.38 
Vehicle 0.17617328172913985 314.01000000000005 176.53 415.05 249.66 
Vehicle 0.17617328172913985 401.76 183.84 442.97 231.04000000000002 
