Vehicle 0.8348682931336506 728.0463330745697 175.65561085939407 961.0625063180923 327.9224708676338 
Vehicle 0.7936905881920867 95.70200434327126 177.56859585642815 330.4321147799492 319.79792565107346 
Vehicle 0.7858313120053529 368.20110243558884 184.99353155493736 428.37532764673233 240.0696873664856 
Vehicle 0.7816102877215524 318.2986557483673 193.3886557817459 395.8231244087219 268.3115378022194 
Vehicle 0.7786815450994141 666.7540483474731 180.60368299484253 767.8340907096863 265.39915055036545 
Person 0.7691470177664745 1090.7858372926712 156.93773701786995 1165.7548259496689 306.875579059124 
Vehicle 0.6529523332372971 0.7703221440315245 220.29460144042966 127.64373016357422 372.1546325683594 
Person 0.6506751861841397 575.6388974189758 174.4879111647606 609.8299909830093 260.9541490674019 
Vehicle 0.17532093875781546 645.04 178.48 689.6899999999999 241.44999999999996 
Vehicle 0.17532093875781546 560.3 163.6 586.64 203.67 
Vehicle 0.17532093875781546 408.83 150.93 509.87 205.04 
Person 0.17532093875781546 512.6 174.4 523.9 206.72000000000003 
