Person 0.8393450501756794 29.896083164960146 171.04578763246536 190.70774772763252 371.8288019299507 
Person 0.8061220179183319 1099.3726794719696 138.1516233086586 1193.051083445549 373.0686753988266 
Person 0.7834668896602776 354.6382180452347 178.9650321006775 400.0131270289421 302.1816462278366 
Person 0.6368868424079881 445.4534776210785 176.61728337407112 463.2659949660301 230.5588200688362 
Don't Care 0.6230193234876238 129.26783752441406 221.05015563964844 192.01747131347656 372.9632873535156 
Person 0.4436380438847212 1200.9669189453125 151.30184936523438 1242.0 371.3554382324219 
Person 0.18058521428161334 516.82 176.3 523.39 205.48000000000002 
Person 0.18058521428161334 525.78 174.3 533.6 204.8 
Person 0.18058521428161334 612.95 173.4 625.6 223.8 
Person 0.18058521428161334 426.11 173.2 442.7 233.52 
