Person 0.7973185911946761 867.2462428808212 168.98217952251434 909.0190733671188 283.936444401741 
Person 0.7896388870729797 741.0852109193802 181.77938210964203 787.5869826078415 313.15283143520355 
Person 0.7812947986755059 374.7130628824234 172.69817847013474 412.94590240716934 284.92184603214264 
Vehicle 0.7758278401800047 551.9482979774475 181.08110320568085 598.3043702244759 217.23081302642822 
Person 0.759857478696856 296.2052119076252 174.94712072610855 334.40903329849243 255.1507637500763 
Person 0.7532792422439668 915.2417566776276 173.91925257444382 954.3049981594086 288.42880046367645 
Person 0.7349134185098013 688.4569050073624 183.46640646457672 721.2779086828232 274.3561086654663 
Person 0.6670078710339462 643.9560378789902 171.08156383037567 664.5886874198914 245.48919546604156 
Person 0.6621821725625673 717.5513383150101 182.31938683986664 745.8261061906815 283.56380903720856 
Don't Care 0.5219708215945974 0.593638002872467 232.31616210937503 51.3940315246582 321.4106750488281 
Don't Care 0.4959110387498848 50.7915153503418 219.8922882080078 166.33160400390625 288.94293212890625 
Don't Care 0.4650658427409626 291.23956298828125 244.75564575195312 357.68878173828125 288.071044921875 
