Vehicle 0.8583774253713277 71.3995246142149 188.93292546272278 302.8408333361149 329.35669273138046 
Vehicle 0.8473234001682246 0.4731375746196136 191.95646792650223 106.50944723188877 372.2519874572754 
Vehicle 0.8365342383773218 285.44004660844803 175.37951096892357 412.0877330303192 242.75989830493927 
Vehicle 0.8128690125477225 587.3350303173065 173.49691316485405 652.0340541601181 225.3277748823166 
Vehicle 0.7945949941083245 431.55664855241776 187.57512420415878 536.7349716424942 262.3228132724762 
Person 0.7705894767491379 883.7358430624008 181.98810517787933 946.1185745000839 339.4741415977478 
Vehicle 0.5934721038557984 912.7312874794006 62.43477948009968 1150.505894780159 371.298149228096 
Vehicle 0.5402403537417242 0.8753483295440674 143.6195526123047 138.44322204589844 226.5576171875 
Vehicle 0.43881428825145036 712.6386108398438 182.4622039794922 770.6118164062501 259.260498046875 
Vehicle 0.41909926095454025 682.9513549804688 172.50961303710938 749.6259155273438 231.87069702148435 
Vehicle 0.18140393031440163 750.13 177.68 947.3299999999999 305.96 
