Car 0.7000000000000001 450.64 162.35 534.84 218.86 
Car 0.7000000000000001 589.08 173.65 665.37 234.11 
Car 0.7000000000000001 306.55 177.61 495.28 271.97 
Car 0.7000000000000001 5.38 173.09 239.31 275.93 
Car 0.7000000000000001 823.58 182.13 1042.83 334.13 
Pedestrian 0.7000000000000001 972.76 186.65 1108.37 375.0 
Car 0.7000000000000001 752.95 181.56 869.35 270.28 
Van 0.7000000000000001 723.0 160.09 806.6 238.63 
Pedestrian 0.7000000000000001 685.71 166.31 715.09 206.43 
Car 0.7000000000000001 218.4 166.87 337.63 244.85 
