Pedestrian 0.7000000000000001 813.23 160.31 864.2 305.3 
Cyclist 0.7000000000000001 255.92 187.5 278.57 278.12 
Cyclist 0.7000000000000001 280.84 193.16 306.89 281.52 
Cyclist 0.7000000000000001 308.02 196.56 338.61 282.65 
Cyclist 0.7000000000000001 339.74 192.03 363.53 282.65 
Cyclist 0.7000000000000001 365.79 193.16 419.03 287.18 
Cyclist 0.7000000000000001 868.73 176.17 893.65 279.25 
Cyclist 0.7000000000000001 897.05 188.63 923.11 288.31 
Cyclist 0.7000000000000001 919.71 185.23 957.09 280.38 
Cyclist 0.7000000000000001 965.02 180.7 1052.24 276.99 
