Car 0.7000000000000001 0.0 208.48 412.77 375.0 
Car 0.7000000000000001 320.33 201.08 488.58 319.41 
Car 0.7000000000000001 732.62 201.08 980.37 354.54 
Car 0.7000000000000001 433.18 187.63 519.67 263.42 
Car 0.7000000000000001 516.1 184.96 562.47 218.84 
Car 0.7000000000000001 689.07 188.52 802.31 267.88 
Car 0.7000000000000001 656.98 186.74 723.85 241.13 
Car 0.7000000000000001 566.92 176.04 600.81 206.4 
Car 0.7000000000000001 607.05 181.39 635.58 200.12 
Van 0.7000000000000001 541.96 174.26 579.41 209.03 
