Car 0.7000000000000001 411.66 189.95 515.7 262.77 
Car 0.7000000000000001 956.86 244.38 1242.0 375.0 
Car 0.7000000000000001 765.54 184.32 1090.6 373.16 
Car 0.7000000000000001 721.6 178.74 852.22 288.3 
Pedestrian 0.7000000000000001 825.59 160.79 867.08 200.42 
Car 0.7000000000000001 589.42 176.36 615.05 198.01 
Car 0.7000000000000001 664.57 180.34 738.97 235.09 
Car 0.7000000000000001 655.36 177.61 705.63 220.41 
Car 0.7000000000000001 638.94 177.86 671.54 207.22 
Car 0.7000000000000001 245.3 187.07 325.32 211.86 
Car 0.7000000000000001 349.81 185.88 422.67 211.56 
