Vehicle 1.0 423.0621945261955 176.81687325239182 620.0309237837791 287.95288503170013 
Vehicle 1.0 84.44486322999 188.88627737760544 388.90896677970886 306.57119303941727 
Vehicle 1.0 0.4849887160817161 83.50781165063381 440.59166210889816 262.9449963569641 
Vehicle 0.7783225147266105 703.6742198467255 166.88765957951546 742.3379956483841 202.44768261909485 
Vehicle 0.7201363407708141 666.581338763237 165.8244989812374 700.7363061904907 205.12832701206207 
Vehicle 0.3627942539570011 1170.26220703125 155.86920166015625 1203.5223388671875 176.8540802001953 
Vehicle 0.3555095457171752 1137.369384765625 157.40408325195312 1172.7867431640625 179.34898376464844 
Vehicle 0.31612378171640576 1202.8592529296875 157.14288330078125 1241.2432861328125 174.0413360595703 
Vehicle 0.2848867056204297 1103.5738525390625 157.90969848632812 1141.3875732421875 178.4507598876953 
Vehicle 0.19752564001088369 1044.921875 158.9843292236328 1087.424072265625 178.5497589111328 
