Person 1.0 137.1272116601467 190.89347779750824 271.37437814474106 372.63500785827637 
Person 0.9701714062183864 949.5353983640671 158.84637945890427 1018.4829272031784 286.2868158817291 
Person 0.96941882791771 419.6041713356972 176.88834232091904 493.2117947936058 291.9596297740936 
Person 0.9092850483732905 228.86266443133354 172.8371365070343 288.01671144366264 328.55529379844666 
Person 0.8399530195650383 574.9154591560364 165.1186289191246 614.4443190097809 233.85142922401428 
Person 0.8004984753536581 514.7553517818451 167.72639656066895 548.0211279988289 230.29012656211853 
Person 0.4758606296744388 863.7100000000002 214.96000000000004 962.89 365.3 
Person 0.4758606296744388 782.66 220.3 857.31 360.01 
Don't Care 0.4753227324017983 876.046142578125 220.19827270507812 954.1475830078125 362.0875549316406 
Don't Care 0.47210483796753105 786.79736328125 232.79803466796875 854.6505126953125 360.8337097167969 
Don't Care 0.41644829260592103 692.1783447265625 194.01870727539062 739.8958740234375 245.46534729003903 
Don't Care 0.3722629701200057 264.25006103515625 210.836669921875 354.7731018066407 303.12139892578125 
Person 0.2668716523220008 554.5758666992188 166.60133361816406 572.8229370117188 222.45733642578125 
Don't Care 0.21401245302185617 424.455810546875 217.8264007568359 461.4891357421875 287.64190673828125 
Person 0.17243271346554392 621.12890625 170.45211791992188 635.1100463867188 211.08212280273435 
