Vehicle 0.9379215200561869 181.44437330961227 186.7978200316429 224.91029727458954 218.01694482564926 
Vehicle 0.8992366880867098 383.6479130387306 162.6373864710331 471.940598487854 219.23600882291794 
Vehicle 0.8331348668913753 521.2926027774811 193.39945167303085 551.7229506969452 220.44112533330917 
Vehicle 0.6884313414036582 687.2910168170929 182.09228664636612 719.9299449920654 202.72567123174667 
Vehicle 0.5245259328148247 637.9999999999999 174.74 679.36 203.64 
Vehicle 0.5245259328148247 725.82 179.84 804.01 207.03 
Vehicle 0.5245259328148247 926.4 186.07 1150.77 228.0 
Vehicle 0.5245259328148247 500.88 184.94 526.37 207.6 
Vehicle 0.5245259328148247 479.35 194.57 499.18000000000006 210.43 
Vehicle 0.5245259328148247 828.37 179.27 877.67 211.0 
Vehicle 0.5245259328148247 567.17 184.94 611.36 220.07 
Vehicle 0.4181484014469058 1103.6053466796875 196.24525451660153 1150.2796630859375 222.65881347656247 
Vehicle 0.38420926594577337 1204.166259765625 194.25576782226565 1241.987060546875 226.49647521972653 
Vehicle 0.2241995178251312 1047.3089599609375 191.3371276855469 1086.351318359375 218.24932861328128 
Vehicle 0.1723751442649275 769.755859375 185.34365844726562 804.0850830078125 202.04902648925778 
Vehicle 0.16747553778255173 285.9926452636719 185.29978942871094 308.0340576171875 203.10864257812497 
Don't Care 0.16361780385118907 387.5944519042969 164.2200469970703 471.6009826660156 216.10574340820312 
