Person 1.0 235.70029708743095 173.79749938845634 305.89847034215927 361.59901320934296 
Person 1.0 186.64984980225563 156.26996755599976 249.8681462109089 345.29996663331985 
Person 0.9827689907035525 745.7969992160797 169.8666326701641 797.5928478240967 288.1695628166199 
Person 0.7699324008621811 450.097796022892 166.50407016277313 483.0404280424118 240.35348743200302 
Person 0.7682183343726877 495.2141958475113 165.70434719324112 519.6075183749199 225.59554874897003 
Person 0.6885418612905645 532.063299536705 172.42016270756721 551.504417181015 221.62505239248276 
Don't Care 0.49628753918871954 42.28125 231.02163696289062 121.13798522949219 373.5261535644531 
Person 0.48366660347588764 545.49 176.58 569.03 221.52 
Don't Care 0.44724234690073594 1169.5474853515625 218.8799743652344 1241.16796875 315.83233642578125 
Don't Care 0.22866506591969213 178.49093627929688 265.6398010253906 216.8189239501953 316.5662536621094 
Person 0.20763244547021265 736.2947998046875 170.360595703125 758.5128173828125 216.05233764648438 
