Vehicle 1.0 779.7486090660095 185.37425994873047 1011.7288209199905 341.9213891029358 
Vehicle 1.0 193.75957345962524 189.20836597681046 428.5441136956215 341.88175946474075 
Vehicle 0.9125215271563303 717.8124203681946 183.41277167201042 835.9060964584351 274.6819853782654 
Vehicle 0.898675345081951 495.29455429315567 173.00433665513992 536.95657736063 202.77021825313568 
Vehicle 0.7618399831330973 610.0849097371101 162.5327244400978 650.0500777959824 199.62213188409805 
Vehicle 0.7532856438792864 706.0191614627838 171.43458500504494 783.6323908567429 239.71646279096603 
Vehicle 0.6933861114158791 356.66405779123306 151.7304964363575 495.6771730184555 261.60820573568344 
Vehicle 0.6595278529947801 781.179515004158 147.816751152277 868.8681610822678 182.98840150237083 
Vehicle 0.48936888188909916 561.4 166.1 594.2 192.5 
Vehicle 0.48936888188909916 661.98 151.61 703.2300000000001 184.95 
Vehicle 0.48936888188909916 195.24 139.18 369.28000000000003 217.16 
