Vehicle 1.0 354.08322286605835 184.95675176382065 535.5308904647827 309.88673865795135 
Vehicle 1.0 906.9470340013504 227.53896564245224 1241.6134207248688 372.85105884075165 
Vehicle 1.0 0.6807383709819987 194.46178525686264 337.0112543106079 372.32688814401627 
Vehicle 0.950428979080915 729.202295422554 182.56301432847977 804.2000813484192 249.68652427196503 
Vehicle 0.8277163513181182 561.6038932800293 172.04924672842026 614.1331468820572 219.471774995327 
Vehicle 0.7715569196588751 682.0633871555328 178.61730605363846 711.5487552881241 199.90955293178558 
Vehicle 0.7056125740599564 627.1922271251678 169.32060196995735 646.4490866661072 190.1966705918312 
Person 0.4847668916484463 646.7199999999999 173.65 658.58 208.09999999999997 
Vehicle 0.22902100226215466 607.0419311523438 178.59898376464844 628.0516357421875 208.96994018554688 
Vehicle 0.15273915269153182 714.1048583984375 182.61875915527344 743.0927124023438 223.54029846191406 
