Vehicle 1.0 12.615181725472212 82.41673931479454 458.8785941004753 238.03239315748215 
Vehicle 1.0 356.1879034638405 178.15588787198067 571.3523980379105 311.2386614084244 
Vehicle 1.0 2.1047261429484934 192.59820878505707 329.7390185594559 326.1643052101135 
Vehicle 0.8182273469450165 698.5817670822144 168.44451427459717 745.6435371637344 202.05958932638168 
Vehicle 0.7624055148835231 663.7737160921097 167.66869649291039 701.9178825616837 201.53816789388657 
Vehicle 0.3802607801505068 1170.1561279296875 155.85299682617188 1203.7081298828125 176.6896514892578 
Vehicle 0.35995030591681876 1137.4969482421875 157.12380981445312 1172.7642822265625 179.25340270996094 
Vehicle 0.33710781537182793 1202.74609375 157.1761932373047 1241.28466796875 173.99069213867188 
Vehicle 0.2786331590222694 1103.6842041015625 157.8299560546875 1141.359375 178.58616638183594 
Vehicle 0.179074155000527 1044.8406982421875 159.03427124023438 1087.112060546875 178.2629852294922 
Vehicle 0.15662141308068267 891.6981811523436 157.93453979492188 917.9144897460938 173.36082458496094 
