Vehicle 1.0 316.73579317331314 166.9599451124668 476.73086500167847 281.64345771074295 
Vehicle 1.0 636.6287738084793 172.7251634001732 704.5356949567795 217.4859568476677 
Vehicle 1.0 473.5593159198761 170.94964161515236 578.4263471961021 243.37635934352875 
Vehicle 1.0 764.0743074417114 178.11574414372444 887.6763310432434 272.9950323700905 
Vehicle 1.0 858.236860871315 189.25852328538895 1241.3620183467865 372.8973716497421 
Vehicle 1.0 0.3243743375642225 198.474682867527 326.40934360027313 372.4825456738472 
Vehicle 0.6905707559725166 701.5858626365662 167.4666479229927 738.1771974563599 201.12385600805283 
Vehicle 0.6591536283156291 961.745867729187 151.5299566090107 1007.8691725730896 192.43991374969482 
Vehicle 0.6568833697445442 736.9310678243637 157.46868029236794 779.3701729774475 191.85170531272888 
Vehicle 0.6567962438308854 905.8399307727814 151.82970464229584 972.4167734384537 197.6502388715744 
Vehicle 0.25942648375561056 750.3143920898438 178.39361572265625 812.1522216796875 245.01231384277344 
Vehicle 0.16223278671451413 314.9710693359375 186.74356079101562 353.9601135253906 209.14228820800784 
