Vehicle 1.0 905.1668593883514 156.63882717490196 1231.9780322313309 370.4052194952965 
Vehicle 0.9841852448575422 299.9079721570015 185.78051403164864 407.98164224624634 250.16874074935913 
Vehicle 0.9596622921710768 758.9194482564926 175.4886992275715 901.5301862955093 267.6379010081291 
Vehicle 0.954950253891358 586.0314912199974 172.8615202009678 636.8037782907486 219.45324540138245 
Vehicle 0.7953959253568244 684.68734395504 174.72098395228386 776.0518984794617 222.4201261997223 
Vehicle 0.7612822723105623 658.4314155578613 173.22969809174538 697.8909287452698 211.16191148757935 
Vehicle 0.7071369196976576 431.39148992300034 175.77677965164185 469.7548931837082 203.11009883880615 
Vehicle 0.706728329161125 486.47411370277405 177.83449217677116 518.7602198123932 202.23375409841537 
Vehicle 0.5216610522623402 823.0946044921875 180.3601531982422 931.3662719726562 285.64093017578125 
Vehicle 0.46880779014187796 553.48 157.83 584.56 190.04 
