Vehicle 1.0 249.09530228376389 196.55323773622513 375.4743375778198 267.4840986728668 
Vehicle 0.9959387062414878 710.2417738437653 180.5257759988308 810.2584640979767 240.7771423459053 
Vehicle 0.9822666233956793 100.3311838209629 190.16175717115402 187.811475366354 238.93683403730392 
Vehicle 0.9243468048169516 631.9893043041229 173.20067435503006 697.6313091516495 232.5597032904625 
Vehicle 0.836951381137564 394.63133203983307 170.66870257258415 654.5212794542313 306.1627149581909 
Vehicle 0.7205991112899692 49.945772141218185 181.03625625371933 85.75416733324528 213.51494640111923 
Vehicle 0.4501020126047778 90.7258529663086 192.3900604248047 140.2864227294922 226.5092315673828 
Vehicle 0.288893840113186 783.9204711914062 174.9171600341797 901.6603393554688 208.109375 
Vehicle 0.2725197911939419 321.293701171875 180.57994079589844 405.40753173828125 218.80047607421875 
Vehicle 0.19938269153158814 683.95458984375 188.9767303466797 721.8375244140624 220.56646728515625 
