Vehicle 0.9737919250043378 306.3381839096546 178.16325277090073 490.2320092320442 268.5987129807472 
Vehicle 0.9724078722901519 823.7669001817703 187.10650876164436 1037.3512834310532 326.23256742954254 
Vehicle 0.9519345649139983 591.5905485749245 175.8861020207405 661.207575917244 231.5092831850052 
Vehicle 0.9465135747571897 755.4652565717697 182.2930946946144 869.3052281141281 265.2564346790314 
Vehicle 0.9451449695077078 9.462924130260944 176.76595598459244 236.97620487213135 276.15541219711304 
Person 0.9422255992950928 971.9332902431488 192.32317060232162 1108.7717674970627 373.6843541264534 
Vehicle 0.9315778825527521 220.9975701570511 171.1806021630764 336.4135444164276 243.75879764556885 
Vehicle 0.7495208176387204 448.67259031534195 166.9565699994564 525.6771535277367 217.76200085878372 
Vehicle 0.7123316816493923 722.7914607524872 162.23503276705742 806.572635769844 236.73921078443527 
Vehicle 0.5192073413548374 1080.7742919921875 241.81256103515622 1240.7703857421875 372.60015869140625 
Person 0.4543809872550927 685.71 166.31 715.09 206.42999999999998 
Vehicle 0.4441636826203226 0.1703280806541443 226.19480895996097 68.95369720458984 373.10858154296875 
Vehicle 0.3109655057391009 1.2339874505996704 174.7515411376953 93.63182830810547 218.90292358398435 
