Vehicle 1.0 122.76738399267197 95.44476494193077 470.9417626261711 220.51412612199783 
Vehicle 1.0 0.44946966745192185 205.636627972126 393.2663118839264 372.70306795835495 
Vehicle 0.8233624170272581 491.60939222574234 177.05251649022102 527.062679708004 204.36103641986847 
Vehicle 0.7964915755823253 660.0173381567001 171.68153822422028 692.1330295801163 198.56518507003784 
Vehicle 0.78865771792293 686.6913821697235 170.7669273018837 735.7508980035782 206.6466137766838 
Vehicle 0.49609752867111295 887.87 153.21 944.53 177.57 
Vehicle 0.49609752867111295 826.67 159.44 889.0 176.44 
Vehicle 0.49609752867111295 575.67 161.14 653.86 189.47 
Vehicle 0.49609752867111295 1046.52 156.61 1153.61 183.24 
Vehicle 0.3626976924170153 1170.262939453125 155.8037567138672 1203.5526123046875 176.81033325195312 
Vehicle 0.3575824764601597 1137.327392578125 157.53173828125 1172.560302734375 179.252685546875 
Vehicle 0.3314707546522435 1202.8563232421875 157.0814971923828 1241.1597900390625 174.1502227783203 
Vehicle 0.2788341261816459 1103.573974609375 158.12107849121094 1141.33203125 178.46923828125 
Vehicle 0.18277072004858586 1044.9539794921875 159.0622100830078 1085.7025146484375 178.1414031982422 
Vehicle 0.1538371158330839 475.7015380859375 174.76470947265625 501.6329650878906 192.4257659912109 
