Vehicle 1.0 772.1846251487732 170.39843648672104 968.8632348775864 276.07179433107376 
Vehicle 0.9918007591625914 144.85487070679665 194.04159486293793 338.3480324149132 291.81667417287827 
Vehicle 0.9893556597917481 592.9883635640144 176.4158383011818 669.0723395347595 250.7162243127823 
Vehicle 0.9210247961065879 68.52557198703289 180.14908209443092 200.94706454873085 242.73338913917542 
Vehicle 0.866137480934054 335.3475642800331 178.92400547862053 398.69981610774994 229.8291251063347 
Vehicle 0.8477580505929048 448.45046639442444 182.16194584965706 507.86000937223434 225.3032550215721 
Vehicle 0.8463913531980954 524.9537424445152 179.8251047730446 561.8670292496681 207.68816024065018 
Vehicle 0.825431109577362 673.646737575531 177.7482144534588 725.1512081623077 221.79510444402695 
Vehicle 0.8246903407538873 410.9761880636215 175.97655951976776 460.86112689971924 214.5400419831276 
Vehicle 0.8126388613196829 705.2149107456207 181.03542923927307 791.5273582935333 228.7873774766922 
Vehicle 0.2732441052081937 273.3600158691406 189.18716430664062 350.212158203125 233.56822204589844 
Vehicle 0.1513523997964362 587.9700927734375 180.29698181152344 606.8980712890625 202.83544921875 
