Vehicle 1.0 552.8739901185036 178.4605085849762 699.5659081935883 317.5256475806236 
Vehicle 0.9864028582780963 1131.3243227005005 239.58425223827362 1238.3810938596725 370.79253047704697 
Vehicle 0.9861438474251523 1151.3735883235931 179.14601415395737 1238.5136057138443 226.7368957400322 
Vehicle 0.9480527688932008 960.4354809522629 182.22615122795105 1108.0906269550323 228.83936762809753 
Vehicle 0.8272562213423347 285.0910370349884 195.04990428686142 337.1299967765808 221.67717665433884 
Vehicle 0.735925275319617 339.483229637146 193.05827468633652 385.1368947029114 219.15780007839203 
Vehicle 0.47862926722999743 396.4 187.78 456.2900000000001 212.64 
Don't Care 0.44119836453152556 599.029296875 0.0 632.7578735351562 30.761098861694336 
Don't Care 0.3542476558324743 389.27630615234375 101.88758087158203 401.6235046386719 125.83287048339844 
Don't Care 0.3462683109703278 953.3344726562499 81.1717758178711 976.67822265625 143.09820556640625 
Don't Care 0.3312934357584869 742.0101318359375 90.07542419433594 762.5582275390625 145.29562377929688 
Don't Care 0.28757197150789227 774.3338012695312 72.26204681396484 788.5282592773439 103.24165344238281 
Vehicle 0.1656990021907567 367.9814147949219 194.16989135742188 390.9491882324219 214.80322265625003 
