Person 0.9284822099117844 880.3162229061127 152.0736739039421 938.3603385686874 260.00453531742096 
Person 0.9273855125190925 239.9658277630806 192.9384246468544 270.85001027584076 258.6827203631401 
Vehicle 0.843383354101939 443.00859689712524 169.90619525313377 506.64175164699554 225.93936324119568 
Person 0.7761560817506714 645.5853906869888 169.38890889286995 665.8558548688889 205.28892427682877 
Don't Care 0.4719321889012433 959.26 247.26 999.49 375.0 
Don't Care 0.4719321889012433 830.07 210.43 858.97 313.56 
Don't Care 0.4719321889012433 873.7 234.79999999999998 901.47 340.19 
Person 0.4719321889012433 0.0 232.52999999999997 84.99 374.18 
Person 0.4719321889012433 163.18 210.43 226.07000000000002 267.09 
Vehicle 0.3648367406521075 1.1289427280426025 251.81622314453125 79.28192138671875 373.8161315917969 
