Vehicle 1.0 822.9878933429718 181.62032961845398 924.8534570932388 256.59555941820145 
Vehicle 1.0 367.76377630233765 184.4349391758442 543.4845998883247 293.0053845047951 
Vehicle 1.0 1012.9106193780899 205.83698898553848 1199.8495337963104 372.8017285466194 
Vehicle 0.9937697216312134 560.6697217226028 178.18965017795563 630.8087643384933 230.49643635749817 
Vehicle 0.8269315914620697 784.4290906190872 174.38018694519997 824.2049295902252 223.41589629650116 
Vehicle 0.7388860751886347 665.3973194360733 171.52152210474014 704.51511490345 204.74912971258163 
Vehicle 0.6995550582560266 744.0337772369385 169.6532852947712 785.9391335248947 197.16180860996246 
Vehicle 0.6366944834143787 626.5498777627945 172.75052145123482 658.9360710382462 218.73510628938675 
Vehicle 0.3894803637939103 805.7529296875 181.92942810058594 853.8486328125 233.5222625732422 
Vehicle 0.30910851848439685 911.1519165039062 2.0269970893859863 1240.469482421875 203.30506896972656 
