Vehicle 1.0 662.9239375591278 181.4807876944542 728.1795852184296 233.7527722120285 
Vehicle 1.0 569.8701900243759 180.4787814617157 628.133949637413 226.54686123132706 
Vehicle 1.0 224.82595977187157 203.35069298744202 465.47864681482315 352.4842858314514 
Vehicle 1.0 4.285034706350416 237.37433552742004 323.2895777821541 372.870571911335 
Vehicle 1.0 875.0232996940613 185.6311820447445 1241.05546438694 372.5386708974838 
Vehicle 0.9412228374258769 524.3878650069237 177.38479748368263 567.9658318161964 214.5954966545105 
Vehicle 0.7607812305059193 68.24807902425528 194.87332552671432 213.16674882173538 249.41716343164444 
Vehicle 0.5505512686013997 379.229679107666 171.8619391322136 474.63843619823456 224.44678097963333 
Person 0.48046177926273714 742.18 164.38 764.5 216.20000000000002 
Vehicle 0.48046177926273714 283.8 173.95 326.84999999999997 201.85 
Vehicle 0.43191258457850285 643.3016357421875 128.564208984375 719.9445190429688 211.9879150390625 
Vehicle 0.32606328355270214 442.5746765136719 181.07290649414062 494.2347412109375 213.37274169921872 
Vehicle 0.24938178026810526 488.3682861328125 181.22463989257812 527.1058959960938 201.7407989501953 
Vehicle 0.16119873177277036 626.3080444335938 174.4396209716797 648.7966308593751 198.1837158203125 
