Vehicle 1.0 184.88496217131615 185.36488339304924 298.9701731801033 237.00407892465591 
Vehicle 1.0 592.7193793058395 188.6814907193184 666.4655574560165 246.0959628224373 
Vehicle 0.9407800745718701 685.916298866272 167.7115224301815 760.7530717849731 236.87781393527985 
Person 0.9050829814430958 918.4352195262909 175.43916776776314 992.3447796106339 262.2840330004692 
Person 0.8945287160416273 450.5707671046257 172.1980646252632 475.34404331445694 253.59566509723663 
Vehicle 0.887121756655369 472.19851541519165 180.6291751563549 517.5506604909897 230.4377630352974 
Vehicle 0.740195026829913 329.5058643221855 174.43624511361122 388.3804739713669 212.87494897842407 
Don't Care 0.48332009111364277 905.5833129882812 204.63595581054688 992.572509765625 263.9503173828125 
Vehicle 0.33150800299046657 510.2440490722657 181.84449768066406 547.4487915039062 214.72329711914062 
Don't Care 0.2835163491278248 1201.59423828125 97.37696838378906 1230.468017578125 136.68930053710938 
Vehicle 0.24385302289707925 577.7619018554688 182.12716674804688 618.8419189453125 220.9986572265625 
Vehicle 0.1734382115981695 552.24462890625 182.2011260986328 571.154052734375 200.6876220703125 
Vehicle 0.15334740957585047 663.4193725585938 177.1633758544922 687.5236816406249 213.66148376464847 
