Vehicle 1.0 663.8602559566498 178.96219342947006 882.6437677145004 259.8521411418915 
Vehicle 0.9344951254391032 220.93481209874153 200.14527440071106 280.58252477645874 239.23614621162415 
Person 0.929810654644833 4.102712634019554 176.42666772007942 56.05944527685642 344.63826566934586 
Vehicle 0.9017161559595224 1195.8886878490448 190.39446115493774 1238.6793565750122 321.18768990039825 
Vehicle 0.8812193551290795 327.8844818472862 192.6129385828972 404.27930545806885 240.7125011086464 
Vehicle 0.8660402074342982 587.0935478210449 180.1770217716694 685.7964459657669 242.14008450508118 
Vehicle 0.6336440791613311 896.4649761915207 122.46804311871529 1198.8097229003906 311.22252345085144 
Vehicle 0.4758688140813092 139.65 173.97 169.18000000000004 205.9 
Vehicle 0.4654956211978647 196.43614196777344 152.45431518554688 271.84332275390625 237.85427856445315 
Don't Care 0.2134061449332945 0.0 244.31849670410156 41.85391616821289 349.7735290527344 
