Vehicle 1.0 172.40125358104706 192.53741204738617 370.21520859003067 302.6549443602562 
Vehicle 0.9918194338542641 810.003286242485 158.778615295887 940.7338553667068 203.5064622759819 
Vehicle 0.9593567083305525 348.6354680657387 197.38420844078064 423.7159073352814 257.947213947773 
Vehicle 0.9401970548524574 452.69354778528214 189.65694308280945 491.60472840070724 229.99421507120132 
Vehicle 0.9154432531769093 415.6672187447548 192.2047734260559 462.02586168050766 240.83150178194046 
Vehicle 0.8825306021602233 1083.4975372552872 139.81341943144798 1144.5875008106232 177.96417698264122 
Vehicle 0.868562918296442 486.75249963998795 185.43630838394165 520.6086121201515 219.41549330949783 
Vehicle 0.7698868334970494 749.769319653511 157.21314400434494 814.073695063591 198.43818247318268 
Vehicle 0.4750064259965384 521.19 179.56 556.31 210.69 
Vehicle 0.4750064259965384 604.2 168.38 633.73 198.71 
Vehicle 0.2047526279602927 1115.0455322265625 144.15097045898438 1183.793212890625 180.1448974609375 
Vehicle 0.17580389867278712 658.8486328125 178.64224243164062 706.3401489257812 211.2796783447266 
