Person 1.0 75.4742641299963 168.35563257336617 168.26991891860962 302.72168666124344 
Person 0.8877088360232961 929.3322097063065 169.8310486972332 953.3068614006042 234.6709817647934 
Person 0.8872745609965289 1023.6711001396179 168.5396321117878 1046.4737992286682 246.47828936576843 
Vehicle 0.7610940853421618 423.07992446422577 143.56018602848053 542.3316357135773 235.05058139562607 
Person 0.7427074043912734 826.5053797960281 181.0697615146637 862.462804555893 232.6003834605217 
Person 0.7032320905031636 305.73586571216583 167.47154295444489 322.8440714478493 216.80060774087906 
Don't Care 0.5307603432059719 54.763160705566406 221.58436584472656 173.27484130859375 330.7286682128906 
Person 0.49836176332188803 640.12 174.77 680.03 229.84 
Person 0.49836176332188803 2.36 215.48 39.86999999999999 350.37 
Person 0.49836176332188803 852.44 181.95 885.1700000000001 240.22 
Person 0.49836176332188803 338.4 177.96 383.1 215.48 
Vehicle 0.4378713164507382 375.50775146484375 181.06898498535156 427.48040771484375 211.2084045410156 
Don't Care 0.3127752910015056 1135.1314697265625 119.94261932373045 1241.2967529296875 185.3313751220703 
Person 0.23763974296267038 49.749717712402344 194.42263793945312 87.78651428222656 267.442626953125 
Don't Care 0.16056615614175138 2.6503303050994877 273.8188171386719 42.69913864135742 321.3800354003906 
