Person 1.0 514.3476963043213 163.13234865665436 556.5150003433228 255.13933777809143 
Vehicle 0.9700852722629563 1055.9634590148926 186.34549736976624 1152.9594497680664 226.20104372501373 
Person 0.9457435095732148 399.1725811958313 169.28664833307266 432.4628806114197 253.957456946373 
Person 0.9138957480410946 101.39599961042404 156.0511091351509 200.30368602275848 315.7909232378006 
Vehicle 0.8949189913797279 961.3432831764221 183.78974705934525 1062.3746209144592 223.77950131893158 
Person 0.8917343085284721 696.723828792572 157.21767365932465 772.2538776397705 262.8626823425293 
Person 0.7307397015918894 327.7358429431915 157.311170399189 343.27552556991577 201.10060393810272 
Vehicle 0.7130267558138923 1150.8281106948853 187.1030205488205 1223.3683462142944 227.56788909435272 
Vehicle 0.6586120501129489 597.4417591094971 168.81447821855545 650.8686676025391 213.10120105743408 
Don't Care 0.5132290373131984 691.87353515625 199.5881805419922 768.4053344726562 269.95587158203125 
Don't Care 0.5129376451105071 97.45726776123047 228.40184020996094 199.37139892578125 334.0970764160156 
Person 0.4876658191972685 348.81 153.98 366.09999999999997 194.04 
Person 0.4876658191972685 298.53 157.12 312.67 201.9 
Person 0.4876658191972685 213.69 157.12 289.11 198.75999999999996 
Don't Care 0.18023269271513867 838.8297119140625 216.33042907714844 1222.56982421875 300.7727966308594 
Don't Care 0.17679474677519824 80.71488189697266 170.01988220214844 123.76004028320312 203.40487670898438 
