Vehicle 1.0 930.8200439214706 150.34398436546326 1241.9731274843216 365.9300431609154 
Vehicle 0.9631421262800018 693.0278177261353 169.34695467352867 766.4567077159882 216.3730412721634 
Vehicle 0.9586947006542711 28.759109247475863 181.65794759988785 165.79690718650818 237.6721054315567 
Vehicle 0.923109540237047 763.0624794960022 163.68639841675758 824.9024305343628 211.44964545965195 
Vehicle 0.9228107384629936 319.22597962617874 182.01401084661484 394.5536756515503 225.98082572221756 
Vehicle 0.7631036910946836 839.0361893177032 132.50621035695076 1029.782931804657 210.45660227537155 
Vehicle 0.46555608147530275 217.23999999999998 164.26 311.49 233.22 
Vehicle 0.46555608147530275 534.48 164.26 587.35 224.02000000000004 
Vehicle 0.3897503431158103 456.63116455078125 172.5290985107422 498.8378601074219 205.7272796630859 
Vehicle 0.1867655674632093 1185.5076904296875 133.9864501953125 1241.4224853515625 204.49078369140625 
