Vehicle 1.0 341.06269454956055 178.45848113298416 487.8125832080841 273.36739778518677 
Person 0.9443215051525029 568.1937375068665 160.0251892209053 595.2903571128845 223.7321299314499 
Person 0.9211926774353025 245.1713501214981 174.5076236128807 273.13372135162354 241.982861161232 
Person 0.9027346338085631 213.87422919273376 169.27418798208237 244.8135187625885 245.82294285297394 
Vehicle 0.795712923601448 474.06554102897644 167.39693135023117 499.8830945491791 192.98108637332916 
Person 0.7161942651573711 1094.1284651756287 132.21047699451447 1181.0119400024414 213.17481637001038 
Vehicle 0.4975451925609495 619.07 157.12 643.42 178.33 
Person 0.4975451925609495 794.26 153.98 831.97 196.4 
Person 0.4975451925609495 194.83000000000004 179.9 220.76 235.67999999999998 
Person 0.4975451925609495 280.46 165.76 349.6 237.24999999999997 
Person 0.4975451925609495 997.74 134.34 1064.51 201.9 
Don't Care 0.47623125683302436 1088.7855224609375 162.19830322265625 1190.5042724609375 213.37144470214847 
Don't Care 0.3787757254047182 286.388671875 201.49349975585938 346.2757873535156 239.93719482421872 
Don't Care 0.30984558609009694 555.2937622070312 0.0 566.4840698242188 25.98958969116211 
Don't Care 0.1981713801310044 999.4119262695312 163.53164672851562 1064.4052734375 207.6781463623047 
Don't Care 0.1845707134124719 41.666526794433594 126.09947967529297 62.554893493652344 161.0509796142578 
Vehicle 0.15834282630473545 1161.810546875 143.29872131347656 1223.522705078125 186.25643920898438 
