Vehicle 1.0 679.579567193985 181.59326165914536 745.0507872104645 228.14561426639557 
Vehicle 1.0 6.69461315497756 188.9699399471283 293.1091331541538 300.4857301712036 
Vehicle 1.0 832.3433042764664 190.92725962400436 1218.0860520601273 372.86464869976044 
Vehicle 0.9925807632427093 752.2705364227295 178.19109186530113 894.356409072876 280.77200800180435 
Vehicle 0.9825155542938656 252.57494142651558 182.34169855713844 395.882828772068 250.98668038845062 
Vehicle 0.7844417837841041 383.5526007413864 191.77738577127457 457.1967669725418 235.53552478551865 
Vehicle 0.7214572260022466 426.8469625711441 175.41582137346268 500.4925353527069 223.15654903650284 
Vehicle 0.7188136916979835 632.7188597917557 161.17335855960846 678.2547447681427 202.88673788309097 
Vehicle 0.69382034770621 521.7241176366806 171.23955488204956 558.1152411103249 198.02480936050415 
Vehicle 0.30222483213096024 735.5338134765624 181.14305114746094 780.039306640625 211.77647399902347 
Vehicle 0.1555965430448833 462.81005859375 176.22952270507812 540.6693725585938 211.94100952148435 
