Vehicle 0.9779407534549996 837.7967222929001 179.5019879937172 1241.3087915182114 371.2172359228134 
Vehicle 0.9569082286634015 729.6575735807419 165.7632663846016 897.3354828357697 291.85737669467926 
Vehicle 0.9420967898851254 249.17834427952766 186.46953999996185 390.51769030094147 283.46671164035797 
Vehicle 0.9398891208963219 1.0461622055154294 194.91387158632278 268.8839859366417 356.0132011771202 
Vehicle 0.9372530039082304 377.39657378196716 178.26442793011665 448.1444306373596 255.99760562181473 
Vehicle 0.919873905035281 443.4395195245743 178.1018301844597 499.62139946222305 219.69151496887207 
Vehicle 0.8426137184191566 687.2444525957108 161.78813204169273 758.0846235752106 243.87569725513458 
Person 0.48424187781885825 67.9713363647461 176.83238220214844 198.00634765625 371.15960693359375 
Don't Care 0.4659601155476534 63.881977081298835 276.6864929199219 221.35479736328125 373.91864013671875 
Vehicle 0.278038922225662 530.002685546875 168.8587188720703 560.6373901367188 196.08380126953122 
