Person 0.9884638935423674 857.2719383239746 155.0698509812355 917.4132142066956 292.11993932724 
Person 0.47998776954449734 1140.43 230.36 1221.61 362.51 
Person 0.47998776954449734 252.16 202.04 286.14 285.11 
Person 0.47998776954449734 289.92 202.98 311.63 285.11 
Person 0.47998776954449734 315.41 202.04 340.89 286.99 
Person 0.47998776954449734 345.61 203.93 366.37999999999994 286.05 
Person 0.47998776954449734 371.1 201.08999999999997 424.91 285.11 
Person 0.47998776954449734 921.43 187.88 959.19 280.39 
Person 0.47998776954449734 961.07 195.43 1002.61 287.94 
Don't Care 0.24941156206151152 250.92909240722656 207.17494201660153 307.3936767578125 282.6380310058594 
