Vehicle 1.0 0.36847304727416486 262.1347904205322 119.22142414748669 373.3581304550171 
Vehicle 1.0 1.9942026275675744 194.62794810533524 258.7816597223282 326.57014578580856 
Vehicle 0.9755404791313773 684.2930656671524 185.53461134433746 750.7801111936569 240.36390334367752 
Vehicle 0.9661502394252417 732.6775853633881 175.33941194415092 826.072162270546 222.557432949543 
Vehicle 0.875721663604622 69.17621259391308 167.923953384161 275.1194459795952 261.5611329674721 
Vehicle 0.8351146758218352 317.5417835712433 188.52147459983826 421.3448334932327 253.48864495754242 
Vehicle 0.8254630391026614 278.4665917754173 191.49190932512283 334.8095957636833 260.8758509159088 
Vehicle 0.7798260787643049 785.8931615352631 175.76706781983376 1122.6204407215118 369.373194873333 
Vehicle 0.690073323730387 629.2207689285278 175.6540797650814 658.8313200473785 201.56767219305038 
Vehicle 0.6143500365113176 366.94605231285095 182.33314901590347 474.41497975587845 235.97297072410583 
