Vehicle 1.0 87.95035699009895 206.21231943368912 386.6249139904976 365.0647848844528 
Vehicle 0.9975308998504204 375.4620857834816 185.01778319478035 480.38759994506836 272.29616045951843 
Vehicle 0.9922744948405404 0.8754348481306806 256.4932331442833 90.08695332705975 372.01935052871704 
Vehicle 0.9811225904024014 815.1299403905869 171.5320609509945 986.6173803806305 265.16615599393845 
Vehicle 0.9224764638351148 666.7641903162003 182.26812779903412 732.4205567836761 224.31720793247223 
Vehicle 0.8924344891314087 480.75574600696564 186.29034608602524 535.575826048851 240.99310487508774 
Vehicle 0.7799321635058387 740.8944307565689 174.30005595088005 781.4888080358505 210.58709174394608 
Vehicle 0.6508300653490678 540.0613523125648 182.8795038163662 566.8568038344383 211.67642623186111 
Vehicle 0.3051765680917282 710.2479248046876 182.43711853027344 740.6231079101562 216.0951843261719 
Vehicle 0.185515260803964 783.5175170898438 171.39500427246094 846.611572265625 221.64909362792966 
