Person 1.0 797.8112697601318 146.65367782115936 882.9362840652466 309.3102836608887 
Person 0.5090316297955764 879.1099999999999 194.04 908.9599999999999 272.61 
Person 0.5090316297955764 303.25 204.26 340.17 276.54 
Person 0.5090316297955764 249.82 202.69000000000003 303.25 286.75 
Person 0.5090316297955764 915.25 190.12 963.9500000000002 275.75 
Person 0.5090316297955764 340.96 206.60999999999999 394.38 282.82 
Person 0.5090316297955764 970.24 193.26 1029.16 283.61 
Person 0.5090316297955764 378.67 208.19 429.73 275.75 
Don't Care 0.3184720561425075 868.1320190429688 204.96949768066406 920.322509765625 280.4620666503906 
Don't Care 0.22496647434776743 372.83172607421875 205.5427703857422 421.8005065917968 275.54644775390625 
Don't Care 0.16442384245498298 250.43508911132812 208.62620544433597 311.72637939453125 284.1441955566406 
