Vehicle 1.0 693.2154071331024 182.1291223168373 770.1963551044464 238.0070686340332 
Vehicle 1.0 756.6791836023331 185.7953444123268 1003.860503911972 319.15582716464996 
Vehicle 1.0 896.163974404335 215.9135341644287 1224.8774696588516 371.33266031742096 
Vehicle 0.8938064239248894 183.9366880953312 193.7950998544693 299.9755791127682 240.41703343391418 
Vehicle 0.8596705798240257 6.667241522110999 194.52383369207382 160.3015332520008 242.08992719650269 
Vehicle 0.8327610508476232 655.5101584196091 177.98267304897308 693.8658256530762 207.2637677192688 
Vehicle 0.7982789996970386 599.2772725224495 173.65572229027748 634.9714872837067 204.81379330158234 
Vehicle 0.7268212661289138 502.4620020389557 175.0253364443779 524.4805492758751 205.82246035337448 
Vehicle 0.6465784663297738 464.577455163002 181.9075606763363 501.65886175632477 211.52179688215256 
Vehicle 0.20316507747528173 258.609619140625 197.32858276367188 319.9750671386718 237.5655975341797 
