Vehicle 1.0 762.8554944992065 155.97053244709969 1107.6852443218231 364.5240291953087 
Vehicle 1.0 50.666384004056454 200.63962787389755 435.03501069545746 371.5739920735359 
Vehicle 0.9737930586098565 665.5238349437714 182.55585059523582 742.5197367668152 253.6422461271286 
Vehicle 0.9479090313131472 460.5567938089371 181.70325458049774 535.6029576659203 243.42955648899078 
Vehicle 0.9104412793772615 719.0873472690582 188.09793144464493 788.800057053566 278.85018289089203 
Vehicle 0.7980096457927441 534.1443648934364 177.77301371097565 562.1072902679443 208.9659422636032 
Vehicle 0.7841634574609782 627.5816195011139 173.95848780870438 657.0652849674225 201.35971158742905 
Vehicle 0.4749274316601489 559.5 174.77 581.85 200.31 
Vehicle 0.23511647664131707 407.681396484375 209.24061584472653 503.1887512207031 261.0202941894531 
Vehicle 0.16842143506534749 601.4083251953125 174.86972045898438 623.21630859375 190.9633483886719 
