Vehicle 1.0 26.308940334245563 190.56462001800537 113.89930291473866 261.72546339035034 
Vehicle 1.0 237.6355696618557 188.50490522384644 360.0112994015217 250.29446649551392 
Vehicle 0.9852312210164809 28.272991072386503 292.34792375564575 162.96151785552502 375.00704288482666 
Vehicle 0.9725726216614389 385.65891894698143 190.0265235900879 497.5053685903549 262.42182874679565 
Vehicle 0.9620388240708054 578.0998358428478 178.62472867965698 614.8849485814571 214.6783995628357 
Vehicle 0.8888457849489638 200.23959942162037 185.25554013252258 270.05913431942463 226.23498964309692 
Vehicle 0.742285687247846 362.7032664716244 178.4236764907837 408.64356741309166 218.52358150482178 
Vehicle 0.71302566011134 471.717983931303 182.2449791431427 517.4937030375004 220.73204040527344 
Vehicle 0.6572828027068559 512.7992003560066 160.8780574798584 561.1474260091782 204.96438074111938 
Vehicle 0.28913688024886725 293.6884765625 180.6157989501953 360.2115173339844 214.9749908447266 
Don't Care 0.19214308560974883 665.3426513671876 138.24459838867188 691.71142578125 164.19351196289062 
