Vehicle 0.9836678709501449 66.4318846911192 209.75055545568466 219.51728689670563 265.1337459683418 
Vehicle 0.9719278984768952 209.35090711712837 202.40557193756104 277.93408289551735 240.59676378965378 
Vehicle 0.9366916306156018 568.0782818198204 183.51970240473747 650.6697002649307 256.4658522605896 
Vehicle 0.9067856066977777 0.17085958295501769 211.04543656110764 84.60346104204655 255.47553598880768 
Vehicle 0.8095432039233325 311.82515555620193 191.8286830186844 360.150563120842 227.55702584981918 
Vehicle 0.7663828722897437 274.6645379662514 194.0535083413124 308.61459320783615 224.52892363071442 
Don't Care 0.3525759275152514 1166.849853515625 53.588882446289055 1216.6138916015625 143.16322326660156 
Don't Care 0.35047405190859104 933.4711303710938 0.0 962.1105346679688 33.582027435302734 
Don't Care 0.307245682601981 251.1552276611328 59.12135696411133 271.0706481933594 97.49102783203126 
Don't Care 0.18011979982766335 859.2083129882812 124.62171173095705 876.9242553710938 167.11692810058594 
