Vehicle 1.0 524.9364196658134 175.63607543706894 738.6175217628479 368.4508502483368 
Vehicle 0.9723300345516499 204.8523332476616 188.91111016273499 308.6590846180916 227.149598300457 
Vehicle 0.9573627447059757 329.03796422481537 185.0619949400425 399.9869577884674 215.4882475733757 
Vehicle 0.9162559698826269 54.70163369178772 198.99272918701172 146.29377177357674 235.56185513734818 
Vehicle 0.7741180942403953 418.54820412397385 181.36536329984665 466.58227068185806 206.53293281793594 
Don't Care 0.4311261836916169 599.342041015625 0.0 630.9004516601562 31.600086212158207 
Don't Care 0.3570595443793855 732.8211669921875 88.47057342529297 753.038330078125 140.6616973876953 
Don't Care 0.3099292902526729 933.4443359374999 84.75562286376953 954.7565307617189 138.28688049316406 
Don't Care 0.29489321478979824 392.92822265625 96.43785858154297 404.49176025390625 121.15396118164061 
Vehicle 0.29290501907263283 382.00305175781244 181.12535095214844 418.3603820800781 204.28613281249997 
Person 0.16364414284007786 634.376708984375 200.1671142578125 697.6649780273438 256.2132568359375 
