Person 0.9789072355345284 659.9533052444458 147.82502800226212 701.1192140579224 264.22441124916077 
Person 0.9536069856167304 589.4223167896271 144.53733682632446 618.8532757759094 226.87639474868774 
Person 0.9365479061619679 552.6808662414551 133.31640481948853 578.7569761276245 229.1002255678177 
Person 0.7143651383307279 506.31771183013916 143.03312987089157 521.8913555145264 182.4419891834259 
Vehicle 0.48261522281273384 0.8562089800834656 96.32685089111328 262.0947570800781 363.9032897949219 
Person 0.4823740870149884 407.14 137.64 428.38 194.28 
Person 0.4823740870149884 356.01 143.15 387.48 177.76 
Person 0.4823740870149884 304.09 217.88 414.22 294.18 
Person 0.4823740870149884 289.93 145.51 334.77 207.65 
Person 0.4823740870149884 437.82 137.64 462.21 202.93 
Person 0.4823740870149884 371.74 187.2 486.59 272.16 
Person 0.4823740870149884 655.72 154.16 668.3099999999998 211.59 
Don't Care 0.2392714830288672 252.70468139648438 221.671630859375 319.7825927734375 299.2077331542969 
Don't Care 0.2290468348554489 308.39709472656256 193.1865692138672 406.0919494628906 290.6534118652344 
