Person 1.0 809.8598213195801 144.56620514392853 872.834638595581 322.0006990432739 
Vehicle 1.0 2.8234822880476713 124.80911672115326 132.5446457862854 279.11276638507843 
Person 0.5128172959963829 371.27 197.19 428.7 271.92 
Person 0.5128172959963829 336.66 199.54999999999998 367.34 267.99 
Person 0.5128172959963829 303.62 189.32 341.38 279.79 
Person 0.5128172959963829 244.62 197.19 301.26 285.29 
Don't Care 0.21393458230067816 943.7080078125 193.80760192871094 1002.4338989257812 278.61041259765625 
Don't Care 0.21096903596177247 870.6453247070312 207.1318359375 919.828125 279.25018310546875 
Don't Care 0.19349573764042038 283.1978454589844 209.29603576660156 334.14984130859375 283.5278015136719 
Don't Care 0.16527684243747784 343.87176513671875 208.8162078857422 390.8975524902344 282.4459228515625 
