Vehicle 1.0 244.45953422784805 171.71522229909897 560.689265370369 361.983485519886 
Vehicle 1.0 918.5889036655426 210.0984826683998 1230.3610914945602 372.97969311475754 
Vehicle 0.9910908374644776 3.910767663270235 228.24789583683014 278.80077704787254 373.18119406700134 
Vehicle 0.9779628495184116 552.4908902049065 173.74034598469734 675.6881604194641 263.322651386261 
Vehicle 0.9216158915077614 838.2886447906494 176.9162155687809 904.3183393478394 233.489491045475 
Vehicle 0.791843079144603 695.249575138092 163.50391879677773 738.8724775314331 207.81446993350983 
Vehicle 0.7909452101164673 809.7891944646835 168.49112883210182 836.969374537468 192.8263083100319 
Person 0.4605431994429214 770.23 165.19 790.98 201.11 
Vehicle 0.4605431994429214 753.46 161.2 774.22 183.55 
Vehicle 0.1837004030553733 732.4185180664064 169.55194091796875 753.3472290039062 198.59194946289062 
