Vehicle 1.0 753.9871201515198 179.84895408153534 901.2938117980957 271.9023898243904 
Vehicle 0.9427873178292034 383.10409623384476 177.83451452851295 445.552195250988 204.45974171161652 
Vehicle 0.7901955803595158 1173.2343428134918 151.72818303108215 1237.8224712610245 176.42920464277267 
Vehicle 0.7159602944300717 609.4675081372261 172.06881567835808 677.6546659469604 199.85125958919525 
Vehicle 0.4979617789555068 555.64 171.56 601.87 194.66999999999996 
Vehicle 0.4979617789555068 710.29 169.17 731.81 187.5 
Vehicle 0.4979617789555068 972.56 168.37 1034.74 181.12 
Don't Care 0.38473411611740516 636.9459838867186 33.78778076171875 645.5684814453125 62.635562896728516 
Vehicle 0.2895542278591304 253.40728759765625 182.96728515625 303.3222961425781 204.02134704589844 
Vehicle 0.16393065123490472 587.0186157226562 174.09324645996094 608.6771850585938 189.185791015625 
