Vehicle 1.0 0.6895125388400629 203.85215431451797 190.6513191461563 327.6674374938011 
Vehicle 0.9369801777180259 223.01983800530434 160.977590829134 532.1001659631729 322.6149156689644 
Vehicle 0.857875992267457 1171.0672187805176 155.53804859519005 1202.5061373710632 175.71088671684265 
Vehicle 0.8454487740849982 1137.9701253175735 157.86419436335564 1173.030541062355 176.98942869901657 
Vehicle 0.8420115047768403 685.0814001560211 165.9272164106369 738.4385937452316 207.987941801548 
Vehicle 0.8300031416022026 1205.1319448947906 158.60167890787125 1241.102472782135 174.0688718855381 
Vehicle 0.7824841971185654 1103.8595012426376 158.71157124638557 1136.5156781673431 177.56109684705734 
Vehicle 0.6902301287850312 1045.8737944364548 159.59446504712105 1077.16206407547 178.85912954807281 
Vehicle 0.6862463942299777 889.586722612381 158.19229558110237 918.8239456415176 173.75275120139122 
Vehicle 0.4935017305798053 973.45 164.24 1003.17 179.1 
Vehicle 0.4935017305798053 860.52 159.78 882.81 172.42 
Vehicle 0.4935017305798053 526.84 180.32 553.72 198.24 
Vehicle 0.4935017305798053 843.43 161.27 863.49 174.57 
