Vehicle 0.9325856008519642 299.76404133439064 166.6608341038227 359.9086364507675 200.01762360334396 
Vehicle 0.8967920543358325 360.8751586675644 165.81155732274055 437.34334498643875 196.8982145190239 
Vehicle 0.7344939905171255 762.9387030601501 158.2847647368908 815.1326794624329 183.1231378018856 
Vehicle 0.7129500929993853 717.9607003927231 168.29723864793777 770.0649536848068 187.4619796872139 
Vehicle 0.7059805640947967 612.6344674229622 162.2859388589859 664.7628911733627 188.6621117591858 
Vehicle 0.5303836303097159 807.66 162.44 843.27 182.27 
Vehicle 0.5303836303097159 404.0 166.82 450.0 192.2 
Vehicle 0.5303836303097159 1110.75 155.13 1142.67 174.54 
Vehicle 0.5303836303097159 532.18 154.38 597.63 192.23999999999998 
Vehicle 0.5303836303097159 235.24 154.38 299.61 199.81 
Vehicle 0.5303836303097159 660.37 168.44 700.94 192.23999999999998 
Vehicle 0.5303836303097159 585.19 163.57 620.35 187.90999999999997 
Vehicle 0.5303836303097159 687.42 166.28 725.82 189.0 
Person 0.5303836303097159 268.72 162.35 283.15 206.07 
