Person 1.0 1053.0910266637802 204.73124831914902 1121.9928231239319 307.9857900738716 
Person 0.9856530322962362 849.9175593852997 165.2986966073513 902.4410387277603 273.53721857070923 
Person 0.9576470375416493 943.8821593523026 168.1426540017128 969.7712742090225 256.2221512198448 
Person 0.9567256914229129 916.0803580284119 166.98551550507545 944.1525871753693 247.3805621266365 
Person 0.9474522806445435 302.2909091413021 166.86413437128067 324.5092420578003 240.63440412282944 
Person 0.8181153624036953 750.5668337345123 160.11840105056763 774.3991277217865 242.4819990992546 
Vehicle 0.7609272225338656 557.8507726192474 155.13010695576668 614.0040403604507 200.81381499767303 
Person 0.7344526404511224 1191.7976989746094 186.4687241613865 1225.6736512184143 273.00428599119186 
Person 0.6747605887488185 271.85634157061577 189.74407017230988 299.680740237236 228.08412462472916 
Person 0.6649856268299144 1134.6766505241394 156.38158097863197 1192.72476375103 285.77616065740585 
Person 0.5022735279320178 539.63 169.67 561.73 207.53 
Person 0.5022735279320178 785.15 182.18 827.3 230.85999999999999 
Person 0.5022735279320178 583.1 169.8 602.6 201.66 
Person 0.5022735279320178 523.51 169.13 544.88 209.52 
Don't Care 0.26680240000047484 861.7926635742186 206.06500244140625 903.4044189453125 276.2065734863281 
Don't Care 0.18279556536813119 1015.0892333984375 216.35997009277344 1092.8934326171875 312.49395751953125 
