Vehicle 1.0 164.80780613422394 190.6345635652542 304.0283875465393 249.93840605020523 
Vehicle 1.0 841.7348413467407 172.3899096250534 1067.4224427938461 307.4672296643257 
Vehicle 0.990655841939633 355.2355577945709 185.17111614346504 446.33953034877777 242.18299984931946 
Vehicle 0.976957344654325 592.5139119029045 180.11768907308578 659.3056976795197 242.41798371076584 
Vehicle 0.8105918641052177 678.7463711500168 180.16059324145317 750.0202778577805 221.56646847724915 
Vehicle 0.7611248502061627 289.7988352775574 179.99592795968056 367.1511125564575 231.52660578489304 
Vehicle 0.7550474663996419 484.4940608739853 180.10903894901276 530.7119007110596 211.59937977790833 
Vehicle 0.7341443597349865 556.1032447814941 180.04559352993965 585.9106759428978 198.97674769163132 
Vehicle 0.7056290446455216 720.8727779388428 180.34282699227333 821.8347440958023 234.31798070669174 
Vehicle 0.4764394937171253 0.0 185.71 110.17 250.72 
