Vehicle 1.0 655.3674305677414 182.1056865155697 714.4463231563568 227.91702300310135 
Vehicle 1.0 568.1353581547737 181.60095065832138 625.7576197385788 227.212093770504 
Vehicle 1.0 0.39825626055244356 216.68028831481934 397.0714749097824 372.4541813135147 
Vehicle 0.9959704242158759 822.5534913539886 185.44205278158188 1241.3815619945526 372.84500151872635 
Vehicle 0.972660174173762 524.7775164842606 181.33417144417763 568.3874267935753 213.19645643234253 
Vehicle 0.9298154804683838 303.6869474351406 198.66252690553665 475.94038367271423 325.2856135368347 
Vehicle 0.7821331627752665 460.7181029319763 176.35400220751762 513.9875721931458 206.14488422870636 
Vehicle 0.731705126846821 81.51567573845387 185.7938915491104 199.01949825882912 231.76628351211548 
Vehicle 0.729618418725947 380.2673061490059 177.9938042163849 473.50201749801636 226.81590914726257 
Vehicle 0.632276031035118 638.9399582147598 131.27248361706734 708.035858631134 210.2336660027504 
Person 0.4812377189528442 737.17 169.56 751.7799999999999 212.86 
Vehicle 0.4812377189528442 618.32 176.37 647.12 199.02000000000004 
Vehicle 0.4812377189528442 299.98 179.69 346.5 204.57 
Vehicle 0.17050810619728585 489.8449401855469 180.86134338378906 525.3547973632812 201.19151306152347 
