Vehicle 1.0 312.0395804643631 195.31253725290298 420.4014083147049 259.7789391875267 
Vehicle 1.0 784.1109881401062 183.04912000894547 1080.9040803909302 348.54910522699356 
Vehicle 0.9915496320173205 717.3201277256012 179.01679873466492 821.0024363994598 257.8359469771385 
Vehicle 0.8300051167095795 481.91363310813904 183.96859243512154 516.564076423645 209.66845750808716 
Vehicle 0.7124576218308344 579.4501308202744 175.95601826906204 614.3471646308899 192.4317106604576 
Vehicle 0.6430139492422935 638.4688378572464 174.83852058649063 673.3347054719925 199.1032361984253 
Vehicle 0.47758449173102885 309.82 192.42999999999998 348.21 215.34 
Vehicle 0.47758449173102885 500.53 185.0 528.39 205.43 
Vehicle 0.47758449173102885 515.57 177.78 539.63 200.38 
Vehicle 0.47758449173102885 622.84 174.44 636.11 186.06 
