Vehicle 1.0 0.9117578412406147 209.1103121638298 338.5915877223015 372.4040240049362 
Vehicle 0.9570663158493247 330.11800986528397 194.56174224615097 457.63438922166824 279.3458551168442 
Person 0.9448982306341192 1095.0585672855377 134.95022803544998 1213.4366626739502 305.91338127851486 
Vehicle 0.9211790299031003 476.397845685482 186.08001619577408 523.79970484972 222.416952252388 
Person 0.8950505023816554 1005.3396027088165 144.8935568332672 1132.6638768911362 335.1499065756798 
Vehicle 0.8683786366872018 561.2376349568367 179.2137734591961 593.8679387569427 206.90663158893585 
Vehicle 0.6465544255533071 539.3328332304955 178.01378667354584 559.7226691246033 200.8141279220581 
Don't Care 0.5104870107705163 997.5180053710939 222.0743103027344 1140.101806640625 357.0859680175781 
Vehicle 0.4615401006741913 503.50000000000006 159.34 545.85 211.35 
Don't Care 0.30459927075406096 1094.0166015625 218.2792510986328 1234.7161865234375 319.8437194824219 
