Vehicle 1.0 826.7593731880188 179.01495471596718 1241.9321154356003 372.87716567516327 
Vehicle 1.0 0.9313887477619573 193.04325431585312 297.59850892424583 367.3459365963936 
Vehicle 0.8899077516238715 407.28332698345184 177.27040126919746 480.2289928793907 231.56089335680008 
Vehicle 0.8008221004143145 619.2660564780235 170.75198516249657 641.5152779817581 187.61037290096283 
Vehicle 0.7361522637499673 504.8381468653679 178.52917313575745 540.8518706560135 205.6131362915039 
Vehicle 0.727988933412741 638.7228312492371 175.85284262895584 671.0871119499207 201.0929211974144 
Person 0.7174275869347296 482.4722557067871 175.12020841240883 507.03095895051956 244.84536051750183 
Vehicle 0.484161587924191 655.2899999999998 175.02 680.92 194.67999999999998 
Person 0.484161587924191 450.18 176.21 473.32 250.20000000000002 
Person 0.484161587924191 522.58 174.17 535.72 215.07999999999998 
Person 0.484161587924191 633.36 172.98 641.42 195.08000000000004 
Person 0.484161587924191 704.8 164.07 719.99 209.86 
