Vehicle 1.0 265.14581912755966 200.20175725221634 380.62801229953766 281.8737030029297 
Vehicle 1.0 388.67670089006424 194.9591338634491 496.9209337234497 271.47721499204636 
Vehicle 1.0 41.070476084947586 210.3673741221428 295.42431512475014 333.79094302654266 
Person 0.994495101092862 819.0676152706146 181.07564002275467 914.5129426717758 284.0995565056801 
Vehicle 0.9898646786803013 1121.878744482994 156.988475471735 1241.6053515672684 260.0453495979309 
Vehicle 0.8421722387563513 458.8256633877754 172.90975525975227 533.7516041994095 239.38091844320297 
Vehicle 0.7957457795422795 546.4785534739494 182.814572006464 567.7586617469788 201.12307369709015 
Vehicle 0.7742920203840568 371.4825105071068 192.3884153366089 444.5713854432106 241.77148193120956 
Vehicle 0.7638863831953316 615.3954148292542 179.601039737463 664.3350777626038 205.18134534358978 
Vehicle 0.7278448312427015 517.4597529172897 184.94240194559097 544.5453609824181 225.76629370450974 
Vehicle 0.7152336727560288 637.7729655504227 180.07446080446243 706.0597293376923 212.10721135139465 
Don't Care 0.4796572737911626 819.8068237304688 223.88302612304688 938.9158325195312 286.57305908203125 
Don't Care 0.3104083810976628 786.598388671875 208.6070556640625 843.9407348632812 273.3191223144531 
Person 0.19406224712231926 231.1766357421875 182.29360961914062 255.30003356933594 209.99313354492188 
Person 0.1534696712638962 819.404052734375 184.71253967285156 847.2904052734374 228.0547332763672 
