Vehicle 1.0 699.4142228364944 185.276560485363 839.0832717418671 272.8054001927376 
Vehicle 1.0 912.5086823701859 238.00411820411682 1241.6271160840988 373.1048181653023 
Vehicle 0.992627125111213 3.8688030699267983 203.4592553973198 195.7979796230793 347.9515537619591 
Vehicle 0.9579187528003846 271.8116465806961 187.4813362956047 457.93820410966873 247.50477075576782 
Vehicle 0.8811532181066959 672.4319221973419 180.31501024961472 728.9630337953568 222.70021587610245 
Vehicle 0.8080653667173964 69.37378203123808 185.78333035111427 305.1491676270962 294.7576269507408 
Vehicle 0.795551966367871 449.25545740127563 175.06017163395882 517.1980975270271 215.09157121181488 
Vehicle 0.7630435855250356 645.2042155265808 171.03911563754082 681.6990165710449 201.59009099006653 
Vehicle 0.6286913064428424 495.5538407564163 170.96932232379913 547.1046534776688 207.0135623216629 
Vehicle 0.47538373296084485 353.29 170.1 458.15 217.2 
