Vehicle 1.0 305.2400196790695 176.2700043618679 455.92498630285263 230.70500046014786 
Vehicle 1.0 0.9771322886226699 197.6742446422577 148.2087346315384 362.17888444662094 
Vehicle 1.0 640.7132481336594 176.23020708560944 726.3572881221771 239.4009679555893 
Vehicle 0.8196199518999538 406.05359476804733 175.05845054984093 480.8918482661247 211.2300843000412 
Vehicle 0.6990990848990678 582.7340558767319 176.57477036118507 606.3186859488487 194.63002681732178 
Person 0.505503962900634 431.69999999999993 179.46 444.5 233.21000000000004 
Person 0.505503962900634 419.71 182.74 434.64 235.9 
Person 0.505503962900634 395.52 185.4 407.17 238.88 
Person 0.505503962900634 406.57 184.83 417.92 237.97999999999996 
Vehicle 0.505503962900634 569.28 175.09 592.09 191.26 
Vehicle 0.505503962900634 562.89 172.33 577.58 185.72 
Vehicle 0.2536160663667632 490.3013610839843 171.66664123535156 513.6959228515625 191.51347351074222 
Vehicle 0.21627268331827768 447.0318603515625 170.59742736816406 492.7171630859375 202.2125701904297 
