Vehicle 0.9618301407220651 264.19447284936905 181.91896006464958 360.4075917005539 245.7456886768341 
Vehicle 0.9539112077262891 145.7346402257681 197.2842961549759 281.2127704024315 267.41232722997665 
Vehicle 0.9370963121429731 378.52018547058105 182.86288529634476 445.16280287504196 220.95083445310593 
Vehicle 0.9349266851503508 0.26242360347532667 184.31097641587257 144.3050575554371 304.91068214178085 
Vehicle 0.8815742251805796 433.1722567677498 181.84608221054077 471.5460240840912 210.52993834018707 
Vehicle 0.8031555888872802 498.3766393661499 177.9876910150051 530.2692815065384 198.28491657972336 
Person 0.4578725279167292 830.82 162.48 845.21 194.04 
Person 0.4578725279167292 765.51 162.92 774.32 183.48 
Vehicle 0.4578725279167292 681.8000000000001 149.97 725.44 185.42 
Don't Care 0.2895259982141927 680.852294921875 149.11671447753906 725.9354248046875 185.7042694091797 
