Vehicle 1.0 0.42113616404822096 202.49707996845245 413.5272633433342 372.2279369831085 
Vehicle 1.0 730.7710433006287 199.50170069932938 979.6830868721008 358.4281727671623 
Vehicle 0.9855822049775388 328.568398475647 194.83253359794617 488.33568316698074 320.98985463380814 
Vehicle 0.9786509716928063 688.4075957536697 186.45576015114784 796.8403433561325 267.39053428173065 
Vehicle 0.9559796937487393 440.303393304348 189.00583684444427 521.3645959496498 265.6339555978775 
Vehicle 0.9271062214841436 657.0205714702606 186.74930557608604 718.3808888196945 241.24617129564285 
Vehicle 0.8629377135298648 516.2159922122955 184.30475145578384 562.0109785795212 220.07540613412857 
Vehicle 0.6765267062819756 606.266495525837 182.33664706349373 633.8817068338394 200.16273111104965 
Vehicle 0.6419299148399259 569.3014624714851 176.0045327246189 600.653508067131 206.806942820549 
Vehicle 0.6244196237882516 542.2578658461571 174.2876172065735 580.1739860773087 209.8207175731659 
Vehicle 0.530806696141617 978.5704345703125 252.4481201171875 1239.992431640625 372.7247009277344 
