Vehicle 1.0 750.1876573562622 181.4710982143879 1012.9463013410568 339.07002210617065 
Vehicle 0.9882633088896043 582.7896886467934 174.18470978736877 638.9301863908768 217.11456030607224 
Person 0.9825177306908762 280.41233217716217 177.06165835261345 339.8615916967392 312.45267391204834 
Person 0.9295407226309272 371.45471262931824 178.12180146574974 412.47231352329254 282.588891685009 
Vehicle 0.9072434341920355 416.23776000738144 178.5719431936741 452.63928455114365 211.28638833761215 
Vehicle 0.7829250908271651 302.6959401369095 185.48143655061722 390.987996339798 261.22067123651505 
Vehicle 0.7298445517354778 649.9357770681381 170.3026369214058 765.4297778606415 253.0721202492714 
Vehicle 0.7158442903335389 542.7641869783401 173.86995255947113 567.0722651481628 195.67499309778214 
Vehicle 0.7158237990705097 560.4557409882545 174.93785172700882 591.572337448597 204.20247316360474 
Vehicle 0.6569475283391136 153.16957314312458 202.98725366592407 326.2562887072563 307.3326274752617 
Vehicle 0.4868303150739029 529.22 174.94 544.31 186.56 
Don't Care 0.46380156116736726 275.822021484375 233.87692260742188 337.1233215332031 327.76336669921875 
Don't Care 0.3421526457737051 371.3784790039063 217.22047424316406 412.5612487792969 293.4806213378906 
