Vehicle 1.0 523.5364208221436 177.68890410661697 735.0712380409241 370.7212507724762 
Vehicle 0.9409057429899149 344.9895413517952 182.35740065574646 447.73127496242523 219.26891058683395 
Vehicle 0.9279742856388435 439.3120713829994 179.2304590344429 498.24401646852493 208.60985666513443 
Vehicle 0.9253056886347736 176.53384673595428 193.31075996160507 258.70348513126373 225.45944899320602 
Vehicle 0.48621750686362464 333.15 187.17 372.92 208.67000000000002 
Don't Care 0.4390740120193978 599.3381958007812 0.0 630.9559936523438 31.56665229797363 
Don't Care 0.35977928162235284 732.7709350585938 88.59471130371094 753.0377807617188 140.3797607421875 
Don't Care 0.31116779146333995 933.213623046875 84.60395050048828 954.7607421875 138.46083068847656 
Don't Care 0.30376796206264645 392.8927001953125 96.4111557006836 404.45709228515625 121.17416381835938 
Person 0.16938910479964392 635.1298828125 200.01068115234375 697.6220092773438 256.3431701660156 
Don't Care 0.15638189679466336 469.92431640625 99.27729034423828 517.5686645507812 122.27108001708983 
