Person 1.0 870.8315781354904 162.23105037212372 944.1149659156799 350.5073198080063 
Person 0.9890654473323439 775.0352100133896 173.93310713768005 829.5811847448349 360.2608654499054 
Person 0.9697298139557621 546.9857727885246 168.51722127199173 583.0853644013405 259.0194081068039 
Person 0.9055148727701412 211.00819221138954 167.94734507799149 274.9372441768646 339.67889189720154 
Person 0.898168157793779 719.7849782705307 166.3697528243065 747.486098408699 238.83766758441925 
Person 0.682524110180633 491.7303757071495 176.62964206933975 507.972598195076 228.98458755016327 
Person 0.6632915112671339 133.0286262333393 173.99006354808807 214.23595690727234 313.1829926967621 
Person 0.48617759322720705 507.29 175.07 532.65 233.71 
Person 0.47922562008139685 995.0476684570311 164.98870849609375 1042.4683837890625 267.37432861328125 
Person 0.3913162850787107 1135.6036376953125 148.62612915039062 1194.71826171875 262.7613830566406 
Person 0.34216568890798754 952.0695190429688 158.35728454589844 988.9735717773438 247.86009216308594 
Don't Care 0.2648425729871757 1.0822539329528809 238.24357604980466 127.40627288818361 340.37548828125 
Don't Care 0.17387088798492828 126.61186981201172 231.0488433837891 215.92388916015625 327.9310607910156 
