Vehicle 1.0 728.2267416715622 175.82977563142776 960.6874755620956 330.2954435348511 
Vehicle 0.9888049100466139 102.08661425113678 177.44657769799232 329.9580702781677 312.0727390050888 
Vehicle 0.9822546500756739 368.3839910030365 184.82907861471176 428.1569421887398 239.65325206518173 
Vehicle 0.9787366662632186 317.66370928287506 193.51284205913544 395.85218077898026 267.7558735013008 
Vehicle 0.9762956560854532 666.3805721998215 181.42718821763992 771.5741822719574 268.11835169792175 
Person 0.9683491695074389 1091.0610029697418 156.86751902103424 1166.6017173528671 306.8196326494217 
Person 0.869609631964832 575.3796479701996 173.43483120203018 610.7672347426414 264.7616118192673 
Vehicle 0.7149133815486067 645.3117055892944 179.23421412706375 693.2576036453247 242.43709444999695 
Vehicle 0.622972636354176 559.8796845674515 164.38153758645058 587.2924636602402 203.06897163391113 
Vehicle 0.544198655158043 0.7703221440315245 220.29460144042966 127.64373016357422 372.1546325683594 
Vehicle 0.47342891988584834 408.83 150.93 509.87 205.04 
Person 0.47342891988584834 512.6 174.4 523.9 206.72000000000003 
Vehicle 0.25950998135835257 418.3739318847656 178.5205535888672 473.43872070312494 213.11773681640625 
Vehicle 0.15111874966739935 630.3643188476562 177.804443359375 663.2567138671875 228.51838684082028 
