Vehicle 1.0 0.2685758266597986 216.00979042053223 291.8349014669657 373.8938937187195 
Vehicle 0.9814407073107927 377.50083777308464 183.34885001182556 487.2069838643074 265.38106775283813 
Vehicle 0.9803660352697066 697.0000040531158 190.95421886444092 796.4572879076004 258.0242519378662 
Vehicle 0.9649703320006128 162.66780400276184 189.6886501312256 311.69506549835205 260.88259506225586 
Vehicle 0.9107958371098197 339.57104912400246 185.31154608726501 392.3648705482483 228.5558638572693 
Vehicle 0.9038325576622231 644.1495590806007 182.51088976860046 687.849771797657 214.1800832748413 
Vehicle 0.8615962880869386 465.56521221995354 184.06146359443665 520.8238038122654 233.51948404312134 
Vehicle 0.752365240769986 585.622779071331 180.1610713005066 611.8904098272324 203.39764833450317 
Vehicle 0.6295391027809859 502.8619340658188 181.7815124988556 532.0652609467506 215.81100177764893 
Vehicle 0.4618107772449694 578.17 181.78 590.85 197.92 
Vehicle 0.4618107772449694 527.04 184.86 550.88 205.22999999999996 
