Vehicle 1.0 0.25236965258955024 231.29814863204956 318.24587309360504 372.5881576538086 
Vehicle 1.0 696.7762005329132 184.34737622737885 817.1514494419098 267.25586503744125 
Vehicle 1.0 857.9169816970825 175.30767247080803 1241.450779080391 372.62794375419617 
Vehicle 0.9302630724489875 678.601348400116 179.69747632741928 747.8447885513306 236.14458739757538 
Person 0.8841079898692477 994.1716665029526 148.19764718413353 1039.5627508163452 184.13184955716133 
Vehicle 0.8098744637241182 596.7197937369347 175.84465071558952 623.0554143190384 201.48693770170212 
Vehicle 0.40314944981316014 654.3360595703125 179.0775909423828 693.7652587890625 217.07864379882812 
Vehicle 0.2721238626974462 313.4127502441406 193.4513397216797 368.76959228515625 225.57286071777344 
Vehicle 0.22897445537632835 637.385009765625 182.4136962890625 657.908203125 201.8417663574219 
Vehicle 0.226928173716272 361.040283203125 194.5450439453125 398.58004760742193 221.96495056152344 
Vehicle 0.17214695886252585 489.147705078125 181.749267578125 517.2197875976562 207.57373046875 
