Person 1.0 986.0486211776733 159.3669629096985 1073.1955404281616 318.0144673585892 
Person 0.9727714101380318 381.0433223247528 166.89957588911057 420.2804911136627 244.10436272621155 
Person 0.9635548372264103 331.6779520511627 160.38836985826492 362.0880181789398 243.1102031469345 
Person 0.9635120865705107 629.4052791595459 159.07432109117508 671.466432094574 279.5329558849335 
Person 0.937693545331073 223.6498339176178 156.17270231246948 249.89817488193512 235.31013369560242 
Person 0.8962977338482079 1042.4477605819702 162.07596451044083 1078.3983306884766 308.44233751296997 
Person 0.7756568469630118 303.8134331703186 165.3938803076744 324.50669717788696 235.19492506980896 
Person 0.7046119183470175 266.5131754875183 158.66982281208038 290.0985281467438 234.49604272842407 
Person 0.4973989387136159 284.25 165.3 302.1 228.70000000000002 
Vehicle 0.4915620498719375 1065.2470703125 186.826904296875 1153.587890625 225.1259460449219 
Don't Care 0.17977028921082563 626.97119140625 208.26388549804688 649.48876953125 241.468994140625 
Vehicle 0.17019532666802298 594.704345703125 172.55767822265625 634.9129638671875 203.74417114257812 
Vehicle 0.16946907591086077 1131.9920654296875 187.83474731445312 1198.3624267578125 225.23623657226565 
Don't Care 0.16505327376458365 840.864990234375 217.4442138671875 1005.9307861328125 286.8838806152344 
