Vehicle 1.0 659.0230550765991 175.014428794384 735.6739819049835 238.14797401428223 
Vehicle 1.0 896.2793115377426 243.00391227006912 1241.7286098003387 373.38580191135406 
Vehicle 0.6901124553007575 312.2591133713722 185.68475916981697 421.73600256443024 241.55084788799286 
Don't Care 0.5736445473006869 793.1053466796875 199.3609161376953 998.4790649414062 328.87567138671875 
Don't Care 0.43887593988445506 266.8795775771141 207.15873688459396 376.6165305376053 282.75250643491745 
Vehicle 0.4059943622520469 393.2521353363991 180.20084872841835 469.6095373034477 233.57141017913818 
Don't Care 0.32351617181302045 185.3178253173828 212.86927795410156 282.7320556640625 331.89959716796875 
Don't Care 0.3042021422523203 118.3809585571289 202.64064025878903 186.0640869140625 310.0552978515625 
Person 0.2140087693397587 100.94160461425781 168.6515655517578 129.86639404296875 211.02938842773435 
Vehicle 0.18823679090481027 513.58544921875 177.94097900390625 545.327880859375 202.88200378417966 
