Vehicle 1.0 0.6453391495160758 168.79422962665558 145.87116815149784 354.5262739062309 
Vehicle 1.0 939.3054664134979 206.64122700691223 1240.8362646102905 372.9992285370827 
Vehicle 0.9807331937169574 151.51027858257294 185.18223613500595 349.4835809469223 293.65725070238113 
Vehicle 0.9763797904382424 726.4068135023117 174.18595030903816 812.8884912729263 216.27898514270782 
Vehicle 0.8182518692408405 631.874115228653 176.58983543515205 660.7714712619781 201.80900394916534 
Vehicle 0.7850602068055234 311.93068385124207 176.40936747193336 415.88416063785553 241.3913682103157 
Vehicle 0.7088575976138335 478.42653554677963 172.48830199241638 507.79634445905685 206.9418579339981 
Vehicle 0.660328350123955 350.72493571043015 163.6321172118187 483.0269547700882 226.16368532180786 
Vehicle 0.4717614237592898 496.93999999999994 167.77 532.39 201.01 
Vehicle 0.4717614237592898 401.76 183.84 442.97 231.04000000000002 
Vehicle 0.4717614237592898 612.67 170.22 637.56 199.89 
