Vehicle 1.0 407.06542271375656 183.9446872472763 561.2227181196213 293.0458188056946 
Vehicle 1.0 886.7627395391464 221.59740328788757 1241.4383422136307 372.8005215525627 
Vehicle 1.0 0.6969019167590886 192.3448070883751 394.91763907670975 372.3231554031372 
Vehicle 0.9660959585891494 749.815957903862 182.72829428315163 816.3787350654602 242.56624281406403 
Vehicle 0.9459448813040963 587.2145481705666 171.30615189671516 637.3395259380341 213.27372640371323 
Vehicle 0.7541727634698429 708.2500984668732 174.10045489668846 733.0459535121918 195.38357108831406 
Vehicle 0.7389105497866113 631.5201086997986 173.99143427610397 659.7348436117172 205.14683425426483 
Person 0.4766366668598635 672.45 172.4 681.43 199.65 
Vehicle 0.2455098508710968 650.6740112304688 167.664306640625 671.1650390625 187.28343200683594 
Vehicle 0.16198647367648566 733.5853271484375 180.15740966796875 763.1263427734375 222.6736602783203 
