Person 1.0 32.49901573732495 171.71382531523705 190.86781686544418 372.77550995349884 
Person 0.9980677405141154 1099.819518327713 138.2446512579918 1190.6583191156387 373.71401488780975 
Person 0.9793904408284649 353.7126708626747 179.62389439344406 403.2775084376335 302.62376368045807 
Person 0.8585471845341864 445.918305516243 177.34858766198158 463.2792461514473 230.6796982884407 
Person 0.6743249450248291 426.32065361738205 173.3964867889881 443.0384305715561 231.87699168920517 
Person 0.6413879384897501 612.4941084980965 173.09840396046638 625.8443076610565 222.6969078183174 
Don't Care 0.5136284589601736 129.26783752441406 221.05015563964844 192.01747131347656 372.9632873535156 
Person 0.4823638592178162 516.82 176.3 523.39 205.48000000000002 
Person 0.4823638592178162 525.78 174.3 533.6 204.8 
Person 0.36574327027457243 1200.9669189453125 151.30184936523438 1242.0 371.3554382324219 
Don't Care 0.23056512776571236 170.87750244140625 243.1871337890625 254.6193389892578 343.25286865234375 
