Vehicle 1.0 133.3334091603756 184.79562923312187 343.74204218387604 283.61593186855316 
Vehicle 1.0 5.196954485960305 187.53985315561295 220.65118861198425 363.68389427661896 
Vehicle 1.0 788.0913037061691 211.34157478809357 1085.5922609567642 373.49069863557816 
Vehicle 0.9522409108293431 723.2834572792053 176.14313587546349 830.7126681804657 232.0290058851242 
Vehicle 0.8827389942650724 1.123986677150242 235.1456880569458 58.7849235534668 369.87847834825516 
Vehicle 0.8501274659318289 638.8717775344849 160.93795001506805 689.4589551687241 215.70785343647003 
Vehicle 0.7187149715008649 799.9395661354065 187.53191828727722 911.7549934387207 236.89734935760498 
Vehicle 0.48017109249098694 301.44 169.42 449.02 246.0 
Vehicle 0.46504410928995266 434.7423095703125 182.9780731201172 504.7296752929688 217.43447875976562 
Vehicle 0.310912305131737 488.3152770996094 177.91285705566406 525.8428344726562 210.4790802001953 
Vehicle 0.26414849973312554 395.65606689453125 184.36224365234375 449.1392517089844 215.1709747314453 
Vehicle 0.2246899431997952 899.3171997070312 193.7753143310547 1042.9871826171875 230.42179870605466 
Vehicle 0.15735735629476935 514.5051879882812 180.1468505859375 551.8507690429688 202.30296325683594 
