Vehicle 1.0 326.2891945838928 196.12281024456024 444.1176989078522 284.07423198223114 
Vehicle 1.0 147.80752538144588 210.56874096393585 360.1888731122017 350.45573115348816 
Vehicle 1.0 0.5217253026785329 208.71629565954208 169.70987489819527 373.19131940603256 
Vehicle 0.9368099907129845 538.1319723129272 186.09962984919548 577.208237528801 213.70279043912888 
Vehicle 0.8091456158038037 577.7532017827034 183.91128256917 596.0178510546684 209.48980003595352 
Vehicle 0.7853797353613666 718.9697892665863 189.4260048866272 746.45074903965 232.04702138900757 
Vehicle 0.7742957953441941 599.6329076886177 183.3018735051155 621.5281966924667 198.74314963817596 
Vehicle 0.7468647202470925 734.6835483312607 179.82130497694016 838.0005240440369 257.83469527959824 
Vehicle 0.6380357893140517 703.3485664129257 185.1767599582672 723.2817546129227 221.53960168361664 
Vehicle 0.47761279123482464 568.07 186.6 585.8 211.53 
