Vehicle 1.0 45.14637693017721 183.56892094016075 349.4152151942253 281.99413418769836 
Vehicle 1.0 792.3099185228348 190.2751475572586 1057.8296209573746 352.8240770101547 
Vehicle 0.9963738577313319 0.2613539427111391 277.9681608080864 79.98149013519287 373.8963156938553 
Vehicle 0.9087766036275873 404.284339427948 187.55853921175003 475.49902296066284 237.1792271733284 
Vehicle 0.8637902187282774 299.23871326446533 179.70484122633934 425.1693180799484 244.78112161159515 
Vehicle 0.8546404726019009 734.3565623760223 179.20637503266335 854.6190651655197 274.5004668831825 
Vehicle 0.49558884893406874 678.5930786132812 182.81817626953125 734.0272827148438 223.53076171875 
Vehicle 0.3731565593333849 447.50048828125 177.54627990722656 506.68310546875 226.19784545898438 
Vehicle 0.345053322142627 473.9324951171875 176.7484130859375 549.0350341796875 212.07159423828122 
Vehicle 0.2131948616412335 711.4091796875 176.87582397460938 760.927978515625 206.39712524414062 
Vehicle 0.15495809983165754 636.70947265625 163.24278259277344 675.32373046875 198.01589965820312 
