Vehicle 0.9905285107635867 784.1763557195663 199.95367527008057 1088.1792032718658 372.263140976429 
Vehicle 0.9820165941323721 4.5018016481772065 178.29745262861252 251.32490676641464 337.80866861343384 
Vehicle 0.9586332790658225 459.5320848226547 186.88032031059265 552.1665322780609 255.96798956394196 
Vehicle 0.9419060043864939 588.0972325801849 175.95744878053665 639.274865269661 216.79151058197021 
Vehicle 0.9242996693307972 275.9346159696579 180.5507317185402 406.1595302224159 247.3125457763672 
Person 0.90047561472978 880.6057502031326 164.56008329987526 917.9898612499237 200.14652609825134 
Vehicle 0.8463937161130883 688.4152207374573 75.5302906036377 862.8182176351547 245.3901395201683 
Vehicle 0.8278367005066728 652.6783282756805 174.83621835708618 693.3354080915451 209.9226862192154 
Vehicle 0.7939895167212733 510.7605754137039 176.3870157301426 569.8781481385231 231.01718723773956 
Vehicle 0.28928285047792357 384.0511474609375 174.277099609375 478.3622131347656 209.22691345214847 
