Vehicle 1.0 167.4100048840046 185.78886818885803 355.0728962421417 305.885617017746 
Person 0.9751087013185015 22.395212929695845 182.06181234121323 99.22083075344563 368.40708112716675 
Person 0.9682384861964307 372.3771492242813 161.7171385884285 423.2154070734978 267.165735244751 
Person 0.9554919169840624 94.30963611602783 167.13668036460876 191.03220477700233 371.81369864940643 
Person 0.8276309512434709 476.41824620962143 169.06816029548645 492.6974746584892 215.896115899086 
Person 0.7887533756554407 491.48184913396835 166.59648615121841 507.647772192955 214.56224358081818 
Person 0.43183295756936313 633.4034423828125 162.1949462890625 660.5339355468751 228.27587890625 
Don't Care 0.4007439975579023 382.4486999511719 206.0048828125 417.8840026855469 280.6899108886719 
Person 0.27739657418494573 0.6011284589767456 170.617919921875 46.7910270690918 360.0311584472656 
Person 0.2377547605224489 353.5611877441406 167.6335906982422 376.7163391113281 217.96290588378906 
Don't Care 0.16364258420218827 560.0596313476562 196.14381408691406 591.0410766601562 253.83758544921875 
