Vehicle 0.9764404441253859 541.1258053481579 180.10076236724854 619.0317081212997 241.6299262046814 
Vehicle 0.9747650868879 91.5643366202712 194.828782081604 281.32888473570347 289.9086055755615 
Vehicle 0.9722655134796964 258.02640840411186 186.39066362380981 351.59044206142426 239.4609785079956 
Vehicle 0.9659518303677973 0.49842872729641385 170.54862070083618 86.3637817800045 260.09499311447144 
Vehicle 0.960944961436533 0.5534062405058648 252.04239463806152 58.86979906633496 349.3139805793762 
Vehicle 0.9334967383457311 444.29754063487053 181.24468231201172 501.6190638244152 230.94300842285156 
Vehicle 0.8446475198835878 348.2354136109352 183.47337865829468 397.1116325855255 218.36524534225464 
Vehicle 0.4643364028160289 154.83 188.78 255.93 214.15000000000003 
Vehicle 0.4643364028160289 232.1 171.86 298.21 205.69 
Vehicle 0.23432933942626194 384.87176513671875 182.37294006347656 412.23901367187506 210.88970947265628 
Vehicle 0.1703017876239156 505.7986755371094 182.47381591796875 528.464111328125 200.24276733398438 
