Vehicle 1.0 0.7119728846009821 191.52005016803741 114.20111261308193 372.35507369041443 
Vehicle 1.0 72.76516476273537 188.41148167848587 302.65744507312775 325.70144534111023 
Vehicle 0.9947657428349874 290.4029486775398 173.32976683974266 411.33648705482483 241.93605780601501 
Vehicle 0.9758247563842409 586.0501465201378 170.38172855973244 655.0955221652985 224.2320254445076 
Vehicle 0.9611987419040237 433.1480492949486 185.80379337072372 534.0805519223213 261.56730204820633 
Person 0.9419853263754601 884.2102947235107 182.15449154376984 946.864860534668 337.1560424566269 
Vehicle 0.8002255576277802 913.9540979862213 37.30393387377262 1187.6908679008484 372.36370146274567 
Vehicle 0.7940370905429409 744.9143518209457 164.95100408792496 952.9823924303055 305.9070110321045 
Vehicle 0.4323933054367872 0.8753483295440674 143.6195526123047 138.44322204589844 226.5576171875 
Vehicle 0.351214712591881 712.6386108398438 182.4622039794922 770.6118164062501 259.260498046875 
Vehicle 0.33543535482890485 682.9513549804688 172.50961303710938 749.6259155273438 231.87069702148435 
Vehicle 0.32571760605898503 643.2744750976562 175.99720764160156 678.6531982421875 203.76593017578125 
Vehicle 0.3005991613499171 484.58990478515625 176.68023681640625 557.8255615234375 234.95643615722656 
Vehicle 0.15106929918819745 553.5535278320312 172.28369140625 587.6107788085938 196.2156982421875 
