Vehicle 1.0 1.6392499159555882 203.96406948566437 341.92359459400177 372.0882385969162 
Vehicle 1.0 239.01374119520187 190.57593494653702 487.17035615444183 340.9234508872032 
Vehicle 1.0 771.7962691783905 194.7031393647194 1162.5781688690186 372.4559023976326 
Vehicle 0.9673996841632961 661.8827201128006 181.22735247015953 728.0070977210999 233.84477198123932 
Vehicle 0.9293986635883751 532.4560232162476 180.4761439561844 571.5961384177208 213.828943669796 
Vehicle 0.8777573854961365 403.78897458314896 191.50006771087646 486.8716492652893 249.80959296226501 
Vehicle 0.6968705501960292 647.3103396892548 180.72184547781944 671.292246222496 211.33169531822205 
Person 0.3932259826535074 1005.5693969726562 94.16445922851562 1092.8480224609375 239.95228576660153 
Person 0.3582635835962736 311.7728271484375 171.80430603027344 340.9590759277344 197.68406677246094 
Person 0.2017470127425742 354.6551208496094 174.4488525390625 378.45513916015625 197.89915466308594 
