Person 1.0 1061.591510295868 172.72385269403458 1223.799735546112 367.69124031066895 
Person 0.9871210874268682 616.9470062255859 157.6451849937439 691.5826864242554 346.5614402294159 
Person 0.9839287844505221 756.3649907112122 161.685349047184 820.4084687232971 332.22599387168884 
Person 0.9816456655606196 911.3511471748352 143.46913188695908 988.5122752189636 327.9317378997803 
Vehicle 0.9092749290925908 0.7040796568617225 97.70044326782227 261.8499319553375 367.17829287052155 
Person 0.9089652789408864 824.3389778137207 172.25008368492126 897.6166534423828 368.9456558227539 
Person 0.7889555278078321 831.546893119812 144.11746710538864 877.2408213615417 218.6176300048828 
Person 0.6728193650827654 539.8287763595581 145.57124823331833 555.2329065799713 205.54497957229614 
Person 0.467972048316079 525.4 145.8 539.1 207.50000000000003 
Don't Care 0.1981751708746891 293.8438720703125 203.3331604003906 409.0735168457031 294.68853759765625 
