Vehicle 1.0 983.6149874925613 222.6715162396431 1240.3490059375763 373.71600419282913 
Vehicle 0.9957680602936747 793.6600588560104 183.87451395392418 967.7445831298828 309.33111906051636 
Vehicle 0.9955976210711087 182.4749675989151 167.1009063720703 411.16903352737427 319.5362761616707 
Vehicle 0.9769281140449103 438.0596122741699 176.13011598587036 548.5573239326477 249.32263791561127 
Vehicle 0.9732382289825857 626.5178972482681 170.04716768860817 700.3755630254745 213.74454349279404 
Vehicle 0.9505280988984345 760.4455554485321 178.4473992884159 831.11960542202 252.72919982671738 
Vehicle 0.3414061663530179 700.3899536132812 167.1109619140625 732.3518676757812 194.86549377441406 
Vehicle 0.27983682212698824 730.0704345703125 162.94361877441406 767.5340576171875 187.69989013671875 
Person 0.22314554870937992 0.5683320164680481 297.38861083984375 51.93006896972656 374.16693115234375 
Vehicle 0.16890472556167235 988.2415161132812 147.71115112304688 1035.1407470703125 191.46084594726562 
