Vehicle 1.0 442.5964776277542 178.13945934176445 503.41901153326035 224.407397210598 
Vehicle 1.0 744.5733003616333 184.3203641474247 870.5652751922607 280.5124595761299 
Vehicle 1.0 0.5822511779260822 201.50882005691528 302.74866726994514 373.4654411673546 
Vehicle 1.0 801.3493738174438 196.31820917129517 1141.9771653413773 372.96921014785767 
Vehicle 0.9513531023418558 677.1476415395737 179.31336164474487 752.1571980714798 241.29145592451096 
Vehicle 0.9223255930671014 256.2546623647213 175.6940893828869 351.3580314517021 232.79301077127457 
Vehicle 0.7571866003658543 483.7985216975212 171.6107614338398 520.5487596988678 213.03053945302963 
Vehicle 0.6585198244934533 660.7068439722061 175.48849806189537 692.8775389194489 222.00440615415573 
Vehicle 0.6494436307976217 646.2226320505142 172.7926880121231 671.0021266937256 208.67295563220978 
Vehicle 0.22101192543033032 534.23388671875 175.2873077392578 556.8931274414062 189.36857604980466 
Vehicle 0.20806945598839913 583.8932495117188 172.67010498046875 601.4824829101562 186.3677520751953 
Vehicle 0.1967326533233038 511.2359008789062 172.2076416015625 538.6290283203125 207.71592712402344 
