Vehicle 1.0 93.99056562781334 173.66811633110046 249.1256726682186 250.07671862840652 
Vehicle 1.0 237.05317649245262 118.1897297501564 413.4394649863243 251.66646391153336 
Vehicle 1.0 1039.842580318451 158.71520340442657 1241.1174266338348 372.0361590385437 
Vehicle 0.9893701497363064 584.3806452155113 170.7339696586132 658.3251839876175 239.96564000844955 
Vehicle 0.9454017086318938 696.1231169700623 170.0139082968235 755.6471457481384 226.27349942922592 
Vehicle 0.8035171406078427 761.1212918758392 144.4648616015911 962.0969871282578 265.18265157938004 
Vehicle 0.2814334385637216 429.1372375488281 173.83657836914062 473.9568176269531 197.7876434326172 
Vehicle 0.23993973570007926 665.437255859375 170.96597290039062 698.79736328125 200.13380432128906 
Person 0.2085716741085428 474.2828979492187 173.43125915527344 488.2608642578125 214.047607421875 
Vehicle 0.20410546820126055 490.86401367187494 171.5107879638672 516.8729248046875 191.05023193359372 
