Car 0.0 0 -1 450.64 162.35 534.84 218.86 -1 -1 -1 -1 -1 -1 -1 1.0
Car 0.0 0 -1 589.08 173.65 665.37 234.11 -1 -1 -1 -1 -1 -1 -1 1.0
Car 0.0 0 -1 306.55 177.61 495.28 271.97 -1 -1 -1 -1 -1 -1 -1 1.0
Car 0.0 0 -1 5.38 173.09 239.31 275.93 -1 -1 -1 -1 -1 -1 -1 1.0
Car 0.0 0 -1 823.58 182.13 1042.83 334.13 -1 -1 -1 -1 -1 -1 -1 1.0
Pedestrian 0.0 0 -1 972.76 186.65 1108.37 375.0 -1 -1 -1 -1 -1 -1 -1 1.0
Car 0.0 0 -1 752.95 181.56 869.35 270.28 -1 -1 -1 -1 -1 -1 -1 1.0
Van 0.0 0 -1 723.0 160.09 806.6 238.63 -1 -1 -1 -1 -1 -1 -1 1.0
Pedestrian 0.0 0 -1 685.71 166.31 715.09 206.43 -1 -1 -1 -1 -1 -1 -1 1.0
Car 0.0 0 -1 218.4 166.87 337.63 244.85 -1 -1 -1 -1 -1 -1 -1 1.0
