Pedestrian 0.0 0 -1 813.23 160.31 864.2 305.3 -1 -1 -1 -1 -1 -1 -1 1.0
Cyclist 0.0 0 -1 255.92 187.5 278.57 278.12 -1 -1 -1 -1 -1 -1 -1 1.0
Cyclist 0.0 0 -1 280.84 193.16 306.89 281.52 -1 -1 -1 -1 -1 -1 -1 1.0
Cyclist 0.0 0 -1 308.02 196.56 338.61 282.65 -1 -1 -1 -1 -1 -1 -1 1.0
Cyclist 0.0 0 -1 339.74 192.03 363.53 282.65 -1 -1 -1 -1 -1 -1 -1 1.0
Cyclist 0.0 0 -1 365.79 193.16 419.03 287.18 -1 -1 -1 -1 -1 -1 -1 1.0
Cyclist 0.0 0 -1 868.73 176.17 893.65 279.25 -1 -1 -1 -1 -1 -1 -1 1.0
Cyclist 0.0 0 -1 897.05 188.63 923.11 288.31 -1 -1 -1 -1 -1 -1 -1 1.0
Cyclist 0.0 0 -1 919.71 185.23 957.09 280.38 -1 -1 -1 -1 -1 -1 -1 1.0
Cyclist 0.0 0 -1 965.02 180.7 1052.24 276.99 -1 -1 -1 -1 -1 -1 -1 1.0
