Car 0.0 0 -1 1084.16 156.41 1100.11 178.73 -1 -1 -1 -1 -1 -1 -1 1.0
Car 0.0 0 -1 213.65 187.5 327.64 240.11 -1 -1 -1 -1 -1 -1 -1 1.0
Car 0.0 0 -1 442.44 172.35 529.33 216.2 -1 -1 -1 -1 -1 -1 -1 1.0
Car 0.0 0 -1 574.77 171.56 628.18 207.43 -1 -1 -1 -1 -1 -1 -1 1.0
Car 0.0 0 -1 559.62 167.57 593.1 185.91 -1 -1 -1 -1 -1 -1 -1 1.0
Car 0.0 0 -1 714.27 169.96 746.16 192.28 -1 -1 -1 -1 -1 -1 -1 1.0
Car 0.0 0 -1 988.5 158.0 1018.8 181.92 -1 -1 -1 -1 -1 -1 -1 1.0
Car 0.0 0 -1 1040.32 157.21 1073.0 182.72 -1 -1 -1 -1 -1 -1 -1 1.0
Car 0.0 0 -1 1103.3 154.02 1120.83 177.93 -1 -1 -1 -1 -1 -1 -1 1.0
Car 0.0 0 -1 1120.83 156.41 1152.72 177.93 -1 -1 -1 -1 -1 -1 -1 1.0
Car 0.0 0 -1 1180.62 156.41 1206.13 176.34 -1 -1 -1 -1 -1 -1 -1 1.0
