Van 0.0 0 -1 423.01 142.04 545.13 235.43 -1 -1 -1 -1 -1 -1 -1 1.0
Pedestrian 0.0 0 -1 929.07 170.78 953.81 232.24 -1 -1 -1 -1 -1 -1 -1 1.0
Pedestrian 0.0 0 -1 1027.25 169.98 1046.4 246.61 -1 -1 -1 -1 -1 -1 -1 1.0
Cyclist 0.0 0 -1 640.12 174.77 680.03 229.84 -1 -1 -1 -1 -1 -1 -1 1.0
Cyclist 0.0 0 -1 2.36 215.48 39.87 350.37 -1 -1 -1 -1 -1 -1 -1 1.0
Cyclist 0.0 0 -1 67.01 168.38 180.36 309.66 -1 -1 -1 -1 -1 -1 -1 1.0
Pedestrian 0.0 0 -1 852.44 181.95 885.17 240.22 -1 -1 -1 -1 -1 -1 -1 1.0
Pedestrian 0.0 0 -1 826.9 179.56 858.03 233.04 -1 -1 -1 -1 -1 -1 -1 1.0
Pedestrian 0.0 0 -1 304.87 166.79 322.43 216.27 -1 -1 -1 -1 -1 -1 -1 1.0
Cyclist 0.0 0 -1 338.4 177.96 383.1 215.48 -1 -1 -1 -1 -1 -1 -1 1.0
