Car 0.0 0 -1 277.74 189.14 332.81 256.98 -1 -1 -1 -1 -1 -1 -1 1.0
Van 0.0 0 -1 79.78 168.38 263.37 252.19 -1 -1 -1 -1 -1 -1 -1 1.0
Car 0.0 0 -1 628.94 174.77 658.48 201.91 -1 -1 -1 -1 -1 -1 -1 1.0
Car 0.0 0 -1 364.74 181.95 473.29 236.23 -1 -1 -1 -1 -1 -1 -1 1.0
Car 0.0 0 -1 327.22 186.74 417.42 252.19 -1 -1 -1 -1 -1 -1 -1 1.0
Car 0.0 0 -1 731.11 173.97 823.7 221.86 -1 -1 -1 -1 -1 -1 -1 1.0
Car 0.0 0 -1 688.01 185.14 752.66 241.82 -1 -1 -1 -1 -1 -1 -1 1.0
Car 0.0 0 -1 788.58 173.17 1127.02 367.93 -1 -1 -1 -1 -1 -1 -1 1.0
Car 0.0 0 -1 0.76 260.97 116.5 374.32 -1 -1 -1 -1 -1 -1 -1 1.0
Car 0.0 0 -1 3.95 196.32 255.39 308.87 -1 -1 -1 -1 -1 -1 -1 1.0
