Car 0.0 0 -1 343.31 175.98 491.8 272.61 -1 -1 -1 -1 -1 -1 -1 1.0
Cyclist 0.0 0 -1 1084.94 132.77 1191.79 214.47 -1 -1 -1 -1 -1 -1 -1 1.0
Cyclist 0.0 0 -1 997.74 134.34 1064.51 201.9 -1 -1 -1 -1 -1 -1 -1 1.0
Pedestrian 0.0 0 -1 567.22 159.48 595.5 221.54 -1 -1 -1 -1 -1 -1 -1 1.0
Cyclist 0.0 0 -1 280.46 165.76 349.6 237.25 -1 -1 -1 -1 -1 -1 -1 1.0
Pedestrian 0.0 0 -1 246.68 172.83 275.75 245.11 -1 -1 -1 -1 -1 -1 -1 1.0
Pedestrian 0.0 0 -1 215.26 168.9 245.11 244.32 -1 -1 -1 -1 -1 -1 -1 1.0
Pedestrian 0.0 0 -1 194.83 179.9 220.76 235.68 -1 -1 -1 -1 -1 -1 -1 1.0
Cyclist 0.0 0 -1 794.26 153.98 831.97 196.4 -1 -1 -1 -1 -1 -1 -1 1.0
Car 0.0 0 -1 619.07 157.12 643.42 178.33 -1 -1 -1 -1 -1 -1 -1 1.0
Car 0.0 0 -1 475.3 165.76 500.44 194.83 -1 -1 -1 -1 -1 -1 -1 1.0
