Car 0.0 0 -1 1108.08 157.21 1148.73 181.92 -1 -1 -1 -1 -1 -1 -1 1.0
Car 0.0 0 -1 892.04 152.42 918.35 173.95 -1 -1 -1 -1 -1 -1 -1 1.0
Car 0.0 0 -1 722.25 166.77 758.92 197.86 -1 -1 -1 -1 -1 -1 -1 1.0
Car 0.0 0 -1 691.16 169.17 719.85 193.08 -1 -1 -1 -1 -1 -1 -1 1.0
Car 0.0 0 -1 1045.1 156.41 1084.96 179.53 -1 -1 -1 -1 -1 -1 -1 1.0
Car 0.0 0 -1 1160.69 152.42 1226.86 178.73 -1 -1 -1 -1 -1 -1 -1 1.0
Car 0.0 0 -1 841.82 156.41 876.9 179.53 -1 -1 -1 -1 -1 -1 -1 1.0
Car 0.0 0 -1 346.78 170.76 412.94 218.59 -1 -1 -1 -1 -1 -1 -1 1.0
Car 0.0 0 -1 483.09 177.14 526.94 209.02 -1 -1 -1 -1 -1 -1 -1 1.0
Car 0.0 0 -1 534.11 173.95 558.03 197.86 -1 -1 -1 -1 -1 -1 -1 1.0
Car 0.0 0 -1 636.95 169.17 683.98 209.82 -1 -1 -1 -1 -1 -1 -1 1.0
