Pedestrian 0.0 0 -1 407.14 137.64 428.38 194.28 -1 -1 -1 -1 -1 -1 -1 1.0
Pedestrian 0.0 0 -1 590.43 142.36 617.17 228.9 -1 -1 -1 -1 -1 -1 -1 1.0
Pedestrian 0.0 0 -1 356.01 143.15 387.48 177.76 -1 -1 -1 -1 -1 -1 -1 1.0
Pedestrian 0.0 0 -1 554.24 134.5 577.84 232.04 -1 -1 -1 -1 -1 -1 -1 1.0
Cyclist 0.0 0 -1 304.09 217.88 414.22 294.18 -1 -1 -1 -1 -1 -1 -1 1.0
Pedestrian 0.0 0 -1 289.93 145.51 334.77 207.65 -1 -1 -1 -1 -1 -1 -1 1.0
Pedestrian 0.0 0 -1 506.26 143.15 522.78 184.05 -1 -1 -1 -1 -1 -1 -1 1.0
Pedestrian 0.0 0 -1 437.82 137.64 462.21 202.93 -1 -1 -1 -1 -1 -1 -1 1.0
Cyclist 0.0 0 -1 371.74 187.2 486.59 272.16 -1 -1 -1 -1 -1 -1 -1 1.0
Pedestrian 0.0 0 -1 665.95 147.87 701.34 266.65 -1 -1 -1 -1 -1 -1 -1 1.0
Pedestrian 0.0 0 -1 655.72 154.16 668.31 211.59 -1 -1 -1 -1 -1 -1 -1 1.0
