Car 0.0 0 -1 569.19 178.73 626.58 224.17 -1 -1 -1 -1 -1 -1 -1 1.0
Car 0.0 0 -1 664.05 180.33 729.42 234.53 -1 -1 -1 -1 -1 -1 -1 1.0
Car 0.0 0 -1 864.94 175.54 1241.21 374.84 -1 -1 -1 -1 -1 -1 -1 1.0
Car 0.0 0 -1 236.77 205.04 471.14 341.36 -1 -1 -1 -1 -1 -1 -1 1.0
Car 0.0 0 -1 8.77 234.53 310.9 375.0 -1 -1 -1 -1 -1 -1 -1 1.0
Car 0.0 0 -1 283.8 173.95 326.85 201.85 -1 -1 -1 -1 -1 -1 -1 1.0
Pedestrian 0.0 0 -1 742.18 164.38 764.5 216.2 -1 -1 -1 -1 -1 -1 -1 1.0
Car 0.0 0 -1 367.5 164.38 478.31 222.58 -1 -1 -1 -1 -1 -1 -1 1.0
Car 0.0 0 -1 87.69 199.46 224.81 251.27 -1 -1 -1 -1 -1 -1 -1 1.0
Car 0.0 0 -1 525.34 173.15 566.8 213.01 -1 -1 -1 -1 -1 -1 -1 1.0
