Car 0.0 0 -1 489.26 183.55 519.59 221.06 -1 -1 -1 -1 -1 -1 -1 1.0
Car 0.0 0 -1 749.47 153.22 803.75 197.92 -1 -1 -1 -1 -1 -1 -1 1.0
Car 0.0 0 -1 1084.72 137.25 1141.39 176.36 -1 -1 -1 -1 -1 -1 -1 1.0
Car 0.0 0 -1 604.2 168.38 633.73 198.71 -1 -1 -1 -1 -1 -1 -1 1.0
Car 0.0 0 -1 521.19 179.56 556.31 210.69 -1 -1 -1 -1 -1 -1 -1 1.0
Car 0.0 0 -1 351.17 197.12 421.41 256.18 -1 -1 -1 -1 -1 -1 -1 1.0
Car 0.0 0 -1 166.79 181.15 376.71 304.08 -1 -1 -1 -1 -1 -1 -1 1.0
Car 0.0 0 -1 457.33 189.14 491.65 232.24 -1 -1 -1 -1 -1 -1 -1 1.0
Car 0.0 0 -1 807.74 160.4 938.65 202.7 -1 -1 -1 -1 -1 -1 -1 1.0
Car 0.0 0 -1 420.61 189.93 462.12 240.22 -1 -1 -1 -1 -1 -1 -1 1.0
