Car 0.0 0 -1 475.92 170.76 511.79 216.2 -1 -1 -1 -1 -1 -1 -1 1.0
Car 0.0 0 -1 372.29 189.89 449.61 240.91 -1 -1 -1 -1 -1 -1 -1 1.0
Car 0.0 0 -1 7.18 199.46 41.46 241.71 -1 -1 -1 -1 -1 -1 -1 1.0
Car 0.0 0 -1 39.86 205.04 126.76 235.33 -1 -1 -1 -1 -1 -1 -1 1.0
Van 0.0 0 -1 1140.76 113.36 1228.45 172.35 -1 -1 -1 -1 -1 -1 -1 1.0
Van 0.0 0 -1 1058.65 130.1 1163.88 175.54 -1 -1 -1 -1 -1 -1 -1 1.0
Car 0.0 0 -1 654.49 178.73 724.64 218.59 -1 -1 -1 -1 -1 -1 -1 1.0
Car 0.0 0 -1 536.5 173.95 571.58 198.66 -1 -1 -1 -1 -1 -1 -1 1.0
Car 0.0 0 -1 510.99 175.54 538.1 204.24 -1 -1 -1 -1 -1 -1 -1 1.0
Car 0.0 0 -1 432.07 180.33 482.3 231.35 -1 -1 -1 -1 -1 -1 -1 1.0
