Pedestrian 0.0 0 -1 268.72 162.35 283.15 206.07 -1 -1 -1 -1 -1 -1 -1 1.0
Car 0.0 0 -1 1110.75 155.13 1142.67 174.54 -1 -1 -1 -1 -1 -1 -1 1.0
Car 0.0 0 -1 361.3 166.28 429.42 196.57 -1 -1 -1 -1 -1 -1 -1 1.0
Car 0.0 0 -1 299.61 167.36 359.64 199.27 -1 -1 -1 -1 -1 -1 -1 1.0
Car 0.0 0 -1 611.69 162.49 664.16 189.0 -1 -1 -1 -1 -1 -1 -1 1.0
Car 0.0 0 -1 660.37 168.44 700.94 192.24 -1 -1 -1 -1 -1 -1 -1 1.0
Van 0.0 0 -1 235.24 154.38 299.61 199.81 -1 -1 -1 -1 -1 -1 -1 1.0
Van 0.0 0 -1 532.18 154.38 597.63 192.24 -1 -1 -1 -1 -1 -1 -1 1.0
Car 0.0 0 -1 585.19 163.57 620.35 187.91 -1 -1 -1 -1 -1 -1 -1 1.0
Car 0.0 0 -1 687.42 166.28 725.82 189.0 -1 -1 -1 -1 -1 -1 -1 1.0
Car 0.0 0 -1 720.95 168.44 771.79 187.37 -1 -1 -1 -1 -1 -1 -1 1.0
Car 0.0 0 -1 404.0 166.82 450.0 192.2 -1 -1 -1 -1 -1 -1 -1 1.0
Car 0.0 0 -1 807.66 162.44 843.27 182.27 -1 -1 -1 -1 -1 -1 -1 1.0
Van 0.0 0 -1 763.49 157.93 817.13 182.72 -1 -1 -1 -1 -1 -1 -1 1.0
