Cyclist 0.0 0 -1 819.7 180.78 940.43 287.87 -1 -1 -1 -1 -1 -1 -1 1.0
Cyclist 0.0 0 -1 787.9 182.72 897.59 275.54 -1 -1 -1 -1 -1 -1 -1 1.0
Car 0.0 0 -1 388.73 196.35 495.83 268.4 -1 -1 -1 -1 -1 -1 -1 1.0
Car 0.0 0 -1 454.94 172.99 534.12 239.19 -1 -1 -1 -1 -1 -1 -1 1.0
Car 0.0 0 -1 511.4 184.02 543.21 226.21 -1 -1 -1 -1 -1 -1 -1 1.0
Car 0.0 0 -1 547.75 184.02 566.57 200.9 -1 -1 -1 -1 -1 -1 -1 1.0
Car 0.0 0 -1 637.97 180.13 713.91 211.93 -1 -1 -1 -1 -1 -1 -1 1.0
Car 0.0 0 -1 615.25 180.13 672.37 204.79 -1 -1 -1 -1 -1 -1 -1 1.0
Car 0.0 0 -1 1123.54 155.63 1242.0 259.94 -1 -1 -1 -1 -1 -1 -1 1.0
Car 0.0 0 -1 42.35 211.93 294.03 329.02 -1 -1 -1 -1 -1 -1 -1 1.0
Car 0.0 0 -1 257.02 201.43 380.84 283.5 -1 -1 -1 -1 -1 -1 -1 1.0
Car 0.0 0 -1 371.31 192.82 442.07 242.85 -1 -1 -1 -1 -1 -1 -1 1.0
