Car 0.0 0 -1 0.0 203.3 166.72 358.61 -1 -1 -1 -1 -1 -1 -1 1.0
Car 0.0 0 -1 115.64 197.63 363.31 285.86 -1 -1 -1 -1 -1 -1 -1 1.0
Car 0.0 0 -1 688.12 191.75 791.83 257.28 -1 -1 -1 -1 -1 -1 -1 1.0
Car 0.0 0 -1 647.6 183.31 706.43 224.82 -1 -1 -1 -1 -1 -1 -1 1.0
Car 0.0 0 -1 195.15 193.09 390.19 265.33 -1 -1 -1 -1 -1 -1 -1 1.0
Car 0.0 0 -1 259.44 192.62 409.08 249.9 -1 -1 -1 -1 -1 -1 -1 1.0
Car 0.0 0 -1 329.62 189.01 436.94 242.67 -1 -1 -1 -1 -1 -1 -1 1.0
Car 0.0 0 -1 355.93 186.9 463.8 228.2 -1 -1 -1 -1 -1 -1 -1 1.0
Car 0.0 0 -1 628.81 175.89 651.71 199.03 -1 -1 -1 -1 -1 -1 -1 1.0
Car 0.0 0 -1 419.79 185.66 513.31 220.78 -1 -1 -1 -1 -1 -1 -1 1.0
Van 0.0 0 -1 440.67 175.5 500.7 208.69 -1 -1 -1 -1 -1 -1 -1 1.0
Car 0.0 0 -1 484.27 180.92 527.9 205.71 -1 -1 -1 -1 -1 -1 -1 1.0
