Car 0.0 0 -1 0.0 202.69 190.75 336.22 -1 -1 -1 -1 -1 -1 -1 1.0
Van 0.0 0 -1 222.85 161.61 530.99 322.1 -1 -1 -1 -1 -1 -1 -1 1.0
Car 0.0 0 -1 685.52 166.71 738.5 207.52 -1 -1 -1 -1 -1 -1 -1 1.0
Car 0.0 0 -1 526.84 180.32 553.72 198.24 -1 -1 -1 -1 -1 -1 -1 1.0
Car 0.0 0 -1 1206.8 159.04 1240.9 173.9 -1 -1 -1 -1 -1 -1 -1 1.0
Car 0.0 0 -1 1171.84 155.33 1201.56 174.64 -1 -1 -1 -1 -1 -1 -1 1.0
Car 0.0 0 -1 1138.4 158.3 1173.32 175.31 -1 -1 -1 -1 -1 -1 -1 1.0
Car 0.0 0 -1 1104.22 159.04 1133.94 176.87 -1 -1 -1 -1 -1 -1 -1 1.0
Car 0.0 0 -1 1046.27 159.78 1073.76 179.1 -1 -1 -1 -1 -1 -1 -1 1.0
Car 0.0 0 -1 888.75 158.3 919.21 173.9 -1 -1 -1 -1 -1 -1 -1 1.0
Car 0.0 0 -1 843.43 161.27 863.49 174.57 -1 -1 -1 -1 -1 -1 -1 1.0
Car 0.0 0 -1 860.52 159.78 882.81 172.42 -1 -1 -1 -1 -1 -1 -1 1.0
Car 0.0 0 -1 973.45 164.24 1003.17 179.1 -1 -1 -1 -1 -1 -1 -1 1.0
