Pedestrian 0.0 0 -1 1135.64 156.76 1193.52 300.63 -1 -1 -1 -1 -1 -1 -1 1.0
Pedestrian 0.0 0 -1 1190.27 185.97 1227.05 286.03 -1 -1 -1 -1 -1 -1 -1 1.0
Pedestrian 0.0 0 -1 1055.59 204.36 1122.12 310.37 -1 -1 -1 -1 -1 -1 -1 1.0
Pedestrian 0.0 0 -1 944.17 168.66 969.05 256.28 -1 -1 -1 -1 -1 -1 -1 1.0
Pedestrian 0.0 0 -1 917.67 168.12 944.17 247.09 -1 -1 -1 -1 -1 -1 -1 1.0
Pedestrian 0.0 0 -1 751.08 160.0 774.34 243.3 -1 -1 -1 -1 -1 -1 -1 1.0
Pedestrian 0.0 0 -1 785.15 182.18 827.3 230.86 -1 -1 -1 -1 -1 -1 -1 1.0
Pedestrian 0.0 0 -1 303.25 167.95 325.03 240.45 -1 -1 -1 -1 -1 -1 -1 1.0
Pedestrian 0.0 0 -1 272.07 189.74 301.37 229.18 -1 -1 -1 -1 -1 -1 -1 1.0
Cyclist 0.0 0 -1 583.1 169.8 602.6 201.66 -1 -1 -1 -1 -1 -1 -1 1.0
Cyclist 0.0 0 -1 523.51 169.13 544.88 209.52 -1 -1 -1 -1 -1 -1 -1 1.0
Cyclist 0.0 0 -1 539.63 169.67 561.73 207.53 -1 -1 -1 -1 -1 -1 -1 1.0
Cyclist 0.0 0 -1 849.95 169.2 905.12 275.21 -1 -1 -1 -1 -1 -1 -1 1.0
Van 0.0 0 -1 558.29 154.73 613.9 200.56 -1 -1 -1 -1 -1 -1 -1 1.0
