Vehicle 0.9038617167469065 903.9473801851273 158.19209441542625 1231.1183338165283 369.9316754937172 
Vehicle 0.8589197871792764 301.0854214131832 187.57302314043045 406.73517948389053 250.56092441082 
Vehicle 0.8270092179864003 758.5060704946518 175.55943131446838 888.5463194847107 262.832835316658 
Vehicle 0.8208775735972348 587.6558348536491 173.90530183911324 636.3536081314087 218.5969054698944 
Vehicle 0.6788130824325019 823.0946044921875 180.3601531982422 931.3662719726562 285.64093017578125 
Vehicle 0.6132570923224453 684.3759781122208 174.28838834166527 774.4507259130478 222.1519947052002 
Vehicle 0.5688665941686353 659.1515693664551 172.91808128356934 698.1213809251785 210.4812115430832 
Vehicle 0.4984096942676022 431.3589541912079 178.05037647485733 467.75352001190186 202.21323519945145 
Vehicle 0.49787810432927126 486.6724373102188 178.98187413811684 517.5828630924225 201.55077427625656 
Vehicle 0.1882832126922078 553.48 157.83 584.56 190.04 
