Vehicle 0.8504896379840543 306.2373379468918 178.42672392725945 487.8281035423279 266.9932544231415 
Vehicle 0.8487052642387999 823.8561050891876 189.48139250278473 1034.7366542816162 322.4637508392334 
Vehicle 0.822309017217534 592.8270914554596 176.98746174573898 659.1573436260223 230.22828251123428 
Vehicle 0.8153196452600159 756.7147915363312 182.65728279948235 869.282945394516 262.7609521150589 
Vehicle 0.8135551879399234 11.495568757876754 178.59599366784096 235.81432020664215 276.2676179409027 
Person 0.8097911560208776 971.519912481308 195.1606348156929 1108.9727561473846 373.02636355161667 
Vehicle 0.7960630486770364 222.3191538155079 173.3737662434578 335.79462522268295 243.20364743471146 
Vehicle 0.6694143249966555 1080.7742919921875 241.81256103515622 1240.7703857421875 372.60015869140625 
Vehicle 0.5726604924603919 0.1703280806541443 226.19480895996097 68.95369720458984 373.10858154296875 
Vehicle 0.5613368128736324 447.25304782390594 170.2803634107113 519.0659224390984 216.96976572275162 
Vehicle 0.5133887952606151 722.6270424127579 163.92728313803673 806.5512413978577 235.24752259254456 
Vehicle 0.4009280060994353 1.2339874505996704 174.7515411376953 93.63182830810547 218.90292358398435 
Person 0.18081286087204457 685.71 166.31 715.09 206.42999999999998 
