Vehicle 0.9645740578153648 0.4750192406354472 199.74933564662933 323.54360818862915 371.3133931159973 
Vehicle 0.9558849625993457 859.3930453062057 188.6814460158348 1241.0630153417587 371.91203981637955 
Vehicle 0.9269137784502272 764.7432332038879 181.44352734088898 888.0997767448425 270.98699659109116 
Vehicle 0.9013217663516673 475.5619105696678 175.06468668580055 574.0557879209518 241.47594720125198 
Vehicle 0.879374026718514 636.1798621416092 172.94174060225487 705.4351469278336 215.43096005916595 
Vehicle 0.8785033911834197 318.4775837659836 169.14746537804604 471.6728727221489 281.2066599726677 
Vehicle 0.46357141641872235 702.5095220804214 168.99987682700157 736.2032150030136 200.02596080303192 
Vehicle 0.42210165362820545 964.0656394958496 152.19849720597267 1006.9130144119263 192.23816692829132 
Vehicle 0.4191049699819473 736.8466007709503 161.05860471725464 773.1815732717514 191.01979583501816 
Vehicle 0.4189899659890312 905.6045926809311 152.82368659973145 971.2906447649002 197.29764014482498 
Vehicle 0.34243636878119577 750.3143920898438 178.39361572265625 812.1522216796875 245.01231384277344 
Vehicle 0.21414315753555357 314.9710693359375 186.74356079101562 353.9601135253906 209.14228820800784 
