Vehicle 0.9371493835638465 1.0008091240888461 197.34015315771103 333.00121611356735 371.07009440660477 
Vehicle 0.9266877383257689 906.018340587616 232.74032771587372 1241.4295327663422 371.82920426130295 
Vehicle 0.8954041051574831 354.394810795784 185.5161264538765 534.2025886774063 308.5220083594322 
Vehicle 0.808932814728915 728.577046751976 182.49382451176643 803.1814427375793 250.16941130161285 
Vehicle 0.6475980048588641 562.1304613351822 173.6477091908455 613.4889467954636 218.7381237745285 
Vehicle 0.5737631752520133 682.7340896129608 179.39087748527527 710.5648362636566 199.2487907409668 
Vehicle 0.48706386029641036 627.4203844070435 169.9996255338192 647.2261687517166 189.83175605535507 
Vehicle 0.30110216892897074 607.0419311523438 178.59898376464844 628.0516357421875 208.96994018554688 
Vehicle 0.20081167098880195 714.1048583984375 182.61875915527344 743.0927124023438 223.54029846191406 
Person 0.19671003410941143 646.7199999999999 173.65 658.58 208.09999999999997 
