Vehicle 0.9824130454602785 0.6573060335358605 204.20625060796738 385.9493626356125 371.64095789194107 
Vehicle 0.9596082915090194 124.56029158830643 96.2659902870655 469.6454783678055 225.55294632911682 
Vehicle 0.6362552848867227 491.87315744161606 177.09003388881683 526.3435623049736 204.06903326511383 
Vehicle 0.6006654542584802 659.9623346328735 172.37089946866035 691.5076328516006 198.58422875404358 
Vehicle 0.5902896702841844 686.2306258678436 170.76456919312477 735.1127682924271 206.35157078504562 
Vehicle 0.48038566286447143 1170.262939453125 155.8037567138672 1203.5526123046875 176.81033325195312 
Vehicle 0.4736106641272208 1137.327392578125 157.53173828125 1172.560302734375 179.252685546875 
Vehicle 0.4390262235545847 1202.8563232421875 157.0814971923828 1241.1597900390625 174.1502227783203 
Vehicle 0.36931008753426986 1103.573974609375 158.12107849121094 1141.33203125 178.46923828125 
Vehicle 0.24207607420288524 1044.9539794921875 159.0622100830078 1085.7025146484375 178.1414031982422 
Vehicle 0.20375410819450682 475.7015380859375 174.76470947265625 501.6329650878906 192.4257659912109 
Vehicle 0.20279969535921258 575.67 161.14 653.86 189.47 
Vehicle 0.20279969535921258 826.67 159.44 889.0 176.44 
Vehicle 0.20279969535921258 887.87 153.21 944.53 177.57 
Vehicle 0.20279969535921258 1046.52 156.61 1153.61 183.24 
