Vehicle 0.9331456808389585 1013.1027985811234 204.7313153743744 1222.0196553468704 371.7731237411499 
Vehicle 0.9057965319333395 368.60430121421814 187.1994584798813 542.9902344346046 292.111337184906 
Vehicle 0.8924444000013418 823.4027516841888 181.9385066628456 923.2650175094604 254.5090913772583 
Vehicle 0.8670716406373838 560.8206667900085 179.07072231173515 631.467844247818 229.4723466038704 
Vehicle 0.6481987914966874 784.596840262413 174.89900439977646 823.6827292442322 220.71189433336258 
Vehicle 0.5326928907241967 666.4935404062271 173.06380346417427 704.6996691226959 203.33855599164963 
Vehicle 0.5109544012600922 805.7529296875 181.92942810058594 853.8486328125 233.5222625732422 
Vehicle 0.4810950232168501 744.6272674798965 170.69092020392418 785.9928785562515 195.9109604358673 
Vehicle 0.41430833763993247 633.5723397731781 171.6374158859253 664.6501450538635 215.6023308634758 
Vehicle 0.4055155860698582 911.1519165039062 2.0269970893859863 1240.469482421875 203.30506896972656 
Vehicle 0.4019564508274394 616.7587890625 177.89593505859375 649.9459228515625 218.09152221679688 
