Person 0.8265115386078152 655.5052182674408 166.13315522670746 680.32732629776 238.35486447811127 
Person 0.7974200701341065 680.3085834980011 164.24049705266953 710.0440353155136 237.4714493751526 
Person 0.693049702217859 446.8890389800072 165.75315231084824 477.8360947370529 244.0188729763031 
Don't Care 0.3533190668494117 738.2716674804689 206.31324768066406 780.051513671875 286.8430480957031 
Don't Care 0.3152243144441239 854.4694213867188 185.74026489257812 1010.3482055664062 373.118408203125 
Person 0.19616043911610992 294.31 193.21 399.64 283.89 
Person 0.19616043911610992 526.93 166.18 552.84 207.29 
Person 0.19616043911610992 557.34 165.61 593.96 205.6 
Person 0.19616043911610992 1010.75 232.07 1141.99 370.63 
Person 0.19616043911610992 599.59 163.92 628.31 208.42 
Vehicle 0.19616043911610992 735.89 205.04 774.76 294.59 
