Vehicle 0.8875539022119884 776.8064757585526 172.597948461771 962.9747486114502 272.9426845908165 
Vehicle 0.8658292979137265 145.68065460026264 196.34775817394257 336.4209102988243 289.5246595144272 
Vehicle 0.8626296341221472 594.8055896759033 179.54903841018677 667.7313047647476 248.7259805202484 
Vehicle 0.7732117691019509 70.44524493813515 183.33911150693893 199.14059114456177 242.62914061546326 
Vehicle 0.7013859848632864 337.7114573121071 180.36789447069168 397.9113335609436 227.69726067781448 
Vehicle 0.6773346575287709 449.33744448423386 182.99240246415138 507.7387869358063 223.62137585878372 
Vehicle 0.6755461475568552 526.190433382988 180.53190037608147 561.3918743133545 207.05381780862808 
Vehicle 0.6481175608348552 674.1978092193604 180.66679313778877 719.3858320713043 220.55194526910782 
Vehicle 0.6471481427205942 411.1739194393158 179.85978350043297 456.5024122595787 213.45189213752747 
Vehicle 0.6313775894246652 705.4234503507614 181.1554804444313 791.4913061857224 228.6350503563881 
Vehicle 0.35756799094657343 273.3600158691406 189.18716430664062 350.212158203125 233.56822204589844 
Vehicle 0.1980601685036147 587.9700927734375 180.29698181152344 606.8980712890625 202.83544921875 
