Vehicle 0.9035197480146415 100.97468988597393 196.48676365613937 437.10641527175903 372.3978325724602 
Vehicle 0.8725051377083533 1.276260000653565 215.26240557432175 183.61253374814987 372.2435161471367 
Vehicle 0.7572410841824405 396.02859181165695 168.4851385653019 527.0713410973549 287.01822459697723 
Vehicle 0.7469662241616263 667.3108202219009 183.49793180823326 769.9203010797501 228.47456485033035 
Vehicle 0.717821409915299 640.0519473552704 180.81877380609512 687.1388872861862 213.77027034759521 
Vehicle 0.680496388211792 534.4218254685402 189.11267817020416 573.2319195270538 226.4217585325241 
Vehicle 0.61461557656063 518.716552734375 189.76333618164062 551.7523193359375 243.67445373535153 
Don't Care 0.535678531886844 907.0822143554686 212.18161010742188 1025.35302734375 298.6401062011719 
Don't Care 0.4709214435274818 807.6800537109375 216.56492614746094 907.5598754882812 292.9895935058594 
Vehicle 0.3760355607287248 547.2136241197586 169.13336142897606 587.5954642295837 210.78568696975708 
Person 0.18679273772724497 731.6600000000001 194.77 1038.73 312.46 
