Person 0.8875375931904871 141.63208785653114 193.70063745975494 266.511691570282 371.9735778570175 
Person 0.8381378131572255 954.171511054039 159.6039108633995 1015.2672826051712 285.1255738735199 
Person 0.8371539682523811 422.66290032863617 175.40804409980774 487.5157915353775 287.68544685840607 
Person 0.7585484954322699 229.30638545751572 175.55682182312012 282.6970030963421 330.6786644458771 
Person 0.6679192331295468 577.1210218071938 164.60909754037857 610.5131274461746 235.02417397499084 
Don't Care 0.6213311413752012 876.046142578125 220.19827270507812 954.1475830078125 362.0875549316406 
Don't Care 0.6171247824418397 786.79736328125 232.79803466796875 854.6505126953125 360.8337097167969 
Person 0.6163451897286003 518.3245269060135 166.76097983121872 545.7821751236916 230.56231355667114 
Don't Care 0.5443718032611641 692.1783447265625 194.01870727539062 739.8958740234375 245.46534729003903 
Don't Care 0.48661374756397097 264.25006103515625 210.836669921875 354.7731018066407 303.12139892578125 
Person 0.34884859703648224 554.5758666992188 166.60133361816406 572.8229370117188 222.45733642578125 
Don't Care 0.27975224545366906 424.455810546875 217.8264007568359 461.4891357421875 287.64190673828125 
Person 0.22540014891903812 621.12890625 170.45211791992188 635.1100463867188 211.08212280273435 
Person 0.19198588535260133 863.7100000000002 214.96000000000004 962.89 365.3 
Person 0.19198588535260133 782.66 220.3 857.31 360.01 
