Vehicle 0.899383369547552 553.3963015079498 180.23378401994705 695.3529936075211 315.5144825577736 
Vehicle 0.8583872251525866 1132.9266797304153 242.05995351076126 1239.8303589820862 371.8993440270424 
Vehicle 0.8580480458302568 1151.6884335279465 179.9217201769352 1240.0303112268448 225.8666753768921 
Vehicle 0.8081670082270241 960.4921131134033 183.48948284983635 1104.9113788604736 227.22512483596802 
Vehicle 0.6499818251493465 285.8517587184906 195.75655460357666 337.5499631166458 221.675343811512 
Don't Care 0.5777571116959453 599.029296875 0.0 632.7578735351562 30.761098861694336 
Vehicle 0.5303822795177303 340.0741288661957 195.06673514842987 379.62776988744736 218.95994246006012 
Don't Care 0.46389361092975034 389.27630615234375 101.88758087158203 401.6235046386719 125.83287048339844 
Don't Care 0.45344451680023157 953.3344726562499 81.1717758178711 976.67822265625 143.09820556640625 
Don't Care 0.433834651157173 742.0101318359375 90.07542419433594 762.5582275390625 145.29562377929688 
Don't Care 0.3765806154778632 774.3338012695312 72.26204681396484 788.5282592773439 103.24165344238281 
Vehicle 0.21698579281517513 367.9814147949219 194.16989135742188 390.9491882324219 214.80322265625003 
Vehicle 0.19344862501561655 396.4 187.78 456.2900000000001 212.64 
