Person 0.7852016046939805 880.8289475440979 151.7668403685093 935.62992811203 259.23221558332443 
Person 0.7837717433849127 241.04909366369247 192.97555088996887 270.24208438396454 259.3463659286499 
Vehicle 0.6742437694103628 443.6764122247696 171.14677280187607 506.3462280035019 224.9988242983818 
Person 0.5865880367618439 646.5683473348618 169.20679807662964 664.6924896240234 205.66526055335999 
Vehicle 0.47570002709530057 1.1289427280426025 251.81622314453125 79.28192138671875 373.8161315917969 
Don't Care 0.18991934283577858 959.26 247.26 999.49 375.0 
Don't Care 0.18991934283577858 830.07 210.43 858.97 313.56 
Don't Care 0.18991934283577858 873.7 234.79999999999998 901.47 340.19 
Person 0.18991934283577858 0.0 232.52999999999997 84.99 374.18 
Person 0.18991934283577858 163.18 210.43 226.07000000000002 267.09 
