Vehicle 0.9498616444159186 194.39350202679634 190.67774713039398 426.3901668190956 339.4213914871216 
Vehicle 0.9434515456469255 780.1310427188873 187.9771426320076 1009.5813145637512 337.8552049398422 
Vehicle 0.7389151274191318 495.6414540410042 174.99947547912598 534.8231735229492 201.58693939447403 
Vehicle 0.6521834823341888 713.3957780599594 177.29581519961357 814.1919193267822 259.185366332531 
Vehicle 0.558473705755309 611.0634246468544 163.58141228556633 647.7414103746414 199.15247708559036 
Vehicle 0.4682051760842386 356.4964191913605 153.4556932747364 492.7967058420181 265.18935710191727 
Vehicle 0.4235571011044413 781.1578985452652 147.9818858206272 862.409133553505 185.6832392513752 
Vehicle 0.1991725405753327 561.4 166.1 594.2 192.5 
Vehicle 0.1991725405753327 195.24 139.18 369.28000000000003 217.16 
Vehicle 0.1991725405753327 661.98 151.61 703.2300000000001 184.95 
