Vehicle 0.9263057901569324 0.7148734610527754 82.49716088175774 438.54006028175354 261.25994324684143 
Vehicle 0.9170387029244511 83.46567280590534 188.63072991371155 384.12051397562027 302.7270510792732 
Vehicle 0.9070297739047183 427.5021929740906 180.03927916288376 608.462083697319 283.8590294122696 
Vehicle 0.5833515935270046 704.3547681570053 169.2567877471447 743.1267002820969 201.78359001874924 
Vehicle 0.5069169806790639 668.5919655561447 169.48356851935387 699.9016295671463 201.12521946430206 
Vehicle 0.47657406399008667 1170.26220703125 155.86920166015625 1203.5223388671875 176.8540802001953 
Vehicle 0.4670047200080087 1137.369384765625 157.40408325195312 1172.7867431640625 179.34898376464844 
Vehicle 0.41526676272650825 1202.8592529296875 157.14288330078125 1241.2432861328125 174.0413360595703 
Vehicle 0.3742330910521181 1103.5738525390625 157.90969848632812 1141.3875732421875 178.4507598876953 
Vehicle 0.2594737815593595 1044.921875 158.9843292236328 1087.424072265625 178.5497589111328 
