Vehicle 0.8717899532044923 74.78023329377174 187.67199665308 270.31798258423805 274.1647884249687 
Vehicle 0.839634946817434 274.9995930790901 177.30097845196724 373.7273279428482 239.32215571403503 
Vehicle 0.7872015664978692 368.4725666642189 185.5766326189041 420.8883708715439 226.51351243257523 
Vehicle 0.7507015433994388 404.5012072920799 179.23694103956223 456.2106640934944 222.0921590924263 
Vehicle 0.7097235815422508 486.82775008678436 178.99256944656372 517.9656668901443 204.59461212158203 
Vehicle 0.667586477881304 455.49306428432465 179.43644151091576 496.18408638238907 208.62402766942978 
Don't Care 0.5110423678390468 691.1927136182785 151.06642618775368 735.2378772497177 191.90289080142975 
Vehicle 0.5063543878062283 530.2865302562714 176.2453280389309 559.90748244524 196.83323800563812 
Person 0.18982481274685775 758.04 168.57 775.5499999999998 189.47 
Person 0.18982481274685775 814.54 162.92 838.84 195.69 
