Vehicle 0.9127370408811665 0.08668972751183901 205.1656173467636 402.1763191819191 371.02823519706726 
Person 0.8625284685143587 1014.5611808300018 153.98868870735168 1099.9163336753845 312.54895973205566 
Don't Care 0.5774951176176181 829.3595581054689 215.80578613281247 986.5092773437499 366.3053283691406 
Person 0.5435485537173635 538.56914883852 172.79333245754242 560.7661949396133 226.59756779670715 
Person 0.5189402759715618 679.5400549173355 173.8563553094864 707.539952993393 226.44047510623932 
Person 0.4786050183070976 928.7780151367188 182.598876953125 967.717041015625 253.03057861328128 
Person 0.4455074417004761 668.2596435546875 174.0109405517578 685.0325317382814 224.4705810546875 
Don't Care 0.1907933028125598 751.72 201.11999999999998 807.0700000000002 273.41 
Person 0.1907933028125598 831.36 243.48 993.45 371.68 
Person 0.1907933028125598 609.96 173.44 628.04 207.9 
