Person 0.8894134678509906 188.02786204218864 158.92241522669792 247.59510523080826 347.7795571088791 
Person 0.8873258443358377 235.94305658340454 174.53890666365623 302.22404247522354 361.02915555238724 
Person 0.8518428844236707 749.2250586748123 168.61169412732124 794.6237679719925 287.2307002544403 
Don't Care 0.6520213401743646 42.28125 231.02163696289062 121.13798522949219 373.5261535644531 
Don't Care 0.5875858879826862 1169.5474853515625 218.8799743652344 1241.16796875 315.83233642578125 
Person 0.5722186996751152 453.2515781521797 168.62618923187256 480.2693016529083 238.38311433792114 
Person 0.5699668568842104 496.86689257621765 168.86786743998528 516.9772691130638 223.78849983215332 
Person 0.4652880570690039 533.5298874378204 174.55417290329933 551.1214653253555 218.69342029094696 
Don't Care 0.3004195974288245 178.49093627929688 265.6398010253906 216.8189239501953 316.5662536621094 
Person 0.27278699275922885 736.2947998046875 170.360595703125 758.5128173828125 216.05233764648438 
Person 0.1961234524951791 545.49 176.58 569.03 221.52 
