Vehicle 0.9412934908923302 1.6628632773645222 193.08869540691376 325.8692652583122 324.0450695157051 
Vehicle 0.9357795528059082 358.7626680135727 181.44726008176804 567.8796620965004 305.0648421049118 
Vehicle 0.9254021293438395 16.702389338985085 84.46713723242283 451.18902003765106 231.5700352191925 
Vehicle 0.6334286186326719 699.3973442316055 170.2449694275856 744.1928654909134 201.91888511180878 
Vehicle 0.5598751118058379 665.9370646476746 169.93935406208038 700.3911091089249 199.26506280899048 
Vehicle 0.501049730112158 1170.1561279296875 155.85299682617188 1203.7081298828125 176.6896514892578 
Vehicle 0.4742876811067058 1137.4969482421875 157.12380981445312 1172.7642822265625 179.25340270996094 
Vehicle 0.4441893267138937 1202.74609375 157.1761932373047 1241.28466796875 173.99069213867188 
Vehicle 0.3671403321508702 1103.6842041015625 157.8299560546875 1141.359375 178.58616638183594 
Vehicle 0.2359566426954779 1044.8406982421875 159.03427124023438 1087.112060546875 178.2629852294922 
Vehicle 0.2063718396696091 891.6981811523436 157.93453979492188 917.9144897460938 173.36082458496094 
