Vehicle 0.9024537449910853 1.4013637527823448 193.80835443735123 387.07811933755875 371.3163882493973 
Vehicle 0.9019701000616313 351.3184259533882 179.90587279200554 613.2322513461113 350.8623540401459 
Vehicle 0.9016319352392337 948.3390734195709 210.0566402077675 1221.5985785722733 372.88798391819 
Vehicle 0.8553276312264508 604.0898587703705 176.81067064404488 719.6547793149948 262.211412191391 
Vehicle 0.8194667848370346 889.7927452325821 179.89782616496086 954.3588130474091 237.03107982873917 
Vehicle 0.7157230143280372 739.0965632200241 169.53042894601822 786.9500731229782 208.7191790342331 
Vehicle 0.5381579799772438 860.3628247976303 171.09006643295288 887.9315829277039 193.88508796691895 
Vehicle 0.4177893758251534 804.2000073194504 165.0180034339428 825.4095289707184 184.21876430511475 
Vehicle 0.2640997216441934 779.127685546875 171.9852294921875 802.4454345703125 201.8118438720703 
Person 0.18856235937803387 821.5800000000002 166.81 834.04 191.74 
