Vehicle 0.776391190413884 183.31299403309822 187.9688948392868 224.532268345356 216.72273427248 
Vehicle 0.7241831152382814 385.59957575798035 163.27085718512535 471.5287753343582 217.52353012561798 
Vehicle 0.6349739028383592 521.7416995167732 193.80752742290497 550.7386615276337 219.85622495412827 
Vehicle 0.5643219909281416 1103.6053466796875 196.24525451660153 1150.2796630859375 222.65881347656247 
Vehicle 0.518518633913967 1204.166259765625 194.25576782226565 1241.987060546875 226.49647521972653 
Vehicle 0.4396857590164279 686.6576249599457 182.7070154249668 718.4161266088486 201.70797407627106 
Vehicle 0.30257372221539475 1047.3089599609375 191.3371276855469 1086.351318359375 218.24932861328128 
Vehicle 0.23263292233453867 769.755859375 185.34365844726562 804.0850830078125 202.04902648925778 
Vehicle 0.2260205433912467 285.9926452636719 185.29978942871094 308.0340576171875 203.10864257812497 
Don't Care 0.22081424800643926 387.5944519042969 164.2200469970703 471.6009826660156 216.10574340820312 
Vehicle 0.21848342145909794 500.88 184.94 526.37 207.6 
Vehicle 0.21848342145909794 479.35 194.57 499.18000000000006 210.43 
Vehicle 0.21848342145909794 567.17 184.94 611.36 220.07 
Vehicle 0.21848342145909794 828.37 179.27 877.67 211.0 
Vehicle 0.21848342145909794 725.82 179.84 804.01 207.03 
Vehicle 0.21848342145909794 637.9999999999999 174.74 679.36 203.64 
Vehicle 0.21848342145909794 926.4 186.07 1150.77 228.0 
