Vehicle 0.8900805232327674 249.6039553284645 198.98302853107452 375.0044016838074 265.38390666246414 
Vehicle 0.8709309166268926 710.764862537384 181.42379075288773 804.1157623529434 236.51864379644394 
Vehicle 0.8530288945547702 107.35912397503853 192.16827303171158 185.47147518396378 235.82777380943298 
Vehicle 0.7771899355619499 633.0869318246841 177.2805042564869 694.1711951494217 227.38219052553177 
Vehicle 0.6627562561198753 393.2336651086807 171.70043662190437 643.9610470533371 304.14513498544693 
Vehicle 0.5893538501009145 90.7258529663086 192.3900604248047 140.2864227294922 226.5092315673828 
Vehicle 0.5104071079660494 47.98192240297794 183.9098185300827 84.22174917161465 212.1698632836342 
Vehicle 0.3782713522115383 783.9204711914062 174.9171600341797 901.6603393554688 208.109375 
Vehicle 0.3568315263452836 321.293701171875 180.57994079589844 405.40753173828125 218.80047607421875 
Vehicle 0.2610673882962707 683.95458984375 188.9767303466797 721.8375244140624 220.56646728515625 
