Vehicle 0.9386970380876142 209.12658083438873 182.92836472392082 323.93618381023407 240.66904932260513 
Vehicle 0.868648135847928 440.11454540491104 174.0218885242939 527.4354895949364 217.14136004447937 
Vehicle 0.537756333549611 572.1197823286057 172.4945269525051 627.2756577730179 204.49349284172058 
Vehicle 0.5126490407520347 712.463161110878 170.3670769929886 738.8775855302811 190.6200796365738 
Vehicle 0.4315247138074741 987.768975019455 160.12359783053398 1020.0196212530136 178.3967837691307 
Vehicle 0.20360944348853754 1084.16 156.41 1100.11 178.73 
Vehicle 0.20360944348853754 559.62 167.57 593.1 185.91 
Vehicle 0.20360944348853754 1040.32 157.21 1073.0 182.72 
Vehicle 0.20360944348853754 1103.3 154.02 1120.83 177.93 
Vehicle 0.20360944348853754 1120.83 156.41 1152.72 177.93 
Vehicle 0.20360944348853754 1180.62 156.41 1206.13 176.34 
