Vehicle 0.9326458479335193 524.3732442855835 176.42494663596153 736.5810588598251 369.5647716522217 
Vehicle 0.8390307982974927 206.08091801404953 190.0610625743866 305.83454632759094 226.2132167816162 
Vehicle 0.8193983948507705 328.93040013313293 184.18968468904495 399.4580948352814 215.5352532863617 
Vehicle 0.7654791154619981 55.888262540102005 199.63842630386353 144.70548950135708 235.2379783987999 
Vehicle 0.5790386279992047 419.76768332719803 180.9474192559719 464.3534064888954 204.65871691703796 
Don't Care 0.5655027237363042 599.342041015625 0.0 630.9004516601562 31.600086212158207 
Don't Care 0.46835045636434275 732.8211669921875 88.47057342529297 753.038330078125 140.6616973876953 
Don't Care 0.4065303023416299 933.4443359374999 84.75562286376953 954.7565307617189 138.28688049316406 
Don't Care 0.38680767367697344 392.92822265625 96.43785858154297 404.49176025390625 121.15396118164061 
Vehicle 0.3841997826791441 382.00305175781244 181.12535095214844 418.3603820800781 204.28613281249997 
Person 0.21464993776799057 634.376708984375 200.1671142578125 697.6649780273438 256.2132568359375 
