Vehicle 0.8814998900753476 930.7204749584198 149.19843524694443 1241.9602464437485 365.09082466363907 
Vehicle 0.8327226161053006 694.7232291698456 171.32798954844475 767.509029507637 214.83870595693588 
Vehicle 0.8269474569058439 27.025073189288378 185.22518500685692 163.61194217205048 237.01612651348114 
Vehicle 0.7807387096794284 763.5991895198822 165.22623226046562 826.5472061634064 212.10256218910217 
Vehicle 0.7803507926541683 317.2099487185478 182.90526419878006 393.4844012260437 227.64160484075546 
Vehicle 0.5729647457270628 843.1986161470413 131.1466433107853 1033.067819237709 216.48676693439484 
Vehicle 0.5061063340810459 456.63116455078125 172.5290985107422 498.8378601074219 205.7272796630859 
Vehicle 0.24252252333049137 1185.5076904296875 133.9864501953125 1241.4224853515625 204.49078369140625 
Vehicle 0.186587377375736 217.23999999999998 164.26 311.49 233.22 
Vehicle 0.186587377375736 534.48 164.26 587.35 224.02000000000004 
