Vehicle 0.9440344656119265 371.5907038450241 192.11098551750183 449.10739946365356 243.439681828022 
Vehicle 0.877289305320965 433.17099827528 187.78708577156067 480.62823110818863 229.08204048871994 
Vehicle 0.7382485883030593 470.8780236840248 177.1594025194645 509.3819709420204 215.94252437353134 
Vehicle 0.6325882963007022 658.6501711606979 176.9373156130314 723.9640055894852 221.40569239854813 
Vehicle 0.6306153114786048 30.27410515397787 204.1618824005127 125.68815994262695 241.38104170560837 
Vehicle 0.5044384715928152 3.002184103243053 206.20708912611008 38.59979626536369 242.80384182929993 
Vehicle 0.49681677802074187 1055.1468851566315 133.83285328745842 1163.799868941307 179.12771925330162 
Vehicle 0.4767063530262134 1137.557783961296 114.93738368153572 1230.2960200309753 174.37639832496643 
Vehicle 0.2604692040976863 627.3942871093751 174.19003295898438 649.1160888671875 193.7137451171875 
Vehicle 0.21092160195907725 510.99 175.54 538.1 204.24 
Vehicle 0.21092160195907725 536.5 173.95 571.58 198.66 
