Vehicle 0.9109944911902879 83.57468046247959 206.01600408554077 388.11718994379044 367.21502244472504 
Vehicle 0.874437920836117 372.7259010672569 187.3132511973381 482.1835797429085 274.78183060884476 
Vehicle 0.8675738736440379 0.5178331790375523 259.15007293224335 89.6955529153347 372.67546355724335 
Vehicle 0.8530112213748418 815.7373480796814 171.1214929819107 986.0689737796783 263.7336552143097 
Vehicle 0.8051282348489275 472.06907576322556 189.32580202817917 528.0309416055679 244.7793334722519 
Vehicle 0.7764285037886088 666.5017576217651 182.46012926101685 726.1615555286407 225.71644932031631 
Vehicle 0.5902879146467377 740.5420528650284 176.28762871026993 780.5159193277359 210.56324243545532 
Vehicle 0.5644279682289817 540.2492008209229 184.16888639330864 566.8855640888214 211.80613338947296 
Vehicle 0.5147604257771526 498.36480712890625 186.50047302246094 549.2529907226562 231.82135009765625 
Vehicle 0.3985131209183963 710.2479248046876 182.43711853027344 740.6231079101562 216.0951843261719 
Vehicle 0.24225406958097906 783.5175170898438 171.39500427246094 846.611572265625 221.64909362792966 
