Person 0.8792241253606184 79.87400007247925 168.3429814875126 161.98550722002983 299.1151884198189 
Person 0.7204745007038467 929.4985527992249 169.22910511493683 952.9877225160599 236.21302843093872 
Person 0.7198984592369979 1021.3990770578384 167.62522235512733 1046.5207335948944 246.39469385147095 
Don't Care 0.7040238277607805 54.763160705566406 221.58436584472656 173.27484130859375 330.7286682128906 
Vehicle 0.5808117434174427 375.50775146484375 181.06898498535156 427.48040771484375 211.2084045410156 
Vehicle 0.5525271350678339 423.1377410888672 144.81760561466217 540.017008960247 234.73671823740005 
Person 0.5281381853528992 826.1639581918716 182.37624317407608 866.2986896038055 232.21997916698456 
Person 0.47577639543902794 306.567599684 168.12624782323837 323.24186611175537 217.3103168606758 
Don't Care 0.41487888162439185 1135.1314697265625 119.94261932373045 1241.2967529296875 185.3313751220703 
Person 0.31521579110092185 49.749717712402344 194.42263793945312 87.78651428222656 267.442626953125 
Don't Care 0.2129820008272221 2.6503303050994877 273.8188171386719 42.69913864135742 321.3800354003906 
Person 0.20402744710098203 640.12 174.77 680.03 229.84 
Person 0.20402744710098203 2.36 215.48 39.86999999999999 350.37 
Person 0.20402744710098203 852.44 181.95 885.1700000000001 240.22 
Person 0.20402744710098203 338.4 177.96 383.1 215.48 
