Vehicle 0.9085820865331303 49.73462301492691 201.17294043302536 435.8163124322891 371.41064554452896 
Vehicle 0.900378755410566 757.8225610256195 154.62255477905273 1109.5027295351028 368.60400438308716 
Vehicle 0.8432072745859316 665.454617857933 184.89379808306694 741.8278620243073 252.75318324565887 
Vehicle 0.8093927198308795 462.6908639073372 184.11098420619965 534.3590859174728 241.7440339922905 
Vehicle 0.760445160865217 716.355678319931 187.9614070057869 792.0716933012009 285.33147275447845 
Vehicle 0.6135655484787532 532.043126642704 178.7608489394188 563.3708167076111 207.76064693927765 
Vehicle 0.5954770202740023 627.748480796814 175.10275170207024 656.046128153801 200.39422810077667 
Vehicle 0.3071539197087968 407.681396484375 209.24061584472653 503.1887512207031 261.0202941894531 
Vehicle 0.22002415433530417 601.4083251953125 174.86972045898438 623.21630859375 190.9633483886719 
Vehicle 0.19149403121526218 559.5 174.77 581.85 200.31 
