Person 0.8793254876923603 511.4525799751282 162.5981855392456 556.6639401912689 254.64908361434937 
Vehicle 0.8337098174374946 1055.1769194602966 186.4283311367035 1153.619556427002 224.49704110622406 
Person 0.8016464768429415 401.8275625705719 169.50083404779434 433.5392017364502 255.37423193454742 
Person 0.7596960729712612 101.88470506668091 156.34405970573425 196.61717855930328 307.5080096721649 
Vehicle 0.7346996000383545 962.614688873291 184.71443742513657 1064.4023623466492 222.28011310100555 
Person 0.730504734545573 705.7236914634705 157.27704226970673 765.562783241272 258.851882815361 
Don't Care 0.6760331055779647 691.87353515625 199.5881805419922 768.4053344726562 269.95587158203125 
Don't Care 0.6756492793300231 97.45726776123047 228.40184020996094 199.37139892578125 334.0970764160156 
Person 0.5184401387111013 327.1754672527313 158.15163761377335 343.9141466617584 201.76069378852844 
Vehicle 0.4951084239931958 1145.0945649147034 187.22235321998596 1222.8016233444214 226.6331422328949 
Vehicle 0.4234324975171815 597.8316729068756 170.37142664194107 644.6688594818115 209.1903930902481 
Don't Care 0.23740524819241524 838.8297119140625 216.33042907714844 1222.56982421875 300.7727966308594 
Don't Care 0.23287673343270035 80.71488189697266 170.01988220214844 123.76004028320312 203.40487670898438 
Person 0.19825952015139847 348.81 153.98 366.09999999999997 194.04 
Person 0.19825952015139847 298.53 157.12 312.67 201.9 
Person 0.19825952015139847 213.69 157.12 289.11 198.75999999999996 
