Vehicle 0.9505651049680577 754.6821781396866 181.14999309182167 900.3782215118408 270.32341808080673 
Vehicle 0.7936918239461296 383.3653444647789 179.15432900190353 443.67826294898987 204.12596315145493 
Vehicle 0.5913405075771944 1173.0679256916046 152.42161229252815 1239.51506960392 177.11569368839264 
Don't Care 0.5101945546620639 636.9459838867186 33.78778076171875 645.5684814453125 62.635562896728516 
Vehicle 0.49289735668847534 609.1224961280823 171.8083843588829 676.9644198417664 199.47262108325958 
Vehicle 0.38397684048384717 253.40728759765625 182.96728515625 303.3222961425781 204.02134704589844 
Vehicle 0.21738785851975725 587.0186157226562 174.09324645996094 608.6771850585938 189.185791015625 
Vehicle 0.20381029600838235 555.64 171.56 601.87 194.66999999999996 
Vehicle 0.20381029600838235 710.29 169.17 731.81 187.5 
Vehicle 0.20381029600838235 972.56 168.37 1034.74 181.12 
