Vehicle 0.8960293766094514 97.33631412684917 178.70787531137466 310.6487612128258 271.88102155923843 
Vehicle 0.7746522225718435 402.5796003341675 177.3255430161953 467.23024624586105 209.6509113907814 
Vehicle 0.762668762357069 547.0274782776833 175.7543720304966 661.0787655115128 214.06475454568863 
Person 0.7542069405062894 353.4065980911255 171.13004252314568 382.9030705690384 253.00070643424988 
Vehicle 0.6969662583161546 830.5501745939255 159.16960313916206 934.5745711326599 203.02274823188782 
Vehicle 0.5986672567624028 696.9211492538452 170.994121581316 729.0631949901581 194.43856179714203 
Person 0.5779235169652256 1155.0169240236282 167.01484099030495 1234.835846543312 274.71768110990524 
Don't Care 0.5270225297080473 1120.080322265625 207.14880371093747 1233.9522705078125 301.45086669921875 
Don't Care 0.3549842223951989 358.3996887207031 104.86551666259766 372.15203857421875 145.33018493652344 
Vehicle 0.1897563222036929 521.19 173.97 553.11 195.52 
