Vehicle 0.9156293723893394 590.3017042279243 187.70650774240494 667.4876013994217 248.43860417604446 
Vehicle 0.9089981005120178 187.6108938753605 185.01032888889313 298.46659111976624 238.29205334186554 
Vehicle 0.7949892725668747 684.471845626831 167.07505658268929 761.3082890510559 236.99399828910828 
Person 0.7479592993353117 926.6625770330429 176.6212061047554 985.0683242082596 261.11577451229095 
Person 0.734054320663394 449.87489479780197 172.1363291144371 473.6390451192856 256.19059056043625 
Vehicle 0.7242957910389128 469.9516991972923 182.21190199255943 519.8584025502205 228.7304699420929 
Don't Care 0.6367620391381652 905.5833129882812 204.63595581054688 992.572509765625 263.9503173828125 
Vehicle 0.5307235747311708 328.22945684194565 175.2621978521347 389.23502737283707 216.0530984401703 
Vehicle 0.4367534390892859 510.2440490722657 181.84449768066406 547.4487915039062 214.72329711914062 
Don't Care 0.37352564463783733 1201.59423828125 97.37696838378906 1230.468017578125 136.68930053710938 
Vehicle 0.32127021194622724 577.7619018554688 182.12716674804688 618.8419189453125 220.9986572265625 
Vehicle 0.22850047269348783 552.24462890625 182.2011260986328 571.154052734375 200.6876220703125 
Vehicle 0.20203134736874523 663.4193725585938 177.1633758544922 687.5236816406249 213.66148376464847 
