Vehicle 0.934156540744606 339.9655809402466 179.66839224100113 485.8660418987274 273.73712837696075 
Person 0.7958911093946631 568.7517421245575 160.33758014440536 595.170271396637 224.9881774187088 
Person 0.765228514587139 244.27223932743073 175.50737380981445 271.5745950937271 240.1192557811737 
Person 0.7407579951962404 213.02111721038818 169.50456112623215 244.6310008764267 246.74818456172943 
Don't Care 0.6313563520113213 1088.7855224609375 162.19830322265625 1190.5042724609375 213.37144470214847 
Vehicle 0.5988755891741848 473.1255383491516 168.64340752363205 499.45900082588196 191.57322108745575 
Don't Care 0.502156162139128 286.388671875 201.49349975585938 346.2757873535156 239.93719482421872 
Person 0.49345498463320897 1102.619896888733 131.69336140155792 1171.0511727333069 211.97787284851074 
Don't Care 0.41077307739429314 555.2937622070312 0.0 566.4840698242188 25.98958969116211 
Don't Care 0.2627226958276451 999.4119262695312 163.53164672851562 1064.4052734375 207.6781463623047 
Don't Care 0.24469181859913675 41.666526794433594 126.09947967529297 62.554893493652344 161.0509796142578 
Vehicle 0.20992059582089065 1161.810546875 143.29872131347656 1223.522705078125 186.25643920898438 
Person 0.20358425259858418 194.83000000000004 179.9 220.76 235.67999999999998 
Person 0.20358425259858418 280.46 165.76 349.6 237.24999999999997 
Vehicle 0.20358425259858418 619.07 157.12 643.42 178.33 
Person 0.20358425259858418 997.74 134.34 1064.51 201.9 
Person 0.20358425259858418 794.26 153.98 831.97 196.4 
