Vehicle 0.943480399140747 833.020817399025 192.50641018152237 1230.3966994285583 372.18616157770157 
Vehicle 0.9252653982250499 4.2058017323724926 188.13322484493256 295.1053242981434 302.9509484767914 
Vehicle 0.8903178026161728 679.7523508071899 181.81225284934044 743.6531202793121 227.3085191845894 
Vehicle 0.8645769122019276 748.8216007947922 178.30867320299149 899.8441025018692 288.8163775205612 
Vehicle 0.8513493954858631 246.58427667617798 182.13076516985893 397.5375983119011 253.2479390501976 
Vehicle 0.5934082782958631 440.67679542303085 175.79537630081177 508.62024986743927 220.522440969944 
Vehicle 0.5910444059175368 374.98137867450714 186.0227733850479 458.2883611321449 236.80483549833298 
Vehicle 0.504797240351128 633.9203499555588 161.84720769524574 676.7079094648361 200.95820724964142 
Vehicle 0.47195139002229913 520.7400505542755 172.41346836090088 559.0520777106285 197.3862200975418 
Vehicle 0.3971784430249018 735.5338134765624 181.14305114746094 780.039306640625 211.77647399902347 
