Vehicle 0.8532487723983573 58.337520226836205 206.80566877126694 219.54154989123344 267.67992228269577 
Vehicle 0.8378311660212144 209.0686901807785 202.25143432617188 275.94712686538696 240.37519097328186 
Vehicle 0.7915567811925313 568.409857571125 184.3894086778164 648.5531380176544 256.6242590546608 
Vehicle 0.752282565677911 0.2704661026946269 213.11811357736588 75.31289023160934 258.784219622612 
Vehicle 0.6245782552495762 311.0984871983528 193.16187500953674 360.29136621952057 226.50866210460663 
Vehicle 0.5678975812735509 275.378565877676 196.0022673010826 312.11645954847336 225.35444051027298 
Don't Care 0.4630229654176966 1166.849853515625 53.588882446289055 1216.6138916015625 143.16322326660156 
Don't Care 0.4602626616068447 933.4711303710938 0.0 962.1105346679688 33.582027435302734 
Don't Care 0.403492683328472 251.1552276611328 59.12135696411133 271.0706481933594 97.49102783203126 
Don't Care 0.23654366999584503 859.2083129882812 124.62171173095705 876.9242553710938 167.11692810058594 
