Person 0.8472328543042056 656.8547143936157 147.8017944097519 701.0051836967468 262.97109842300415 
Person 0.8140213920218667 588.8803989887238 145.708290040493 619.758514881134 225.78808784484863 
Person 0.7916279009208844 551.8187077045441 132.66186147928238 579.2641303539276 227.4745136499405 
Vehicle 0.6335274274660013 0.8562089800834656 96.32685089111328 262.0947570800781 363.9032897949219 
Person 0.49996935351043886 506.3681609630585 142.9307895898819 521.1132423877716 181.03400260210037 
Don't Care 0.3140908946588944 252.70468139648438 221.671630859375 319.7825927734375 299.2077331542969 
Don't Care 0.3006690323804969 308.39709472656256 193.1865692138672 406.0919494628906 290.6534118652344 
Person 0.1954354596578704 407.14 137.64 428.38 194.28 
Person 0.1954354596578704 356.01 143.15 387.48 177.76 
Person 0.1954354596578704 304.09 217.88 414.22 294.18 
Person 0.1954354596578704 289.93 145.51 334.77 207.65 
Person 0.1954354596578704 437.82 137.64 462.21 202.93 
Person 0.1954354596578704 371.74 187.2 486.59 272.16 
Person 0.1954354596578704 655.72 154.16 668.3099999999998 211.59 
