Person 0.9672616090061634 809.6878638267517 145.3791493177414 869.5923972129822 320.3272408246994 
Vehicle 0.9153408660944518 1.8501607635989785 125.61779350042343 133.57403790950775 277.5373589992523 
Don't Care 0.2864849121815091 943.7080078125 193.80760192871094 1002.4338989257812 278.61041259765625 
Don't Care 0.2825136782027149 870.6453247070312 207.1318359375 919.828125 279.25018310546875 
Don't Care 0.25911476680989337 283.1978454589844 209.29603576660156 334.14984130859375 283.5278015136719 
Don't Care 0.221326169813864 343.87176513671875 208.8162078857422 390.8975524902344 282.4459228515625 
Person 0.2119524374595496 371.27 197.19 428.7 271.92 
Person 0.2119524374595496 336.66 199.54999999999998 367.34 267.99 
Person 0.2119524374595496 303.62 189.32 341.38 279.79 
Person 0.2119524374595496 244.62 197.19 301.26 285.29 
