Vehicle 0.8907291566514904 343.6727510690689 180.84299191832542 413.2557250857353 222.5787341594696 
Vehicle 0.7978250672837605 722.5099285840988 168.6214730143547 755.7905398607254 196.98397815227509 
Vehicle 0.7945959360101692 636.9422124624252 170.94846814870834 682.700332403183 204.0344998240471 
Vehicle 0.6975622313141929 1167.3730251789093 154.79228273034096 1210.4167249202728 177.6398867368698 
Vehicle 0.6512346443787446 485.934294462204 179.03202027082443 524.8973323702812 206.72661066055298 
Vehicle 0.593957542957618 1104.9959939718246 157.81838446855545 1143.550206899643 179.97649312019348 
Vehicle 0.5025300458164873 688.729917883873 170.40373384952545 714.694616317749 190.07720053195953 
Vehicle 0.4653518947707966 1045.0856820344925 157.9311601817608 1085.9952746629715 178.87762561440468 
Vehicle 0.45600938615329273 1137.5504150390625 157.50843811035156 1172.617919921875 179.32568359375 
Vehicle 0.4481978110802404 1202.74755859375 157.33871459960938 1241.1759033203125 174.21107482910156 
Vehicle 0.4276726511823442 891.8124035596848 155.28594329953194 917.8617171049118 173.4602451324463 
Vehicle 0.20727164265041598 841.82 156.41 876.9 179.53 
Vehicle 0.20727164265041598 534.11 173.95 558.03 197.86 
