Vehicle 0.9181068311114243 237.98252296447754 190.3768801689148 360.1458496749401 252.73051261901855 
Vehicle 0.8999339611847817 12.278545760549605 191.92303895950317 113.80628643929958 264.3380436897278 
Vehicle 0.8551683000025683 13.289478125981987 290.34473037719727 163.48590517044067 374.90283012390137 
Vehicle 0.8385402240154262 382.5275368690491 190.78382539749146 498.64948973059654 266.42790174484253 
Vehicle 0.8247031505088156 577.1628659069538 179.27138566970825 614.8502569496632 213.71406173706055 
Vehicle 0.7285583718396919 203.61378593742847 187.5787787437439 273.21607281267643 228.7447018623352 
Vehicle 0.5360399924832432 361.21537271142006 180.55608248710632 410.8168982863426 222.14644289016724 
Vehicle 0.4976045753834847 471.30157339572906 182.99049258232117 516.65000846982 220.2486276626587 
Vehicle 0.42438195010188984 511.90864619612694 161.1036388874054 559.1171518862247 205.4137282371521 
Vehicle 0.3798042643279016 293.6884765625 180.6157989501953 360.2115173339844 214.9749908447266 
Don't Care 0.252395208846726 665.3426513671876 138.24459838867188 691.71142578125 164.19351196289062 
