Vehicle 0.8582952900287538 839.251761674881 179.48902398347855 1240.9892084598541 370.64719945192337 
Vehicle 0.8313004576956684 727.4889689683914 164.51876610517502 901.7637476921082 295.2457442879677 
Vehicle 0.812290267031776 247.45770746469498 187.5295490026474 391.65007442235947 285.95200181007385 
Vehicle 0.8094567672598652 0.7746184535790235 200.50513744354248 270.56275936961174 363.19756507873535 
Vehicle 0.8060733628988084 372.10209596157074 178.44385653734207 449.7910569906235 250.8660927414894 
Vehicle 0.7837675464678248 442.33034348487854 178.99397760629654 497.9004850387573 221.05441242456436 
Vehicle 0.6846056571588791 686.8238940238953 161.67110949754715 764.0699397325516 244.6674406528473 
Person 0.6215149360290021 67.9713363647461 176.83238220214844 198.00634765625 371.15960693359375 
Don't Care 0.5980506533451825 63.881977081298835 276.6864929199219 221.35479736328125 373.91864013671875 
Vehicle 0.3568574939016257 530.002685546875 168.8587188720703 560.6373901367188 196.08380126953122 
