Vehicle 0.8788647740788257 175.1405290067196 198.09646904468536 367.04465889930725 301.9592687487602 
Vehicle 0.8667295826763207 811.1237146854401 157.97602012753487 941.7653750181198 203.90568673610687 
Vehicle 0.8243184267282838 347.31627184152603 197.52171635627747 424.9161390066147 258.867010474205 
Vehicle 0.7992872540957516 450.20476788282394 189.93441760540009 491.5804468989372 228.78869622945786 
Vehicle 0.7669473845655445 412.9022367596626 193.4773251414299 461.9733011126518 241.17357283830643 
Vehicle 0.7057002871945067 485.2280580997467 186.58312037587166 521.2278644442558 218.41572225093842 
Vehicle 0.6609659823331725 1091.4804511070251 142.0930176973343 1156.5491015911102 179.24673110246658 
Vehicle 0.5767842682582561 749.991850733757 160.18343344330788 821.7530161142349 198.82361590862274 
Vehicle 0.22968023918504252 658.8486328125 178.64224243164062 706.3401489257812 211.2796783447266 
Vehicle 0.19153564326143038 604.2 168.38 633.73 198.71 
Vehicle 0.19153564326143038 521.19 179.56 556.31 210.69 
