Vehicle 0.8887624284119698 916.6917632818222 210.56614816188812 1236.084048986435 372.0428869128227 
Vehicle 0.8868089050206174 245.31908458471298 175.86307972669601 561.6137391328812 366.63711816072464 
Vehicle 0.8707166168101622 2.377562654670328 228.24686765670776 281.57005271315575 372.320294380188 
Vehicle 0.8537240251442771 551.0334448814392 175.55562034249306 673.2059690952301 263.68600130081177 
Vehicle 0.7807897070276396 840.087770819664 178.04904654622078 905.1566433906555 234.9935844540596 
Vehicle 0.6128144624775155 693.1376767158508 165.59137031435966 738.1881537437439 206.9566547870636 
Vehicle 0.6116523235453041 809.5526719093323 168.5660071671009 835.6887474060059 192.08934903144836 
Vehicle 0.23777794059552806 732.4185180664064 169.55194091796875 753.3472290039062 198.59194946289062 
Person 0.18398686339522488 770.23 165.19 790.98 201.11 
Vehicle 0.18398686339522488 753.46 161.2 774.22 183.55 
