Vehicle 0.9422743452924564 893.8458312749863 212.764173746109 1233.6712228059769 371.05847150087357 
Vehicle 0.9395431340335512 761.5477727651596 183.85958299040794 1007.8589565753937 329.20559495687485 
Vehicle 0.8800530492466614 691.8286224603653 181.41892924904823 772.1789249181747 239.69504982233047 
Vehicle 0.7347631538270608 183.6892647743225 194.1932961344719 287.96386072039604 241.4928674697876 
Vehicle 0.6899020163447094 4.8356101247482 195.9226056933403 159.21861898899078 241.7583167552948 
Vehicle 0.6545377558611475 656.7333390712738 179.60403487086296 692.4381769895554 207.11173117160797 
Vehicle 0.6092215413519763 602.0623533725739 175.1616820693016 634.1350339651108 202.88150757551193 
Vehicle 0.5153122768287863 502.14786010980606 176.60903558135033 525.9321463108063 204.399012029171 
Vehicle 0.40985758640675557 462.93267953395844 183.56846272945404 499.5433729290962 211.56665682792664 
Vehicle 0.26699842093550596 258.609619140625 197.32858276367188 319.9750671386718 237.5655975341797 
