Vehicle 0.8981822984681266 911.3653049468994 237.52793669700623 1241.4489283561707 372.1986562013626 
Vehicle 0.8927610956434127 699.1565279960632 184.84672531485558 839.6187973022461 273.8182693719864 
Vehicle 0.8411138441576342 23.473309010267258 199.46401566267014 211.9559310078621 340.1927947998047 
Vehicle 0.8222992642652656 272.2825448513031 187.0485171675682 457.82753080129623 247.68483638763428 
Vehicle 0.7219839269144037 671.975089430809 180.01460283994675 728.3997473716736 222.78957813978195 
Vehicle 0.5676411963525679 645.3284361362457 170.9703393280506 681.7890357971191 201.68095082044601 
Vehicle 0.558966915271183 78.23840403556824 181.40573054552078 331.5759363770485 282.73775428533554 
Vehicle 0.5087064607876759 444.63756734132767 176.6435243189335 508.6493062376976 217.09902584552765 
Vehicle 0.38920498781927604 485.9942579269409 171.91870138049126 541.5249790549278 209.08460766077042 
Vehicle 0.19173445672987413 353.29 170.1 458.15 217.2 
