Vehicle 0.9076584495152108 729.9086058139801 198.76550137996674 979.3627635240555 360.24192720651627 
Vehicle 0.8855425357840697 0.6224901516688988 199.6365264058113 413.88930201530457 370.90254575014114 
Vehicle 0.8602514330594802 332.6231871843338 191.7576938867569 488.2154231071472 321.7674270272255 
Vehicle 0.8512241045972816 688.0780928134918 185.42901054024696 794.1196306943893 267.147034406662 
Vehicle 0.8216963521288437 443.97397166490555 189.71478939056396 522.237767636776 266.7747661471367 
Vehicle 0.7840908806459627 657.0424840450287 186.75433471798897 715.4276511669159 241.30889028310776 
Vehicle 0.7005161010507325 516.2860976457596 183.90868976712227 561.7335180044174 220.8220660686493 
Vehicle 0.6913364535220109 978.5704345703125 252.4481201171875 1239.992431640625 372.7247009277344 
Vehicle 0.4577295094237181 605.5417889356613 183.212298899889 632.3108121156693 200.20227134227753 
Vehicle 0.41266974798392253 571.744936645031 175.96814408898354 600.4930502772331 207.22447335720062 
Vehicle 0.38986397940149825 542.5812984108925 174.3175908923149 581.0036287307739 210.67944914102554 
