Vehicle 0.9152116095942311 0.5881665190681815 211.75456792116165 397.8160952925682 371.2402358651161 
Vehicle 0.901529518547913 567.5522689819336 181.6692017018795 625.9210757017136 228.0941605567932 
Vehicle 0.8899344914940139 654.8757301568985 181.72596395015717 714.9446861743927 227.79782116413116 
Vehicle 0.8700221451412364 821.4265483617783 184.168953448534 1241.7134338617325 371.7639818787575 
Vehicle 0.8394453802372113 524.1991281509399 181.050393730402 568.7396196126938 213.47015351057053 
Vehicle 0.7832446906501201 302.7658790051937 197.86709547042847 476.508926153183 326.80434733629227 
Vehicle 0.5233772598164356 80.6532012373209 185.47194823622704 199.16916632652283 225.5759909749031 
Vehicle 0.5206400612226834 379.55255645513535 179.2878806591034 473.41148006916046 228.6817654967308 
Vehicle 0.4184921910053365 476.9979615211487 178.55621874332428 525.4363743066788 201.75880193710327 
Vehicle 0.3946936773764892 458.26812744140625 177.06414794921875 495.5272521972656 212.11831665039062 
Vehicle 0.39295308668394774 639.1065233945847 130.87540492415428 708.0977468490601 210.2155163884163 
Person 0.19483153464632433 737.17 169.56 751.7799999999999 212.86 
Vehicle 0.19483153464632433 618.32 176.37 647.12 199.02000000000004 
Vehicle 0.19483153464632433 299.98 179.69 346.5 204.57 
