Vehicle 0.9458302388935452 523.6516839265823 177.40311473608017 735.0437732934952 370.64697593450546 
Vehicle 0.7958431747551946 344.3723248243332 182.47269093990326 447.1261251568794 219.20717507600784 
Vehicle 0.7788257412968168 444.44224190711975 179.36133965849876 498.161141037941 208.4280252456665 
Vehicle 0.7753138860415093 176.72434177994728 193.2598426938057 258.5457479059696 226.16663575172424 
Don't Care 0.5778106251566778 599.3381958007812 0.0 630.9559936523438 31.56665229797363 
Don't Care 0.4734607058079495 732.7709350585938 88.59471130371094 753.0377807617188 140.3797607421875 
Don't Care 0.40948917766080867 933.213623046875 84.60395050048828 954.7607421875 138.46083068847656 
Don't Care 0.39975118375767926 392.8927001953125 96.4111557006836 404.45709228515625 121.17416381835938 
Person 0.22291190519080023 635.1298828125 200.01068115234375 697.6220092773438 256.3431701660156 
Don't Care 0.20579473864674905 469.92431640625 99.27729034423828 517.5686645507812 122.27108001708983 
Vehicle 0.19748466280661883 333.15 187.17 372.92 208.67000000000002 
