Vehicle 0.9256029623180051 803.5280463695526 186.71529740095139 1223.0080161094666 371.4337348937988 
Vehicle 0.831918552908254 663.6469044685364 181.5045028924942 777.7965391874313 256.4277648925781 
Vehicle 0.811387980291798 559.2258607149124 176.59804970026016 604.556426346302 212.006114423275 
Vehicle 0.7721194227765693 325.0245577096939 188.85836005210876 409.7813975214958 251.70211493968964 
Person 0.6077189364419308 450.02239751815796 173.72018471360207 475.75538527965546 236.63274943828583 
Person 0.5213537851739616 418.0965163707733 175.68379640579224 443.0929899215698 240.70076644420624 
Don't Care 0.517960731072716 1106.5037841796875 208.98942565917972 1241.7633056640625 309.195556640625 
Vehicle 0.3249884208924641 1127.3275146484375 309.3570861816406 1240.8145751953125 373.2938537597656 
Vehicle 0.28611645827166887 369.1153869628906 185.47535705566406 421.3504333496094 234.85250854492185 
Vehicle 0.1943860450019226 521.67 172.53 559.98 206.86 
