Person 0.8722698777720618 1051.7680549621582 204.92780953645706 1121.9256048202515 306.72356486320496 
Person 0.8489800349375985 849.8999404907227 163.17663341760635 900.9838525056839 272.6273462176323 
Person 0.8117362223301912 943.7184813022614 167.8483597934246 970.1817648410797 256.189227104187 
Person 0.8105110671657633 915.1746135950089 166.33911430835724 944.1425932645798 247.54607677459717 
Person 0.7981787592856204 301.7360064983368 166.23590514063835 324.2079441547394 240.74111133813858 
Person 0.6261799207565714 750.1883236169815 160.20570695400238 774.4426567554474 241.8786808848381 
Vehicle 0.5501281411328024 557.4820343255997 155.4659642279148 614.091320514679 201.02687180042267 
Person 0.5149208798807229 1193.1676790714264 186.91599369049072 1224.4391441345215 261.3225504755974 
Person 0.43553931863879763 271.6297944188118 189.74840641021729 297.88966485857964 226.9221916794777 
Person 0.42254007140111166 1133.6238845586777 155.96801787614822 1191.855811715126 269.54247057437897 
Don't Care 0.3548075573068785 861.7926635742186 206.06500244140625 903.4044189453125 276.2065734863281 
Don't Care 0.24309094683811325 1015.0892333984375 216.35997009277344 1092.8934326171875 312.49395751953125 
Person 0.2061571534454128 539.63 169.67 561.73 207.53 
Person 0.2061571534454128 583.1 169.8 602.6 201.66 
Person 0.2061571534454128 523.51 169.13 544.88 209.52 
Person 0.2061571534454128 785.15 182.18 827.3 230.85999999999999 
