Vehicle 0.9539666379989202 1.015581228886731 204.40171658992767 190.60462537407875 323.6229792237282 
Vehicle 0.7877791210596965 223.11709356307983 160.6154479086399 532.7359267473221 322.90980219841003 
Vehicle 0.6831848781549638 1170.5570851564407 155.67544475197792 1203.1308678388596 176.41805112361908 
Vehicle 0.6667532283225954 1137.6791914701462 157.5692966580391 1172.8345863819122 178.1257465481758 
Vehicle 0.6622083039008765 684.7826932668686 165.39393737912178 738.3968414068222 208.306722342968 
Vehicle 0.6463303826183825 1203.9677653312683 158.29575061798096 1241.243942141533 174.18675497174263 
Vehicle 0.5834992861517712 1103.580782175064 158.45764428377151 1138.5069093704224 178.09539288282394 
Vehicle 0.46151771709415756 1045.486622929573 159.41309183835983 1080.4875193834305 178.62366512417793 
Vehicle 0.4562503334492848 890.4138482809067 158.08576717972755 918.4420301914215 173.60715195536613 
Vehicle 0.2013966243194967 973.45 164.24 1003.17 179.1 
Vehicle 0.2013966243194967 860.52 159.78 882.81 172.42 
Vehicle 0.2013966243194967 843.43 161.27 863.49 174.57 
Vehicle 0.2013966243194967 526.84 180.32 553.72 198.24 
