Vehicle 0.9129590478260265 763.7597583532333 182.2018101811409 1088.8413183689117 372.15855717658997 
Vehicle 0.9070872531156591 959.294620513916 243.46820265054703 1240.9182887077332 372.9942888021469 
Vehicle 0.8898829371510588 411.4965006709099 188.0585253238678 516.437745988369 262.73974031209946 
Vehicle 0.826870857221311 720.2265790700912 176.6175962984562 844.950289607048 289.3299087882042 
Vehicle 0.6325473866335093 659.0230550765991 179.46362122893333 729.9967002868652 231.60045593976974 
Vehicle 0.5344452265667939 588.8634694218636 176.22805014252663 614.9989156723022 198.08343797922134 
Vehicle 0.49152584547259115 638.2955360412598 178.7605695426464 666.2978818416595 207.04641938209534 
Person 0.4136748563593304 828.8523942232132 158.82112830877304 864.724019408226 194.9235275387764 
Vehicle 0.1898001821920272 349.81 185.88 422.67 211.56 
Vehicle 0.1898001821920272 245.3 187.07 325.32 211.86 
