Vehicle 0.766717653686449 299.8638323843479 166.20779782533646 360.08271557092667 200.50207525491714 
Vehicle 0.6266743765171683 370.82561445236206 165.80191254615784 444.5171592235565 195.96315175294876 
Vehicle 0.49833071569836035 762.389111995697 158.63844752311707 813.1413742303848 183.52505564689636 
Vehicle 0.469141692108003 714.7952216863632 168.146051466465 768.2381408214569 187.55938857793808 
Vehicle 0.4596989900978565 613.6551048159599 162.06537187099457 665.4144941568375 188.29690665006638 
Vehicle 0.2217892000020475 1110.75 155.13 1142.67 174.54 
Vehicle 0.2217892000020475 807.66 162.44 843.27 182.27 
Vehicle 0.2217892000020475 585.19 163.57 620.35 187.90999999999997 
Vehicle 0.2217892000020475 687.42 166.28 725.82 189.0 
Vehicle 0.2217892000020475 235.24 154.38 299.61 199.81 
Vehicle 0.2217892000020475 660.37 168.44 700.94 192.23999999999998 
Vehicle 0.2217892000020475 532.18 154.38 597.63 192.23999999999998 
Person 0.2217892000020475 268.72 162.35 283.15 206.07 
