Vehicle 0.9498368123521145 0.7884585452266037 192.97530502080917 298.0841389596462 367.1356737613678 
Vehicle 0.9312114373927621 826.1307191848755 178.38426679372787 1241.900060892105 371.8743324279785 
Vehicle 0.7296267812690874 408.5213134288788 181.11125752329826 477.20172625780106 232.3150858283043 
Vehicle 0.6125487215972607 618.94717669487 170.72467133402824 641.4544261693954 187.8979280591011 
Vehicle 0.5275583564694345 504.23614329099655 178.42841148376465 538.4102472066879 206.93323016166687 
Person 0.5029499260557799 483.96123737096786 175.1641407608986 506.7519807815552 241.8849617242813 
Vehicle 0.4754780739058257 642.5832939147949 175.37235841155052 674.0211020708084 199.13768023252487 
Person 0.19638723313300385 450.18 176.21 473.32 250.20000000000002 
Person 0.19638723313300385 522.58 174.17 535.72 215.07999999999998 
Person 0.19638723313300385 633.36 172.98 641.42 195.08000000000004 
Person 0.19638723313300385 704.8 164.07 719.99 209.86 
