Vehicle 0.9098131248584276 783.5557708740234 182.64977261424065 1081.1433420181274 348.4109491109848 
Vehicle 0.8814568883020703 311.9119545221329 194.90694254636765 420.8825225830078 260.6215551495552 
Vehicle 0.8654881494814721 719.4469059705734 179.25482243299484 821.0336025953293 260.03558188676834 
Vehicle 0.6540855612625396 481.4800084233284 184.10639092326164 516.5205103754997 210.01093089580536 
Vehicle 0.5002589083544449 579.5712051987648 175.41706189513206 613.6191637516022 192.5109252333641 
Vehicle 0.40938262782429174 638.55204641819 174.38311502337456 673.888442158699 199.5287910103798 
Vehicle 0.19289602937080658 309.82 192.42999999999998 348.21 215.34 
Vehicle 0.19289602937080658 500.53 185.0 528.39 205.43 
Vehicle 0.19289602937080658 515.57 177.78 539.63 200.38 
Vehicle 0.19289602937080658 622.84 174.44 636.11 186.06 
