Vehicle 0.8338087262556261 265.4721388220787 181.40333890914917 360.50449562072754 245.9152713418007 
Vehicle 0.8235760067999613 144.8081861883402 196.7550292611122 281.0700980722904 267.56248623132706 
Vehicle 0.8018483377327453 378.3774576187134 182.80823528766632 445.0418025255203 220.9257334470749 
Vehicle 0.7990448040455849 0.3967619453324005 183.13918635249138 144.93215695023537 307.57807195186615 
Vehicle 0.7301041456807054 433.7393556833267 181.38450756669044 471.8183026313782 210.8604535460472 
Vehicle 0.6287736915072281 498.16628605127335 177.54379659891129 530.2297870516777 198.27508181333542 
Don't Care 0.3741177133499879 680.852294921875 149.11671447753906 725.9354248046875 185.7042694091797 
Person 0.18260820197831987 830.82 162.48 845.21 194.04 
Person 0.18260820197831987 765.51 162.92 774.32 183.48 
Vehicle 0.18260820197831987 681.8000000000001 149.97 725.44 185.42 
