Vehicle 0.8957312275606902 586.2080873250961 201.26140862703323 663.2309356927872 261.5749463438988 
Vehicle 0.8837468807822252 98.04698297381401 195.86051255464554 236.8793009519577 264.16316628456116 
Person 0.8699724538692358 1058.3091065883636 193.9014494419098 1144.1320745944977 322.3049193620682 
Person 0.7582838058902904 392.5587800145149 184.58561226725578 422.18831956386566 301.6548380255699 
Don't Care 0.6484091104234585 1030.67919921875 235.70555114746094 1158.266845703125 322.8774108886719 
Vehicle 0.6055415530274872 702.7320531606674 176.95868387818336 804.7554466724396 266.5124908089638 
Vehicle 0.5852432053548378 426.82168167829514 196.02879881858826 499.781857252121 251.11661106348038 
Vehicle 0.5611968918905048 676.6104873418808 193.83280724287033 708.4822533130646 231.70273751020432 
Vehicle 0.5461950596197733 486.2314467430115 196.2343230843544 531.8422120213509 236.14143580198288 
Vehicle 0.4400254003496268 510.0239501595497 193.91930848360062 551.9285291433334 227.08933800458908 
Don't Care 0.22388816646909176 71.83892059326172 60.667118072509766 109.48188018798828 104.29613494873047 
Vehicle 0.19448117568657355 528.4 193.05 568.96 215.23 
Vehicle 0.19448117568657355 261.96 188.04 345.79999999999995 235.81999999999996 
