Vehicle 0.8911342719789216 0.6992365041514859 208.2756757736206 338.977278649807 371.67779356241226 
Vehicle 0.8263103375291416 328.5015133023262 193.89742612838745 458.10676807165146 279.0937051177025 
Person 0.8105502690926261 1096.1846959590912 134.75149869918823 1203.3188273906708 298.17505180835724 
Vehicle 0.7798289701001199 475.81901317834854 186.86439469456673 523.5345700979233 222.37826138734818 
Person 0.7459871886423787 1009.5443741083145 144.42462846636772 1128.7880902290344 324.0031376481056 
Vehicle 0.7114416732412105 560.678679227829 179.53549325466156 594.1397731304169 206.91630989313126 
Don't Care 0.6611849765101494 997.5180053710939 222.0743103027344 1140.101806640625 357.0859680175781 
Vehicle 0.4241340869128576 540.9433334469795 178.11491712927818 560.2026359438896 200.68171620368958 
Don't Care 0.3945182882803417 1094.0166015625 218.2792510986328 1234.7161865234375 319.8437194824219 
Vehicle 0.1845026937024478 503.50000000000006 159.34 545.85 211.35 
