Person 0.8414303043968899 867.2462428808212 168.98217952251434 909.0190733671188 283.936444401741 
Person 0.8333257200460915 741.0852109193802 181.77938210964203 787.5869826078415 313.15283143520355 
Person 0.8245199943076749 374.7130628824234 172.69817847013474 412.94590240716934 284.92184603214264 
Vehicle 0.818750575907306 551.9482979774475 181.08110320568085 598.3043702244759 217.23081302642822 
Person 0.8018966529303451 296.2052119076252 174.94712072610855 334.40903329849243 255.1507637500763 
Person 0.7949544750329808 915.2417566776276 173.91925257444382 954.3049981594086 288.42880046367645 
Person 0.7755725606692591 688.4569050073624 183.46640646457672 721.2779086828232 274.3561086654663 
Don't Care 0.7207907247945488 42.144084580242634 220.54685759544373 151.17774412035942 296.6911358833313 
Person 0.7039101334866283 643.9560378789902 171.08156383037567 664.5886874198914 245.48919546604156 
Person 0.6988174528711971 717.5513383150101 182.31938683986664 745.8261061906815 283.56380903720856 
Don't Care 0.5508488979826129 0.593638002872467 232.31616210937503 51.3940315246582 321.4106750488281 
Don't Care 0.4907956467386298 291.23956298828125 244.75564575195312 357.68878173828125 288.071044921875 
Don't Care 0.19880130225183112 265.287841796875 222.550537109375 302.07122802734375 277.0833740234375 
Person 0.19519753216076932 775.553466796875 173.27154541015625 811.4810180664062 256.6634216308594 
