Person 0.898055190735288 871.142605304718 161.98038643598557 945.3536140918732 351.20044922828674 
Person 0.8592341904865307 774.487167596817 173.8214681148529 829.6745297908783 359.623020529747 
Person 0.8337896314423893 547.5087633132935 168.40436732769012 582.5789398550987 258.483326792717 
Person 0.7492865836036953 211.07205793261528 167.2787481546402 275.31340995430946 338.30868339538574 
Person 0.7396187848274696 719.6562875509262 166.2918529510498 746.2996201515198 238.84818947315216 
Person 0.6306327984266953 995.0476684570311 164.98870849609375 1042.4683837890625 267.37432861328125 
Person 0.5149492714667686 1135.6036376953125 148.62612915039062 1194.71826171875 262.7613830566406 
Person 0.4558438706498023 491.2746452689171 176.2702928185463 507.88773906230927 227.70818436145782 
Person 0.45026997071857644 952.0695190429688 158.35728454589844 988.9735717773438 247.86009216308594 
Person 0.43053480475588496 137.71202021837234 175.32573038339615 211.1599978208542 295.4948283433914 
Don't Care 0.3485172869452611 1.0822539329528809 238.24357604980466 127.40627288818361 340.37548828125 
Don't Care 0.22880388706314544 126.61186981201172 231.0488433837891 215.92388916015625 327.9310607910156 
Person 0.19746332938071748 507.29 175.07 532.65 233.71 
