Vehicle 0.9011333439474568 1.0301941424841061 191.5101483464241 395.9543407559395 371.042937040329 
Vehicle 0.8993718201015549 886.3712743520737 222.92350977659225 1241.1691728830338 371.74656987190247 
Vehicle 0.8818201583325632 405.9146794080734 183.95674601197243 562.4312410354614 292.4817278981209 
Vehicle 0.8325261139190109 749.4567693471909 182.07000195980072 817.2737452983856 243.1492879986763 
Vehicle 0.8061719704308148 586.9122508764267 171.1704321205616 637.5210449695587 213.0565345287323 
Vehicle 0.5553661483717257 707.6680827140808 172.1840724349022 732.802176117897 195.0603872537613 
Vehicle 0.5354056823290022 631.8582730293274 173.98452758789062 656.4627631902695 204.15423810482025 
Vehicle 0.32108577965723184 650.6740112304688 167.664306640625 671.1650390625 187.28343200683594 
Vehicle 0.21185118645869883 733.5853271484375 180.15740966796875 763.1263427734375 222.6736602783203 
Person 0.19239535735018146 672.45 172.4 681.43 199.65 
