Person 0.9083424724734072 29.896083164960146 171.04578763246536 190.70774772763252 371.8288019299507 
Person 0.8723883779596118 1099.3726794719696 138.1516233086586 1193.051083445549 373.0686753988266 
Person 0.8478709101889779 354.6382180452347 178.9650321006775 400.0131270289421 302.1816462278366 
Person 0.6892414138828454 445.4534776210785 176.61728337407112 463.2659949660301 230.5588200688362 
Don't Care 0.6742339310597097 129.26783752441406 221.05015563964844 192.01747131347656 372.9632873535156 
Person 0.4801068137366971 1200.9669189453125 151.30184936523438 1242.0 371.3554382324219 
Person 0.44741503822493284 426.52675026655197 173.58873412013054 443.36959916353226 230.26945441961288 
Person 0.4041790239307802 612.0003352761269 172.77174443006516 626.1088131666183 221.5021848678589 
Don't Care 0.30266008385414317 170.87750244140625 243.1871337890625 254.6193389892578 343.25286865234375 
Person 0.19543002010718674 516.82 176.3 523.39 205.48000000000002 
Person 0.19543002010718674 525.78 174.3 533.6 204.8 
