Vehicle 0.9309392380664755 787.9330297708511 210.73463559150696 1085.9624798297882 372.78521060943604 
Vehicle 0.9151781961925498 3.108122160192579 184.12579223513603 221.37926352024078 367.3374876379967 
Vehicle 0.9056859073629931 131.1921582520008 184.00074541568756 343.34902238845825 284.5989167690277 
Vehicle 0.8130663386254219 722.3540235757828 176.5301562845707 838.5868334770203 231.3380464911461 
Vehicle 0.7219615047123971 1.0058415757957846 265.3282508254051 57.69090494513512 371.5953379869461 
Vehicle 0.6792134592137072 638.2706623077393 160.61628609895706 689.3237782716751 216.40482544898987 
Vehicle 0.6095913383901121 434.7423095703125 182.9780731201172 504.7296752929688 217.43447875976562 
Vehicle 0.5069546598863015 797.9908275604248 186.09151616692543 915.8537553548813 242.337204515934 
Vehicle 0.407551551392816 488.3152770996094 177.91285705566406 525.8428344726562 210.4790802001953 
Vehicle 0.3462523968573901 395.65606689453125 184.36224365234375 449.1392517089844 215.1709747314453 
Vehicle 0.29452914349800297 899.3171997070312 193.7753143310547 1042.9871826171875 230.42179870605466 
Vehicle 0.20626792064029836 514.5051879882812 180.1468505859375 551.8507690429688 202.30296325683594 
Vehicle 0.19426548231207014 301.44 169.42 449.02 246.0 
