Vehicle 0.954919815917675 893.7281252145767 242.11252480745316 1241.5940251350403 372.66410887241364 
Vehicle 0.9208559272481083 659.6061812639236 175.6291352212429 735.5060842037201 236.96836084127426 
Don't Care 0.7678333082898452 793.1053466796875 199.3609161376953 998.4790649414062 328.87567138671875 
Don't Care 0.5874431587225737 266.8795775771141 207.15873688459396 376.6165305376053 282.75250643491745 
Vehicle 0.5434305891721699 393.2521353363991 180.20084872841835 469.6095373034477 233.57141017913818 
Vehicle 0.4498030432216099 311.7208117246628 185.51063910126686 423.9233365058899 243.0795282125473 
Don't Care 0.43303208172612573 185.3178253173828 212.86927795410156 282.7320556640625 331.89959716796875 
Don't Care 0.4071799137175856 118.3809585571289 202.64064025878903 186.0640869140625 310.0552978515625 
Person 0.28645449893739194 100.94160461425781 168.6515655517578 129.86639404296875 211.02938842773435 
Vehicle 0.2519582528630639 513.58544921875 177.94097900390625 545.327880859375 202.88200378417966 
