Person 0.8336623654706653 381.38417315483093 167.0087307691574 420.05108070373535 243.81695866584778 
Person 0.823699207112382 1009.3024978637695 160.48342138528824 1075.8137154579163 311.61416947841644 
Person 0.8214448038185955 330.83333945274353 161.04785323143005 362.0258960723877 243.8373363018036 
Person 0.8213882302510905 630.57359790802 158.78256142139435 671.8362464904785 278.9684909582138 
Person 0.7871629200879435 223.62077915668488 156.27272695302963 250.012953042984 235.3159999847412 
Vehicle 0.6516185254234124 1065.2470703125 186.826904296875 1153.587890625 225.1259460449219 
Person 0.5723657963421587 302.72505605220795 165.07044047117233 323.874897480011 234.91213023662567 
Person 0.4781881278558445 266.95470571517944 158.86983901262283 290.3831115961075 234.7782200574875 
Don't Care 0.23830491145729515 626.97119140625 208.26388549804688 649.48876953125 241.468994140625 
Vehicle 0.22561226568703904 594.704345703125 172.55767822265625 634.9129638671875 203.74417114257812 
Vehicle 0.22464954196255105 1131.9920654296875 187.83474731445312 1198.3624267578125 225.23623657226565 
Don't Care 0.21879591985346372 840.864990234375 217.4442138671875 1005.9307861328125 286.8838806152344 
Person 0.20350492322532454 284.25 165.3 302.1 228.70000000000002 
