Vehicle 0.9058443248382962 791.9483610391617 190.32923877239227 1058.158161520958 353.9154455065727 
Vehicle 0.8785176595002007 36.34681482240558 184.40118804574013 349.85350370407104 282.52389281988144 
Vehicle 0.8737369441411841 0.3885923353373073 278.6780968308449 80.49340970814228 373.3590245246887 
Vehicle 0.759524381071276 398.7142147421837 183.78299474716187 475.1681504845619 237.1228113770485 
Vehicle 0.7008693880815885 297.58107510209084 181.22508376836777 425.7029929161072 245.45549601316452 
Vehicle 0.6889396487822728 733.0700869560242 178.84602025151253 855.674348115921 275.3528505563736 
Vehicle 0.6461674590455828 678.5930786132812 182.81817626953125 734.0272827148438 223.53076171875 
Vehicle 0.4865356157412724 447.50048828125 177.54627990722656 506.68310546875 226.19784545898438 
Vehicle 0.44989355366589434 473.9324951171875 176.7484130859375 549.0350341796875 212.07159423828122 
Vehicle 0.27797151272589965 711.4091796875 176.87582397460938 760.927978515625 206.39712524414062 
Vehicle 0.2020402231448809 636.70947265625 163.24278259277344 675.32373046875 198.01589965820312 
