Vehicle 0.8886403607824226 0.39357914007268846 216.60080003738403 291.3903640806675 373.17431020736694 
Vehicle 0.85778637077649 376.2813418507576 183.70511198043823 487.9721229672432 265.9987692832947 
Vehicle 0.8563941218523959 697.0241920351982 190.87416553497314 796.7795724272728 259.53798151016235 
Vehicle 0.8364501758247792 162.45902547240257 189.21821355819702 311.95965391397476 261.56130027770996 
Vehicle 0.7662708986219551 339.6472005844116 185.749587059021 394.29443538188934 228.4780740737915 
Vehicle 0.7572504673932063 644.7064004540443 182.70255160331726 687.7076766490936 214.24019050598145 
Vehicle 0.7025364405628242 466.0627671480179 184.16827607154846 519.8310979604721 233.41318702697754 
Vehicle 0.5610353756807638 583.7523527443409 180.38305568695068 612.0972281694412 203.46226024627686 
Vehicle 0.40192292979644695 502.50381138920784 182.57544565200806 531.6898664236069 215.22548294067383 
Vehicle 0.18464286445719547 578.17 181.78 590.85 197.92 
Vehicle 0.18464286445719547 527.04 184.86 550.88 205.22999999999996 
