Vehicle 0.9601021360402966 524.2643846869469 176.68772488832474 734.5328253507614 370.51087617874146 
Don't Care 0.5810709890086978 599.3562622070312 0.0 630.8987426757812 31.545734405517578 
Vehicle 0.5582695569019941 15.857690811157225 202.987060546875 112.1257095336914 235.95811462402344 
Vehicle 0.4912785798556847 173.75111389160156 193.4198760986328 243.4579315185547 221.77406311035156 
Don't Care 0.4877690729507439 732.8173217773438 88.41157531738281 753.00146484375 139.97247314453125 
Don't Care 0.4148094656108533 392.8876037597656 96.41204833984375 404.4281005859375 121.190673828125 
Don't Care 0.398902226509089 933.1701660156249 84.7062759399414 954.7027587890625 138.37173461914062 
Vehicle 0.32101785516052705 422.3421936035156 180.3494873046875 460.9248962402343 202.3985595703125 
Vehicle 0.3020207662195723 376.8807373046875 182.6309814453125 415.9692077636719 205.52209472656247 
Person 0.263324612821075 634.6532592773438 200.11907958984372 697.8140258789064 256.17523193359375 
