Vehicle 0.949816283911023 1.563076565042138 174.54180121421814 471.9371191263199 356.90921545028687 
Vehicle 0.9232434340485767 1074.9694740772247 191.95474684238434 1241.084853887558 333.09855312108994 
Vehicle 0.9107399583144808 641.4352526664734 179.85118925571442 755.9197944402695 248.3457773923874 
Vehicle 0.8802794747274469 1008.9457018375397 178.69311198592186 1089.9552322626114 239.5615428686142 
Vehicle 0.6679335297987461 773.6394653320312 170.91810607910156 838.233642578125 213.7988586425781 
Don't Care 0.5640732866959709 0.6481994986534119 195.41615295410153 61.890892028808594 253.85409545898438 
Vehicle 0.4147555634201398 825.85302734375 170.59295654296875 857.4827880859375 204.77952575683594 
Vehicle 0.31615238119404054 1062.8575439453125 164.94329833984375 1101.8287353515625 188.94276428222656 
Vehicle 0.30938717257052617 994.68115234375 171.64654541015625 1033.6427001953125 213.0226745605469 
Vehicle 0.3084844291997969 879.8355102539062 168.74441528320312 919.1728515625001 194.18174743652344 
Vehicle 0.3068756302438638 595.9237670898438 172.49334716796875 629.8289184570314 187.37074279785156 
Vehicle 0.24870107159340715 846.9924926757811 168.58226013183594 875.8834228515625 197.75135803222653 
Vehicle 0.23972989795644353 1141.8153076171875 5.164082050323486 1241.850341796875 197.33740234375 
