Vehicle 0.9005291953005394 770.9259105920792 194.44122165441513 1163.2934367656708 371.2804466485977 
Vehicle 0.8850237021818693 235.8562391102314 191.60829484462738 488.5667645931244 342.00163185596466 
Vehicle 0.8826310333496398 1.5917561394162476 204.80983704328537 345.0318859219551 370.7156404852867 
Vehicle 0.8388324571470236 661.983251452446 181.5633326768875 729.091844201088 233.2122176885605 
Vehicle 0.7895376689167488 532.3590452671051 179.83116209506989 572.6585651636124 213.48584443330765 
Vehicle 0.7225487430435273 395.8532912135124 190.63635170459747 484.88019597530365 248.3466938138008 
Person 0.5100913409241141 1005.5693969726562 94.16445922851562 1092.8480224609375 239.95228576660153 
Vehicle 0.48790298603856835 646.6710255146027 181.06452003121376 671.8144465684891 211.40138804912567 
Person 0.46473824167903477 311.7728271484375 171.80430603027344 340.9590759277344 197.68406677246094 
Person 0.261705504714761 354.6551208496094 174.4488525390625 378.45513916015625 197.89915466308594 
