Vehicle 0.8949144759641463 71.3995246142149 188.93292546272278 302.8408333361149 329.35669273138046 
Vehicle 0.8833899334033374 0.4731375746196136 191.95646792650223 106.50944723188877 372.2519874572754 
Vehicle 0.8721415282323588 285.44004660844803 175.37951096892357 412.0877330303192 242.75989830493927 
Vehicle 0.8474689861245471 587.3350303173065 173.49691316485405 652.0340541601181 225.3277748823166 
Vehicle 0.8284171295028768 431.55664855241776 187.57512420415878 536.7349716424942 262.3228132724762 
Person 0.8033898112710963 883.7358430624008 181.98810517787933 946.1185745000839 339.4741415977478 
Vehicle 0.6187333929380755 912.7312874794006 62.43477948009968 1150.505894780159 371.298149228096 
Vehicle 0.6106722914146387 741.2961859703064 156.12053498625755 956.903706908226 305.8702200651169 
Vehicle 0.5632358200174185 0.8753483295440674 143.6195526123047 138.44322204589844 226.5576171875 
Vehicle 0.45749252858816375 712.6386108398438 182.4622039794922 770.6118164062501 259.260498046875 
Vehicle 0.4369383262052192 682.9513549804688 172.50961303710938 749.6259155273438 231.87069702148435 
Vehicle 0.42427997990723476 643.2744750976562 175.99720764160156 678.6531982421875 203.76593017578125 
Vehicle 0.39156067638105574 484.58990478515625 176.68023681640625 557.8255615234375 234.95643615722656 
Vehicle 0.19678297406054615 553.5535278320312 172.28369140625 587.6107788085938 196.2156982421875 
