Vehicle 0.8504208503658951 540.9229443669319 180.19910335540771 619.3313950002193 243.04051876068115 
Vehicle 0.8482470325027563 89.97055571526289 192.67247438430786 281.5935286283493 291.7100968360901 
Vehicle 0.8450037735706293 256.5951381921768 185.97200846672058 351.75332260131836 239.81146955490112 
Vehicle 0.8368117006975047 0.7465287287486717 169.497629404068 86.78876351565123 260.9685425758362 
Vehicle 0.8303151631963387 0.8310273140668869 252.88134098052979 58.8345804028213 350.2992057800293 
Vehicle 0.7947003194579457 443.8769508302212 181.32577776908875 501.65005698800087 231.88800525665283 
Vehicle 0.6794162835395277 345.90904012322426 183.05243754386902 395.2918013036251 218.82826375961304 
Vehicle 0.3040481710436438 384.87176513671875 182.37294006347656 412.23901367187506 210.88970947265628 
Vehicle 0.22097082328356302 505.7986755371094 182.47381591796875 528.464111328125 200.24276733398438 
Vehicle 0.18595311140957435 232.1 171.86 298.21 205.69 
Vehicle 0.18595311140957435 154.83 188.78 255.93 214.15000000000003 
