Vehicle 0.9220324725711291 1037.6168253421783 157.9909399151802 1240.7035306692123 370.7919493317604 
Vehicle 0.9010921571677046 236.01368021965027 117.37886443734169 413.59274196624756 253.27666103839874 
Vehicle 0.8873997895689705 93.97137361764908 173.83282631635666 250.06374925374985 250.1579448580742 
Vehicle 0.8625794056166561 584.0200871229172 170.22477462887764 659.0444494485855 241.05092883110046 
Vehicle 0.805034763698005 696.6295491456985 169.59717124700546 758.8136608600616 227.27950662374496 
Vehicle 0.6193402870314871 758.3722261190414 143.4631682932377 962.6532407999039 265.58931916952133 
Vehicle 0.36833205906994854 429.1372375488281 173.83657836914062 473.9568176269531 197.7876434326172 
Vehicle 0.31402628399147803 665.437255859375 170.96597290039062 698.79736328125 200.13380432128906 
Person 0.27297265946836513 474.2828979492187 173.43125915527344 488.2608642578125 214.047607421875 
Vehicle 0.26712741653470723 490.86401367187494 171.5107879638672 516.8729248046875 191.05023193359372 
