Vehicle 0.9067726321838689 167.10370030999184 184.73063814640045 355.8016886115074 306.96992886066437 
Person 0.8433996194924033 21.415094558149576 181.68196547031403 99.48883803188801 369.0487825870514 
Person 0.8343998475964082 373.2389859557152 162.76626229286194 423.71747797727585 262.31614768505096 
Person 0.8177019676073165 95.9069340378046 167.43743473291397 191.07583343982697 370.7542871236801 
Person 0.6502063360524312 476.16341054439545 169.10697090625763 492.6890994310379 214.458540558815 
Person 0.5992774233190874 491.55560278892517 166.78944689035416 507.91400849819183 213.9772756099701 
Person 0.5656937868579702 633.4034423828125 162.1949462890625 660.5339355468751 228.27587890625 
Don't Care 0.5249677810955814 382.4486999511719 206.0048828125 417.8840026855469 280.6899108886719 
Person 0.36338476663607666 0.6011284589767456 170.617919921875 46.7910270690918 360.0311584472656 
Person 0.31145466890829077 353.5611877441406 167.6335906982422 376.7163391113281 217.96290588378906 
Don't Care 0.21436898579861366 560.0596313476562 196.14381408691406 591.0410766601562 253.83758544921875 
