Vehicle 0.8963510415248097 986.0994737148285 225.76548904180527 1240.6634069681168 373.1640949845314 
Vehicle 0.8741009337366944 789.9625339508057 182.70043283700943 969.0241738557816 304.04332280158997 
Vehicle 0.8738791054095022 183.17654013633728 165.8138930797577 412.07511109113693 320.76412439346313 
Vehicle 0.849590473333571 435.9167697429657 176.82451754808426 548.7146725058556 250.21668523550034 
Vehicle 0.8447899935170156 626.2524293661118 169.731505215168 700.8072999715805 214.66458588838577 
Vehicle 0.8152443978570074 759.662847161293 178.3478669822216 831.8328005075455 252.42899358272552 
Vehicle 0.44416381083500134 700.3899536132812 167.1109619140625 732.3518676757812 194.86549377441406 
Vehicle 0.36406310599369407 730.0704345703125 162.94361877441406 767.5340576171875 187.69989013671875 
Person 0.29030869109476315 0.5683320164680481 297.38861083984375 51.93006896972656 374.16693115234375 
Vehicle 0.21974227171966046 988.2415161132812 147.71115112304688 1035.1407470703125 191.46084594726562 
