Person 0.8916611121487948 1060.7096900939941 172.68790513277054 1223.7052574157715 367.35675156116486 
Person 0.863028348605448 617.043089389801 156.7457351088524 691.5061554908752 346.3671028614044 
Person 0.8588766735802364 756.8377461433411 161.82514756917953 820.3342723846436 332.07704305648804 
Person 0.8559072630352357 911.1060147285461 143.50312769412994 989.3344902992249 329.67784106731415 
Vehicle 0.7617851625364848 0.4356787435244769 98.24200540781021 263.5566848516464 365.6197565793991 
Person 0.7613824455804254 821.9234018325806 172.86358505487442 898.731276512146 368.3630186319351 
Person 0.6053032012858001 831.211076259613 143.99057000875473 877.2691283226013 219.76995885372162 
Person 0.45426186012209147 538.6049015522003 146.78580164909363 555.5875096321106 205.1604950428009 
Don't Care 0.2577376472832332 293.8438720703125 203.3331604003906 409.0735168457031 294.68853759765625 
Person 0.1878466792334912 525.4 145.8 539.1 207.50000000000003 
