Pedestrian 0.9 1135.64 156.76 1193.52 300.63 
Pedestrian 0.9 1190.27 185.97 1227.05 286.03 
Pedestrian 0.9 1055.59 204.36 1122.12 310.37 
Pedestrian 0.9 944.17 168.66 969.05 256.28 
Pedestrian 0.9 917.67 168.12 944.17 247.09 
Pedestrian 0.9 751.08 160.0 774.34 243.3 
Pedestrian 0.9 785.15 182.18 827.3 230.86 
Pedestrian 0.9 303.25 167.95 325.03 240.45 
Pedestrian 0.9 272.07 189.74 301.37 229.18 
Cyclist 0.9 583.1 169.8 602.6 201.66 
Cyclist 0.9 523.51 169.13 544.88 209.52 
Cyclist 0.9 539.63 169.67 561.73 207.53 
Cyclist 0.9 849.95 169.2 905.12 275.21 
Van 0.9 558.29 154.73 613.9 200.56 
