Vehicle 0.8539526563064589 74.29497803002596 185.8043298125267 270.6704715192318 273.92394840717316 
Vehicle 0.8252093475491905 275.09372091293335 176.4087975025177 373.8361505270004 239.3110916018486 
Vehicle 0.7783392327816464 368.4953305721283 184.974554926157 420.870307803154 226.70021653175354 
Vehicle 0.745711920538665 404.1426479816437 178.7346415221691 456.6150843501091 222.56049513816833 
Vehicle 0.709081826460346 486.2898926138878 178.66798862814903 518.2545649409294 204.60885018110275 
Vehicle 0.6714154964667399 455.58167695999146 178.73071879148483 496.7752076983452 209.19625461101532 
Don't Care 0.24434509877342844 687.97 148.22 737.69 197.38 
Person 0.24434509877342844 758.04 168.57 775.5499999999998 189.47 
Person 0.24434509877342844 814.54 162.92 838.84 195.69 
Vehicle 0.24434509877342844 528.62 173.09 562.5 200.2 
