Vehicle 0.8679883428007907 904.2691841125488 157.7821969985962 1231.3452326059341 370.0566440820694 
Vehicle 0.8284537119358606 300.7708908319473 187.09420412778854 407.06812477111816 250.45616179704666 
Vehicle 0.8003824623187753 758.6175581216812 175.54036527872086 892.0467792749405 264.12827521562576 
Vehicle 0.7949886407713571 587.217139184475 173.62337931990623 636.4752377271652 218.82817894220352 
Vehicle 0.6123485279376176 684.4668856859207 174.4147315621376 774.9182928800583 222.23029285669327 
Vehicle 0.597140018206599 823.0946044921875 180.3601531982422 931.3662719726562 285.64093017578125 
Vehicle 0.23850641554971846 431.43 173.09 472.12 204.17000000000002 
Vehicle 0.23850641554971846 486.24 176.48 520.15 203.04000000000002 
Vehicle 0.23850641554971846 553.48 157.83 584.56 190.04 
Vehicle 0.23850641554971846 657.46 173.65 697.5800000000002 212.08000000000004 
