Vehicle 0.8987028341019722 0.6025746240047738 204.58292216062546 387.8762256503105 371.920645236969 
Vehicle 0.8795783120082282 124.08554381132126 96.04853019118309 469.98875069618225 224.2186814546585 
Vehicle 0.4028610105860043 1170.262939453125 155.8037567138672 1203.5526123046875 176.81033325195312 
Vehicle 0.3971793613424928 1137.327392578125 157.53173828125 1172.560302734375 179.252685546875 
Vehicle 0.24490349943785472 687.2899999999998 170.77 736.58 207.03 
Vehicle 0.24490349943785472 491.24000000000007 177.0 528.07 204.77 
Vehicle 0.24490349943785472 575.67 161.14 653.86 189.47 
Vehicle 0.24490349943785472 660.09 170.77 692.96 198.54000000000002 
Vehicle 0.24490349943785472 826.67 159.44 889.0 176.44 
Vehicle 0.24490349943785472 887.87 153.21 944.53 177.57 
Vehicle 0.24490349943785472 1046.52 156.61 1153.61 183.24 
