Vehicle 0.7217009612583948 182.78050366044044 187.6351609826088 224.63998049497604 217.09153801202774 
Vehicle 0.6785174820679997 385.032439827919 163.08676823973656 471.64848017692566 218.02116930484772 
Vehicle 0.46677428482013394 1103.6053466796875 196.24525451660153 1150.2796630859375 222.65881347656247 
Vehicle 0.42888841548250783 1204.166259765625 194.25576782226565 1241.987060546875 226.49647521972653 
Vehicle 0.26023213695005876 567.17 184.94 611.36 220.07 
Vehicle 0.26023213695005876 520.71 192.87 553.0 221.2 
Vehicle 0.26023213695005876 500.88 184.94 526.37 207.6 
Vehicle 0.26023213695005876 479.35 194.57 499.18000000000006 210.43 
Vehicle 0.26023213695005876 725.82 179.84 804.01 207.03 
Vehicle 0.26023213695005876 637.9999999999999 174.74 679.36 203.64 
Vehicle 0.26023213695005876 926.4 186.07 1150.77 228.0 
Vehicle 0.26023213695005876 828.37 179.27 877.67 211.0 
Vehicle 0.26023213695005876 687.8600000000001 181.54 721.29 203.64 
