Vehicle 0.8773288240777322 775.5744856595993 172.01165109872818 964.5443848371506 273.7767621874809 
Vehicle 0.857728622567693 145.45920619368553 195.7293525338173 336.93770653009415 290.13926535844803 
Vehicle 0.854841847084084 594.3178498148918 178.70808765292168 668.0912336111069 249.26018714904785 
Vehicle 0.7741679646542181 69.91560005396605 182.45896697044373 199.63900968432426 242.6578849554062 
Vehicle 0.7093658708914765 337.0420503616333 179.9590364098549 398.1345679163933 228.30091416835785 
Vehicle 0.687666471635761 449.08385825157166 182.75495991110802 507.77343249320984 224.1022288799286 
Vehicle 0.6860528562450738 525.8366119265556 180.32967299222946 561.527828514576 207.23531395196915 
Vehicle 0.6613064526049487 674.0382767915726 179.82196435332298 721.0547411441803 220.91178596019745 
Vehicle 0.6604318318235466 411.11662101745605 178.73523384332657 457.76468020677567 213.76700699329376 
Vehicle 0.6462034473484493 705.3625985383987 181.12045526504517 791.5018182992935 228.67946326732635 
