Vehicle 0.8720232557607978 553.2573861479759 179.76225167512894 696.4731999635696 316.0492479801178 
Vehicle 0.8357107686276493 1132.4958311319351 241.39420688152313 1239.4408185482025 371.6017082333565 
Vehicle 0.835410421664198 1151.6037443876266 179.71308901906013 1239.6224856376648 226.10069811344147 
Vehicle 0.7912282067909351 960.4766410589218 183.14458429813385 1105.7792944908142 227.66583412885666 
Vehicle 0.6511154087353581 285.63154104352 195.55199146270752 337.4283705353737 221.67588025331497 
Don't Care 0.511749355668008 599.029296875 0.0 632.7578735351562 30.761098861694336 
Don't Care 0.41089456397161545 389.27630615234375 101.88758087158203 401.6235046386719 125.83287048339844 
Don't Care 0.40163926086959195 953.3344726562499 81.1717758178711 976.67822265625 143.09820556640625 
Vehicle 0.24674033148471594 338.76 190.6 391.88 219.40000000000003 
Vehicle 0.24674033148471594 396.4 187.78 456.2900000000001 212.64 
