Person 0.8587292861272635 140.4326040148735 192.9531821012497 267.8064574599266 372.1496857404709 
Person 0.8150867546544897 952.9196543693542 159.39936935901642 1016.1355022192001 285.43911278247833 
Person 0.8142175709821111 421.8368151187897 175.80783128738403 489.05417692661285 288.83982288837433 
Person 0.7447730548967396 229.18348729610443 174.80362623929977 284.1702867746353 330.09062016010284 
Person 0.6647061308722189 576.4887843728065 164.75515562295914 611.6400198340416 234.68800854682922 
Don't Care 0.5489187173348505 876.046142578125 220.19827270507812 954.1475830078125 362.0875549316406 
Don't Care 0.5452025843477923 786.79736328125 232.79803466796875 854.6505126953125 360.8337097167969 
Don't Care 0.48092852925093094 692.1783447265625 194.01870727539062 739.8958740234375 245.46534729003903 
Don't Care 0.42990182909409325 264.25006103515625 210.836669921875 354.7731018066407 303.12139892578125 
Person 0.24423995521822808 863.7100000000002 214.96000000000004 962.89 365.3 
Person 0.24423995521822808 509.64000000000004 169.11 551.23 229.9 
Person 0.24423995521822808 782.66 220.3 857.31 360.01 
