Person 0.7942845553343236 880.6885886192322 151.85082703828812 936.3773245811462 259.44361835718155 
Person 0.7929771969435873 240.75245958566666 192.96540319919586 270.40857553482056 259.16464626789093 
Vehicle 0.6928394227721261 443.486046731472 170.79315707087517 506.43043595552444 225.26691108942032 
Vehicle 0.4349170311873297 1.1289427280426025 251.81622314453125 79.28192138671875 373.8161315917969 
Don't Care 0.250037374283938 959.26 247.26 999.49 375.0 
Don't Care 0.250037374283938 830.07 210.43 858.97 313.56 
Don't Care 0.250037374283938 873.7 234.79999999999998 901.47 340.19 
Person 0.250037374283938 0.0 232.52999999999997 84.99 374.18 
Person 0.250037374283938 163.18 210.43 226.07000000000002 267.09 
Person 0.250037374283938 644.2299999999999 169.64 667.46 204.77 
