Vehicle 0.8685728617405276 194.22593745589256 190.28938561677933 426.9594495892525 340.0716707110405 
Vehicle 0.8632064512802587 780.0298451185226 187.2880943119526 1010.14985704422 338.931642472744 
Vehicle 0.7072582961531102 717.766818523407 182.99806863069534 833.7021059989929 274.3942514061928 
Vehicle 0.6919725259009818 495.5437358021736 174.43758621811867 535.424029648304 201.92015916109085 
Vehicle 0.24011048298495205 561.4 166.1 594.2 192.5 
Vehicle 0.24011048298495205 608.86 161.22 652.94 200.21 
Vehicle 0.24011048298495205 356.84 149.92 498.7 257.85 
Vehicle 0.24011048298495205 704.36 173.65 777.81 241.46 
Vehicle 0.24011048298495205 781.2 147.66 875.0 180.43 
Vehicle 0.24011048298495205 661.98 151.61 703.2300000000001 184.95 
Vehicle 0.24011048298495205 195.24 139.18 369.28000000000003 217.16 
