Person 0.8246640080821708 512.2312037944794 162.74185448884964 556.6238873004913 254.78094279766083 
Vehicle 0.7857449408641629 1055.391191482544 186.405748128891 1153.4396467208862 224.96144831180573 
Person 0.7583886551653862 401.0966520309448 169.44187343120575 433.2429270744324 254.9842119216919 
Person 0.7225967350064112 101.74826806783676 156.26227349042892 197.64644300937653 309.82058465480804 
Vehicle 0.7012698663041993 962.2565474510193 184.4539499282837 1063.8311891555786 222.70250797271729 
Person 0.6976908678697551 703.1843819618225 157.2602814435959 767.4506678581238 259.98354732990265 
Don't Care 0.5767881460599827 691.87353515625 199.5881805419922 768.4053344726562 269.95587158203125 
Don't Care 0.576460667378639 97.45726776123047 228.40184020996094 199.37139892578125 334.0970764160156 
Vehicle 0.24358183908095257 1157.22 186.96999999999997 1224.0 228.61 
Vehicle 0.24358183908095257 597.07 167.33 656.78 216.83 
Person 0.24358183908095257 348.81 153.98 366.09999999999997 194.04 
Person 0.24358183908095257 298.53 157.12 312.67 201.9 
Person 0.24358183908095257 328.39 156.33 342.53 200.33 
Person 0.24358183908095257 213.69 157.12 289.11 198.75999999999996 
