Person 0.8163145161617495 78.6822262108326 168.34641247987747 163.68778485059738 300.09209364652634 
Person 0.6825785725095458 929.4510262012482 169.40093412995338 953.0788521766663 235.77283322811127 
Person 0.6820932960919266 1022.0477929115295 167.88631305098534 1046.5073343515396 246.4185655117035 
Don't Care 0.5930929988829319 54.763160705566406 221.58436584472656 173.27484130859375 330.7286682128906 
Vehicle 0.48929505665385514 375.50775146484375 181.06898498535156 427.48040771484375 211.2084045410156 
Person 0.247506453311692 640.12 174.77 680.03 229.84 
Person 0.247506453311692 2.36 215.48 39.86999999999999 350.37 
Person 0.247506453311692 852.44 181.95 885.1700000000001 240.22 
Person 0.247506453311692 826.9 179.56 858.03 233.04 
Person 0.247506453311692 304.87 166.79 322.43 216.27 
Person 0.247506453311692 338.4 177.96 383.1 215.48 
Vehicle 0.247506453311692 423.01000000000005 142.04 545.13 235.43 
