Person 0.7990226058599429 657.6928339004517 147.80806869268417 701.0360441207886 263.3100861310959 
Person 0.7705871007326338 589.0284633636475 145.38837879896164 619.5111937522888 226.0854160785675 
Person 0.7514138940364942 552.055960893631 132.8419741988182 579.1245653629303 227.92185127735138 
Vehicle 0.5424233434485111 0.8562089800834656 96.32685089111328 262.0947570800781 363.9032897949219 
Person 0.24095658883665164 407.14 137.64 428.38 194.28 
Person 0.24095658883665164 356.01 143.15 387.48 177.76 
Person 0.24095658883665164 304.09 217.88 414.22 294.18 
Person 0.24095658883665164 289.93 145.51 334.77 207.65 
Person 0.24095658883665164 506.26 143.15 522.78 184.05 
Person 0.24095658883665164 437.82 137.64 462.21 202.93 
Person 0.24095658883665164 371.74 187.2 486.59 272.16 
Person 0.24095658883665164 655.72 154.16 668.3099999999998 211.59 
