Person 0.8077866366359312 808.8232612609863 157.00103998184204 865.1299653053284 301.2054979801178 
Person 0.23371085685115328 255.92 187.50000000000003 278.57 278.12 
Person 0.23371085685115328 280.84 193.16 306.89 281.52 
Person 0.23371085685115328 308.0199999999999 196.56 338.61 282.65 
Person 0.23371085685115328 339.74 192.03 363.53 282.65 
Person 0.23371085685115328 365.79 193.16 419.03 287.18 
Person 0.23371085685115328 868.73 176.17 893.65 279.25 
Person 0.23371085685115328 897.05 188.63 923.11 288.31 
Person 0.23371085685115328 919.71 185.23 957.09 280.38 
Person 0.23371085685115328 965.02 180.7 1052.24 276.99 
