Vehicle 0.8220973707694724 343.9613159894943 179.90649864077568 413.22640961408615 222.20825403928757 
Vehicle 0.7443155023840273 722.4832781553268 168.43155026435852 756.1116034984589 197.07385450601578 
Vehicle 0.741611985974466 636.9430267810822 170.76536267995834 682.8321039676666 204.63017374277115 
Vehicle 0.6603727742178072 1166.600236773491 154.5179933309555 1212.3180109262466 177.76592820882797 
Vehicle 0.24988816654309826 1108.08 157.21 1148.73 181.92 
Vehicle 0.24988816654309826 892.04 152.42 918.35 173.95 
Vehicle 0.24988816654309826 691.16 169.17 719.8500000000001 193.08 
Vehicle 0.24988816654309826 1045.1 156.41 1084.96 179.53 
Vehicle 0.24988816654309826 841.82 156.41 876.9 179.53 
Vehicle 0.24988816654309826 483.09 177.14 526.94 209.02 
Vehicle 0.24988816654309826 534.11 173.95 558.03 197.86 
