Vehicle 0.8614972236116933 878.4989597797394 189.10948187112808 1241.0022375583649 371.74542993307114 
Vehicle 0.8553914694768774 2.7280892436392605 238.36174607276917 327.5905868411064 372.1313774585724 
Vehicle 0.842357212843515 220.61545112729073 202.75519788265228 463.48293685913086 356.4058318734169 
Vehicle 0.8353561033328522 570.1119316220284 181.10042810440063 628.6862797737122 227.39177942276 
Vehicle 0.8203821460442771 662.5162600278854 181.89730122685432 727.7305254936218 233.47145318984985 
Vehicle 0.7501461501276389 524.0109465122223 179.0611334145069 568.4272543787956 215.22311121225357 
Vehicle 0.65961287577354 55.61163941770792 190.6048133969307 194.81010004878044 241.4930909872055 
Vehicle 0.48049491544515605 643.3016357421875 128.564208984375 719.9445190429688 211.9879150390625 
Person 0.23755778393267082 742.18 164.38 764.5 216.20000000000002 
Vehicle 0.23755778393267082 367.5 164.38 478.31 222.58 
Vehicle 0.23755778393267082 283.8 173.95 326.84999999999997 201.85 
