Vehicle 0.8457490655934833 174.40984457731247 196.61365449428558 367.8903658390045 302.144855260849 
Vehicle 0.8350929597297202 810.8238233327866 158.19082036614418 941.4892469644547 203.79884541034698 
Vehicle 0.7978510446583558 347.6737577319145 197.48445600271225 424.5908927321434 258.6177662014961 
Vehicle 0.775870771202485 450.88439083099365 189.85862284898758 491.5870724916458 229.11789268255234 
Vehicle 0.7474726139832233 413.6653273701668 193.1261122226715 461.9878107905388 241.0791590809822 
Vehicle 0.7097146152117512 1082.976151227951 140.90688899159431 1145.95126247406 178.6484532058239 
Vehicle 0.69369059727097 485.6581664085388 186.25953420996666 521.0531190633774 218.69780123233795 
Vehicle 0.2421943415604687 604.2 168.38 633.73 198.71 
Vehicle 0.2421943415604687 749.47 153.22 803.75 197.92 
Vehicle 0.2421943415604687 521.19 179.56 556.31 210.69 
