Vehicle 0.8357332867349777 371.65329533815384 191.9121891260147 449.15237206220627 243.2132363319397 
Vehicle 0.7819340958060077 433.0656920671463 187.0736964046955 480.78813368082047 229.29900884628296 
Vehicle 0.6698618788971187 471.44105100631714 176.44476145505905 509.6508811712265 215.97126871347427 
Vehicle 0.24481584191181055 7.18 199.46 41.46 241.71 
Vehicle 0.24481584191181055 39.86 205.04 126.76 235.33 
Vehicle 0.24481584191181055 1140.76 113.36000000000001 1228.45 172.35 
Vehicle 0.24481584191181055 1058.65 130.1 1163.88 175.54 
Vehicle 0.24481584191181055 654.49 178.73 724.64 218.59 
Vehicle 0.24481584191181055 536.5 173.95 571.58 198.66 
Vehicle 0.24481584191181055 510.99 175.54 538.1 204.24 
