Vehicle 0.8911845774755227 750.5062780380249 180.86346611380577 1013.3091173171997 339.303620159626 
Vehicle 0.8124373417519438 582.6351161599159 174.23169314861298 639.9739948511124 217.48928725719452 
Person 0.805934344953683 279.18254444003105 176.78118869662285 340.01031589508057 306.9005459547043 
Person 0.7459727424970232 370.73030215501785 177.99123376607895 412.06704193353653 278.18524092435837 
Vehicle 0.618696150144037 414.7816472053528 178.66558581590652 451.96917432546616 212.4154195189476 
Don't Care 0.5249493740109333 275.822021484375 233.87692260742188 337.1233215332031 327.76336669921875 
Don't Care 0.38726220921510884 371.3784790039063 217.22047424316406 412.5612487792969 293.4806213378906 
Vehicle 0.24489522200385758 153.27 205.22000000000003 319.94 306.47 
Vehicle 0.24489522200385758 294.24 184.19 397.83000000000004 261.3 
Vehicle 0.24489522200385758 560.53 175.27 591.57 204.48 
Vehicle 0.24489522200385758 543.37 173.89 567.89 195.8 
Vehicle 0.24489522200385758 529.22 174.94 544.31 186.56 
Vehicle 0.24489522200385758 647.93 170.47 764.37 252.48 
