Vehicle 0.8572377510932789 783.7029404640198 182.75561928749084 1081.080047249794 348.4475836157799 
Vehicle 0.8327999627717025 311.94604486227036 195.01523673534393 420.75404530763626 260.3965625166893 
Vehicle 0.8190378429599134 718.8765127658844 179.1909858584404 821.0251632928848 259.4456523656845 
Vehicle 0.6368476015641228 481.60522842407227 184.06660482287407 516.533132314682 209.91206914186478 
Vehicle 0.23938696399449172 309.82 192.42999999999998 348.21 215.34 
Vehicle 0.23938696399449172 500.53 185.0 528.39 205.43 
Vehicle 0.23938696399449172 515.57 177.78 539.63 200.38 
Vehicle 0.23938696399449172 579.31 176.58 615.19 192.33999999999997 
Vehicle 0.23938696399449172 638.39 175.27 672.81 198.69999999999996 
Vehicle 0.23938696399449172 622.84 174.44 636.11 186.06 
