Vehicle 0.8492561798953701 40.62159217894077 209.81917530298233 295.91342452168465 335.46464145183563 
Vehicle 0.8382654111723365 388.6577124595642 194.4647803902626 497.3086234331131 272.5708857178688 
Vehicle 0.8313785604788861 268.05778563022614 199.76160675287247 380.55202156305313 281.2908813357353 
Vehicle 0.7950044624565425 1121.2561608552933 157.4975810945034 1241.457367658615 260.0848004221916 
Person 0.7008050331225814 827.7220458984375 180.6933805346489 911.9639031887054 285.4568436741829 
Vehicle 0.6319326193484046 460.6576212644577 172.87194728851318 533.5778952240944 239.4709289073944 
Don't Care 0.529604472706241 819.8068237304688 223.88302612304688 938.9158325195312 286.57305908203125 
Vehicle 0.23834870206262063 511.40000000000003 184.02 543.21 226.21 
Vehicle 0.23834870206262063 547.75 184.02 566.57 200.90000000000003 
Vehicle 0.23834870206262063 637.97 180.13 713.91 211.93 
Vehicle 0.23834870206262063 615.25 180.13 672.37 204.79 
Vehicle 0.23834870206262063 371.31 192.82 442.07 242.85 
