Vehicle 0.855279654186684 841.3592183589935 171.79254814982414 1067.5875273942947 307.77016282081604 
Vehicle 0.8462044139918733 164.96944838762283 190.18779695034027 304.33851340413094 250.38977712392807 
Vehicle 0.8194363969067665 354.8510883450508 184.59907919168472 446.43776679039 242.2679364681244 
Vehicle 0.8039742023649872 592.3890250325203 179.61514368653297 659.3820955753326 242.747962474823 
Vehicle 0.6161888959991356 678.6670120954514 180.72818219661713 742.4662878513336 221.49688750505447 
Vehicle 0.23901405585048008 722.25 180.85 821.32 233.48000000000002 
Vehicle 0.23901405585048008 0.0 185.71 110.17 250.72 
Vehicle 0.23901405585048008 287.67 180.55 364.55 231.63 
Vehicle 0.23901405585048008 485.52 180.17 530.97 211.27 
Vehicle 0.23901405585048008 556.71 179.79 586.16 198.66 
