Vehicle 0.9101949028554237 0.9292615716112778 204.25622910261154 190.6169882118702 324.6936500072479 
Vehicle 0.7651097660556058 223.090091496706 160.7159972190857 532.5593676567078 322.82792776823044 
Vehicle 0.673796788484822 1170.7044028043747 155.6357927620411 1202.9506072998047 176.21390148997307 
Vehicle 0.6594516605162836 1137.7637325525284 157.6550155878067 1172.891514658928 177.7954213321209 
Vehicle 0.6554838475685092 684.8696773052216 165.54924845695496 738.4089821577072 208.21387320756912 
Vehicle 0.25318571787546673 973.45 164.24 1003.17 179.1 
Vehicle 0.25318571787546673 860.52 159.78 882.81 172.42 
Vehicle 0.25318571787546673 843.43 161.27 863.49 174.57 
Vehicle 0.25318571787546673 888.75 158.3 919.21 173.9 
Vehicle 0.25318571787546673 1104.22 159.04 1133.94 176.87 
Vehicle 0.25318571787546673 1046.27 159.78 1073.76 179.1 
Vehicle 0.25318571787546673 1206.8 159.04 1240.9 173.9 
Vehicle 0.25318571787546673 526.84 180.32 553.72 198.24 
