Vehicle 0.8537575880801975 586.3904947042465 201.24558359384537 663.2178325653076 261.4419758319855 
Vehicle 0.8433309130785256 97.9395391792059 195.9037408232689 236.88289135694504 263.85920494794846 
Person 0.8313468245494703 1055.7622139453888 194.29714232683182 1145.040854215622 322.34209030866623 
Person 0.7341749673444371 391.96466052532196 184.62155386805534 421.93395602703094 301.6117438673973 
Vehicle 0.6084418823337353 425.26418620347977 195.72394341230392 500.04258728027344 250.64896792173386 
Vehicle 0.5875210414525146 676.0300261974335 193.7672719359398 708.8391469717026 231.32041096687317 
Don't Care 0.5641317952061563 1030.67919921875 235.70555114746094 1158.266845703125 322.8774108886719 
Vehicle 0.24365287090305815 477.01 195.22 529.48 237.95 
Vehicle 0.24365287090305815 505.68 194.13000000000002 551.11 227.67 
Vehicle 0.24365287090305815 528.4 193.05 568.96 215.23 
Vehicle 0.24365287090305815 704.2 178.99 802.62 266.07 
Vehicle 0.24365287090305815 261.96 188.04 345.79999999999995 235.81999999999996 
