Person 0.7952676751465594 1052.1280578374863 204.87434417009354 1121.9438899755478 307.06704407930374 
Person 0.776033965530648 849.9047523736954 163.7580692768097 901.3830907344818 272.87663519382477 
Person 0.745276494053842 943.7638610601425 167.92994365096092 970.068056344986 256.19834661483765 
Person 0.74426471055515 915.4257938861847 166.51836410164833 944.1453323364258 247.5001886487007 
Person 0.7340802243404018 301.8904864490032 166.41080752015114 324.2918559908867 240.71138352155685 
Vehicle 0.24516439496929857 558.29 154.73 613.9 200.56 
Person 0.24516439496929857 1135.64 156.76 1193.52 300.63 
Person 0.24516439496929857 539.63 169.67 561.73 207.53 
Person 0.24516439496929857 523.51 169.13 544.88 209.52 
Person 0.24516439496929857 583.1 169.8 602.6 201.66 
Person 0.24516439496929857 272.07 189.74 301.37 229.18000000000004 
Person 0.24516439496929857 751.08 160.0 774.34 243.3 
Person 0.24516439496929857 1190.27 185.97 1227.05 286.03 
Person 0.24516439496929857 785.15 182.18 827.3 230.85999999999999 
