Vehicle 0.8406145939979932 0.5377926252549514 213.0611166357994 397.61862301826477 371.5622127056122 
Vehicle 0.8291240009728978 567.7074707150459 181.6510297358036 625.8776206970215 227.85935550928116 
Vehicle 0.8193861811805658 655.0069835186005 181.8273514509201 714.8115820884705 227.82965004444122 
Vehicle 0.8026632499166286 821.729104757309 184.51077863574028 1241.624302983284 372.05424159765244 
Vehicle 0.7769839712262334 524.3558474779129 181.12728372216225 568.6443073153496 213.39603513479233 
Vehicle 0.7297851781412267 303.01981687545776 198.08641076087952 476.3521698117256 326.38560980558395 
Person 0.23561976062836693 737.17 169.56 751.7799999999999 212.86 
Vehicle 0.23561976062836693 299.98 179.69 346.5 204.57 
Vehicle 0.23561976062836693 462.25 175.91 525.53 202.41 
Vehicle 0.23561976062836693 381.12000000000006 176.45 473.61 224.59 
Vehicle 0.23561976062836693 638.79 131.63 707.98 210.25 
Vehicle 0.23561976062836693 618.32 176.37 647.12 199.02000000000004 
Vehicle 0.23561976062836693 82.55 186.18 198.84 239.19 
