Vehicle 0.8598007370597743 730.1361708641052 198.95976036787033 979.4473046064377 359.76333171129227 
Vehicle 0.8406093893450484 0.5690472004353069 200.39577037096024 413.79321241378784 371.2543398141861 
Vehicle 0.8186627335397761 331.53947710990906 192.5795003771782 488.2475886940956 321.5596228837967 
Vehicle 0.8108291616801994 688.1664093732834 185.70411577820778 794.8485939502716 267.21225678920746 
Vehicle 0.7852061025678727 442.98183542490005 189.5231455564499 522.0017632842064 266.466423869133 
Vehicle 0.7525735065115784 657.036487698555 186.75294890999794 716.2353072166443 241.29172414541245 
Vehicle 0.6800504563789914 516.2663689255714 184.0202808380127 561.8117296099663 220.61171382665634 
Vehicle 0.5999154467999356 978.5704345703125 252.4481201171875 1239.992431640625 372.7247009277344 
Vehicle 0.2361904061056467 541.96 174.26 579.41 209.03 
Vehicle 0.2361904061056467 566.92 176.04 600.81 206.4 
Vehicle 0.2361904061056467 607.05 181.39 635.5800000000002 200.12 
