Vehicle 0.806568169002863 640.4244611263275 175.77872425317764 726.6059514284134 239.54817652702332 
Vehicle 0.7805651472178969 0.8546522995457053 197.4254697561264 148.92143002152443 361.50701344013214 
Vehicle 0.4737718486577303 305.2399826645851 176.269993185997 455.92498630285263 230.70500046014786 
Vehicle 0.4737718486577303 399.82498240470886 173.88999089598656 483.1350000500679 209.13999527692795 
Person 0.23688591491586466 431.69999999999993 179.46 444.5 233.21000000000004 
Person 0.23688591491586466 419.71 182.74 434.64 235.9 
Person 0.23688591491586466 395.52 185.4 407.17 238.88 
Person 0.23688591491586466 406.57 184.83 417.92 237.97999999999996 
Vehicle 0.23688591491586466 581.46 176.56 606.25 194.47999999999996 
Vehicle 0.23688591491586466 569.28 175.09 592.09 191.26 
Vehicle 0.23688591491586466 562.89 172.33 577.58 185.72 
