Vehicle 0.8522430926011547 728.094007730484 175.70165544748306 960.9632334709167 328.549861907959 
Vehicle 0.8137638728325881 97.41059294342995 177.53593996167183 330.3052661418915 317.7305907011032 
Vehicle 0.8064196360413352 368.25014662742615 184.94940921664238 428.3167337179184 239.95797336101532 
Vehicle 0.8024752267719183 318.1280930042267 193.42200458049774 395.8308974504471 268.1622728705406 
Vehicle 0.7997384124894624 666.6535910367966 180.82507699728012 768.8396261930466 266.1302089691162 
Person 0.7908286301205995 1090.8600883483887 156.91880509257317 1165.9833533763885 306.860513985157 
Person 0.6801206527462993 575.5659048557281 174.19137060642242 610.0939042568207 262.0263174176216 
Vehicle 0.6101626199102591 0.7703221440315245 220.29460144042966 127.64373016357422 372.1546325683594 
Vehicle 0.23591763155757645 645.04 178.48 689.6899999999999 241.44999999999996 
Vehicle 0.23591763155757645 560.3 163.6 586.64 203.67 
Vehicle 0.23591763155757645 408.83 150.93 509.87 205.04 
Person 0.23591763155757645 512.6 174.4 523.9 206.72000000000003 
