Vehicle 0.8647998300150246 0.36061072719166987 216.4449291229248 291.50758703053 373.3640670776367 
Vehicle 0.8372887601871638 376.60566052794456 183.61035680770874 487.7686332464218 265.8344941139221 
Vehicle 0.8360473564866651 697.0177567005157 190.89547872543335 796.6937679648399 259.13522720336914 
Vehicle 0.8182642661407051 162.51489083468914 189.34407567977905 311.88886523246765 261.3797011375427 
Vehicle 0.7556886642420706 339.6263782083988 185.629798412323 393.76677492260933 228.49936485290527 
Vehicle 0.7476455646830247 644.553653717041 182.64997458457947 687.7466585040092 214.22369575500488 
Vehicle 0.6988595689818224 465.92363077402115 184.1384129524231 520.1088159382343 233.4429268836975 
Vehicle 0.23707795135419457 588.16 179.86 611.61 203.31 
Vehicle 0.23707795135419457 578.17 181.78 590.85 197.92 
Vehicle 0.23707795135419457 503.21 181.01 532.43 216.38 
Vehicle 0.23707795135419457 527.04 184.86 550.88 205.22999999999996 
