Vehicle 0.859007492173743 939.5211868286133 206.09331876039505 1240.434953570366 372.30929732322693 
Vehicle 0.8555738607402934 0.8687832296127453 169.5055067539215 147.71359187364578 358.88417065143585 
Vehicle 0.8073522686039921 726.6954524517059 175.29256269335747 813.9997401237488 215.97039699554443 
Vehicle 0.7135273518988259 143.15164920687675 185.8006976544857 347.95769584178925 298.40806871652603 
Vehicle 0.6286224295644315 630.9995369911194 176.4342449605465 661.7853720188141 202.26091146469116 
Vehicle 0.23698906888985768 496.93999999999994 167.77 532.39 201.01 
Vehicle 0.23698906888985768 478.1 172.2 506.90999999999997 207.64999999999998 
Vehicle 0.23698906888985768 612.67 170.22 637.56 199.89 
Vehicle 0.23698906888985768 349.9 163.9 482.86 228.38 
Vehicle 0.23698906888985768 314.01000000000005 176.53 415.05 249.66 
Vehicle 0.23698906888985768 401.76 183.84 442.97 231.04000000000002 
