Person 0.8569048186731434 30.5882563367486 171.22342810034752 190.75031438469887 372.0805495977402 
Person 0.8259199500702523 1099.4925323724747 138.1765902042389 1192.408586025238 373.24196845293045 
Person 0.8047910486858153 354.38792610168457 179.14319783449173 400.8958854675293 302.30120569467545 
Person 0.6680857814261318 445.5862115621567 176.8261045217514 463.2698074579239 230.59335350990295 
Don't Care 0.5810478623924202 129.26783752441406 221.05015563964844 192.01747131347656 372.9632873535156 
Person 0.4137511106913407 1200.9669189453125 151.30184936523438 1242.0 371.3554382324219 
Person 0.2425241950713491 516.82 176.3 523.39 205.48000000000002 
Person 0.2425241950713491 525.78 174.3 533.6 204.8 
Person 0.2425241950713491 612.95 173.4 625.6 223.8 
Person 0.2425241950713491 426.11 173.2 442.7 233.52 
