Person 0.8180365380623124 867.1489869356155 168.32939887046814 908.9841704368591 284.6777025461197 
Person 0.8108824943284942 741.19331407547 181.94007498025894 787.3198608160019 313.19527566432953 
Person 0.8031095420938206 374.95465314388275 172.83898675441742 412.6866024136543 284.94231021404266 
Vehicle 0.7980167859735309 551.974862575531 181.0545755624771 598.1944960951805 217.28264224529266 
Person 0.783139563793506 296.23354747891426 175.00989538431168 334.31875056028366 257.7715165615082 
Person 0.7770115944694781 915.2667716741562 174.0811492204666 954.5245250463486 287.98026037216187 
Person 0.7599028746386428 688.8377380371094 184.04440814256668 720.8460863828659 275.0144177675247 
Person 0.6966453668759853 643.8590770959854 170.57880926132202 664.4817649126053 245.81782615184784 
Person 0.6921498962172992 717.9265632629395 183.07874619960785 745.3630704879761 283.1434907913208 
Don't Care 0.48624296278745965 0.593638002872467 232.31616210937503 51.3940315246582 321.4106750488281 
Don't Care 0.4619669199594327 50.7915153503418 219.8922882080078 166.33160400390625 288.94293212890625 
Don't Care 0.43323301592755736 291.23956298828125 244.75564575195312 357.68878173828125 288.071044921875 
