Vehicle 0.8747238288895871 71.76113299280405 188.7948364019394 302.79227033257484 328.3888176083565 
Vehicle 0.864417637160944 0.5365741474670358 191.8405517935753 108.5524061769247 372.2793236374855 
Vehicle 0.854358390147722 286.7622595131397 174.83341321349144 411.8875957131386 242.5404042005539 
Vehicle 0.8322941782230898 586.9903514385223 172.6611703634262 652.8553315401077 225.03382712602615 
Vehicle 0.8152564445261983 431.98597955703735 187.09726631641388 536.0188894271851 262.11901009082794 
Person 0.792874962676528 883.8648015260696 182.03334510326385 946.321487903595 338.8439565896988 
Vehicle 0.6277400394270384 913.0879590511322 55.10433577001095 1161.3523972034454 371.6089725494385 
Vehicle 0.5036916926559247 0.8753483295440674 143.6195526123047 138.44322204589844 226.5576171875 
Vehicle 0.40912736355241913 712.6386108398438 182.4622039794922 770.6118164062501 259.260498046875 
Vehicle 0.3907461089845942 682.9513549804688 172.50961303710938 749.6259155273438 231.87069702148435 
Vehicle 0.24354933687863795 750.13 177.68 947.3299999999999 305.96 
